/*--------------------------------*- C++ -*----------------------------------*\
| =========                 |                                                 |
| \\      /  F ield         | OpenFOAM: The Open Source CFD Toolbox           |
|  \\    /   O peration     | Version:  2406                                  |
|   \\  /    A nd           | Website:  www.openfoam.com                      |
|    \\/     M anipulation  |                                                 |
\*---------------------------------------------------------------------------*/
FoamFile
{
    version     2.0;
    format      ascii;
    arch        "LSB;label=32;scalar=64";
    class       volScalarField;
    location    "0.031";
    object      mag(U);
}
// * * * * * * * * * * * * * * * * * * * * * * * * * * * * * * * * * * * * * //

dimensions      [0 1 -1 0 0 0 0];

internalField   nonuniform List<scalar> 
1000
(
13.5534
14.0305
14.5547
14.9849
15.3771
15.773
16.1775
16.5848
16.9915
17.3975
17.8032
18.209
18.6149
19.0209
19.427
19.8332
20.2394
20.6458
21.0522
21.4586
21.865
22.2714
22.6778
23.0842
23.4907
23.8972
24.3038
24.7104
25.1171
25.5237
25.9304
26.3371
26.7439
27.1507
27.5575
27.9644
28.3713
28.7783
29.1853
29.5923
29.9994
30.4065
30.8137
31.2209
31.6281
32.0354
32.4427
32.85
33.2574
33.6648
34.0723
34.4798
34.8873
35.2949
35.7025
36.1102
36.5178
36.9256
37.3333
37.7411
38.1489
38.5568
38.9647
39.3726
39.7806
40.1886
40.5966
41.0047
41.4128
41.821
42.2291
42.6374
43.0456
43.4539
43.8622
44.2706
44.679
45.0874
45.4958
45.9043
46.3128
46.7214
47.13
47.5386
47.9473
48.3559
48.7647
49.1734
49.5822
49.991
50.3999
50.8087
51.2177
51.6266
52.0356
52.4446
52.8536
53.2627
53.6718
54.0809
54.4901
54.8992
55.3085
55.7177
56.127
56.5363
56.9456
57.355
57.7644
58.1738
58.5833
58.9927
59.4022
59.8118
60.2213
60.6309
61.0405
61.4502
61.8599
62.2696
62.6793
63.089
63.4988
63.9086
64.3184
64.7283
65.1382
65.5481
65.958
66.3679
66.7779
67.1879
67.5979
68.008
68.4181
68.8281
69.2383
69.6484
70.0586
70.4687
70.8789
71.2891
71.6994
72.1096
72.5199
72.9302
73.3406
73.7509
74.1612
74.5716
74.982
75.3924
75.8029
76.2133
76.6238
77.0342
77.4447
77.8553
78.2658
78.6763
79.0869
79.4975
79.908
80.3186
80.7293
81.1399
81.5505
81.9612
82.3718
82.7825
83.1932
83.6039
84.0146
84.4254
84.8361
85.2468
85.6576
86.0684
86.4791
86.8899
87.3007
87.7115
88.1223
88.5331
88.9439
89.3547
89.7655
90.1764
90.5872
90.998
91.4089
91.8197
92.2305
92.6414
93.0522
93.4631
93.8739
94.2847
94.6956
95.1064
95.5172
95.928
96.3388
96.7496
97.1604
97.5712
97.982
98.3928
98.8036
99.2143
99.6251
100.036
100.447
100.857
101.268
101.679
102.089
102.5
102.911
103.321
103.732
104.142
104.553
104.963
105.374
105.784
106.195
106.605
107.016
107.426
107.836
108.246
108.657
109.067
109.477
109.887
110.297
110.708
111.118
111.528
111.938
112.347
112.757
113.167
113.577
113.987
114.396
114.806
115.215
115.625
116.034
116.444
116.853
117.262
117.671
118.081
118.49
118.899
119.308
119.716
120.125
120.534
120.942
121.351
121.759
122.168
122.576
122.984
123.392
123.8
124.208
124.615
125.023
125.431
125.838
126.245
126.652
127.059
127.466
127.873
128.28
128.686
129.093
129.499
129.905
130.311
130.717
131.122
131.528
131.933
132.338
132.743
133.148
133.552
133.957
134.361
134.765
135.169
135.572
135.975
136.378
136.781
137.184
137.586
137.989
138.39
138.792
139.193
139.595
139.995
140.396
140.796
141.196
141.596
141.995
142.394
142.793
143.191
143.589
143.987
144.384
144.781
145.177
145.573
145.969
146.364
146.759
147.153
147.547
147.94
148.333
148.726
149.118
149.509
149.9
150.29
150.68
151.069
151.458
151.846
152.233
152.619
153.005
153.391
153.775
154.159
154.542
154.925
155.306
155.687
156.067
156.447
156.825
157.202
157.579
157.955
158.331
158.706
159.08
159.452
159.823
160.193
160.562
160.929
161.296
161.661
162.025
162.388
162.749
163.109
163.468
163.826
164.182
164.537
164.89
165.242
165.592
165.941
166.288
166.634
166.978
167.32
167.661
168
168.337
168.672
169.005
169.337
169.666
169.994
170.319
170.643
170.964
171.283
171.6
171.915
172.228
172.539
172.847
173.153
173.457
173.758
174.057
174.354
174.648
174.94
175.23
175.517
175.801
176.083
176.363
176.64
176.915
177.187
177.456
177.724
177.988
178.251
178.511
178.768
179.023
179.276
179.526
179.774
180.02
180.263
180.504
180.743
180.98
181.215
181.448
181.679
181.907
182.134
182.359
182.583
182.804
183.024
183.242
183.459
183.674
183.887
184.1
184.311
184.52
184.729
184.936
185.142
185.348
185.552
185.755
185.958
186.159
186.36
186.56
186.76
186.958
187.157
187.354
187.551
187.748
187.944
188.14
188.336
188.531
188.726
188.92
189.115
189.309
189.503
189.697
189.89
190.084
190.277
190.47
190.663
190.856
191.049
191.242
191.435
191.628
191.821
192.014
192.206
192.399
192.592
192.785
192.978
193.17
193.363
193.556
193.749
193.942
194.135
194.328
194.521
194.714
194.907
195.1
195.293
195.486
195.68
195.873
196.066
196.26
196.453
196.646
196.84
197.034
197.227
197.421
197.614
197.808
198.002
198.196
198.39
198.584
198.778
198.972
199.166
199.36
199.554
199.748
199.943
200.137
200.331
200.526
200.72
200.915
201.109
201.304
201.499
201.693
201.888
202.083
202.278
202.473
202.668
202.863
203.058
203.253
203.448
203.643
203.838
204.034
204.229
204.424
204.62
204.815
205.011
205.206
205.402
205.598
205.793
205.989
206.185
206.381
206.577
206.772
206.968
207.164
207.361
207.557
207.753
207.949
208.145
208.342
208.538
208.734
208.931
209.127
209.324
209.52
209.717
209.914
210.11
210.307
210.504
210.701
210.898
211.095
211.292
211.489
211.686
211.883
212.08
212.277
212.474
212.672
212.869
213.066
213.264
213.461
213.659
213.856
214.054
214.252
214.449
214.647
214.845
215.043
215.24
215.438
215.636
215.834
216.032
216.23
216.429
216.627
216.825
217.023
217.221
217.42
217.618
217.817
218.015
218.213
218.412
218.611
218.809
219.008
219.207
219.405
219.604
219.803
220.002
220.201
220.4
220.599
220.798
220.997
221.196
221.395
221.594
221.793
221.993
222.192
222.391
222.591
222.79
222.989
223.189
223.388
223.588
223.788
223.987
224.187
224.387
224.586
224.786
224.986
225.186
225.386
225.586
225.786
225.986
226.186
226.386
226.586
226.786
226.986
227.187
227.387
227.587
227.787
227.988
228.188
228.389
228.589
228.79
228.99
229.191
229.391
229.592
229.793
229.993
230.194
230.395
230.596
230.797
230.998
231.198
231.399
231.6
231.801
232.002
232.203
232.405
232.606
232.807
233.008
233.209
233.411
233.612
233.813
234.014
234.216
234.417
234.619
234.82
235.022
235.223
235.425
235.626
235.828
236.029
236.231
236.433
236.635
236.836
237.038
237.24
237.442
237.643
237.845
238.047
238.249
238.451
238.653
238.855
239.057
239.259
239.461
239.663
239.865
240.067
240.27
240.472
240.674
240.876
241.078
241.281
241.483
241.685
241.887
242.09
242.292
242.494
242.697
242.899
243.102
243.304
243.506
243.709
243.911
244.114
244.316
244.519
244.721
244.924
245.127
245.329
245.532
245.734
245.937
246.14
246.342
246.545
246.747
246.95
247.153
247.355
247.558
247.761
247.964
248.166
248.369
248.572
248.774
248.977
249.18
249.383
249.585
249.788
249.991
250.194
250.396
250.599
250.802
251.004
251.207
251.41
251.613
251.815
252.018
252.221
252.424
252.626
252.829
253.032
253.234
253.437
253.64
253.842
254.045
254.247
254.45
254.653
254.855
255.058
255.26
255.463
255.665
255.868
256.07
256.273
256.475
256.678
256.88
257.082
257.285
257.487
257.689
257.891
258.094
258.296
258.498
258.7
258.902
259.104
259.306
259.508
259.71
259.912
260.113
260.315
260.517
260.718
260.92
261.121
261.323
261.524
261.725
261.927
262.128
262.329
262.529
262.73
262.931
263.131
263.331
263.532
263.731
263.931
264.131
264.33
264.529
264.728
264.926
265.124
265.322
265.519
265.716
265.912
266.108
266.303
266.498
266.692
266.885
267.078
267.27
267.461
267.651
267.84
268.029
268.216
268.402
268.587
268.771
268.953
269.134
269.314
269.493
269.67
269.845
270.019
270.192
270.363
270.532
270.7
270.867
271.032
271.195
271.357
271.517
271.676
271.834
271.99
272.145
272.299
272.452
272.604
272.756
272.906
273.056
273.205
273.354
273.502
273.651
273.799
273.947
274.096
274.245
274.394
274.543
274.694
274.844
274.996
275.148
275.301
275.456
275.611
275.766
275.923
276.081
276.24
276.4
276.561
276.722
276.885
277.048
277.213
277.378
277.543
277.71
277.877
278.045
278.213
278.381
278.55
278.719
278.889
279.058
279.228
279.398
279.567
279.737
279.907
280.076
280.245
280.414
280.582
280.75
280.918
281.085
281.252
281.418
281.583
281.748
281.912
282.076
282.238
282.4
282.561
282.721
282.88
283.039
283.196
283.352
283.507
283.661
283.814
283.966
284.116
284.265
284.413
284.56
284.705
284.849
284.991
285.132
285.271
285.409
285.545
285.68
285.813
285.945
286.074
286.203
286.329
286.454
286.577
286.698
286.818
286.936
287.052
287.166
287.278
287.388
287.495
287.6
287.702
287.801
287.895
287.983
288.065
288.139
288.203
288.254
288.373
)
;

boundaryField
{
    sides
    {
        type            calculated;
        value           nonuniform List<scalar> 2(288.373 13.5534);
    }
    empty
    {
        type            empty;
    }
}


// ************************************************************************* //
