/*--------------------------------*- C++ -*----------------------------------*\
| =========                 |                                                 |
| \\      /  F ield         | OpenFOAM: The Open Source CFD Toolbox           |
|  \\    /   O peration     | Version:  2406                                  |
|   \\  /    A nd           | Website:  www.openfoam.com                      |
|    \\/     M anipulation  |                                                 |
\*---------------------------------------------------------------------------*/
FoamFile
{
    version     2.0;
    format      ascii;
    arch        "LSB;label=32;scalar=64";
    class       volScalarField;
    location    "0.031";
    object      p;
}
// * * * * * * * * * * * * * * * * * * * * * * * * * * * * * * * * * * * * * //

dimensions      [1 -1 -2 0 0 0 0];

internalField   nonuniform List<scalar> 
1000
(
18855.6
18852.6
18848.7
18845.3
18842.2
18839.1
18836
18832.8
18829.7
18826.5
18823.4
18820.3
18817.1
18814
18810.8
18807.7
18804.6
18801.4
18798.3
18795.1
18792
18788.9
18785.7
18782.6
18779.4
18776.3
18773.2
18770
18766.9
18763.7
18760.6
18757.5
18754.3
18751.2
18748
18744.9
18741.8
18738.6
18735.5
18732.3
18729.2
18726
18722.9
18719.8
18716.6
18713.5
18710.3
18707.2
18704
18700.9
18697.7
18694.6
18691.4
18688.3
18685.1
18682
18678.8
18675.7
18672.5
18669.4
18666.2
18663.1
18659.9
18656.8
18653.6
18650.5
18647.3
18644.2
18641
18637.8
18634.7
18631.5
18628.4
18625.2
18622.1
18618.9
18615.7
18612.6
18609.4
18606.3
18603.1
18600
18596.8
18593.6
18590.5
18587.3
18584.1
18581
18577.8
18574.7
18571.5
18568.3
18565.2
18562
18558.8
18555.7
18552.5
18549.3
18546.2
18543
18539.8
18536.7
18533.5
18530.3
18527.2
18524
18520.8
18517.6
18514.5
18511.3
18508.1
18505
18501.8
18498.6
18495.4
18492.3
18489.1
18485.9
18482.8
18479.6
18476.4
18473.2
18470.1
18466.9
18463.7
18460.5
18457.4
18454.2
18451
18447.8
18444.7
18441.5
18438.3
18435.1
18432
18428.8
18425.6
18422.4
18419.2
18416.1
18412.9
18409.7
18406.5
18403.4
18400.2
18397
18393.8
18390.7
18387.5
18384.3
18381.1
18378
18374.8
18371.6
18368.4
18365.3
18362.1
18358.9
18355.7
18352.6
18349.4
18346.2
18343
18339.9
18336.7
18333.5
18330.3
18327.2
18324
18320.8
18317.7
18314.5
18311.3
18308.2
18305
18301.8
18298.7
18295.5
18292.3
18289.2
18286
18282.8
18279.7
18276.5
18273.4
18270.2
18267.1
18263.9
18260.8
18257.6
18254.4
18251.3
18248.2
18245
18241.9
18238.7
18235.6
18232.4
18229.3
18226.2
18223
18219.9
18216.8
18213.6
18210.5
18207.4
18204.2
18201.1
18198
18194.9
18191.8
18188.6
18185.5
18182.4
18179.3
18176.2
18173.1
18170
18166.9
18163.8
18160.7
18157.6
18154.6
18151.5
18148.4
18145.3
18142.3
18139.2
18136.1
18133.1
18130
18127
18123.9
18120.9
18117.8
18114.8
18111.7
18108.7
18105.7
18102.7
18099.7
18096.7
18093.6
18090.6
18087.7
18084.7
18081.7
18078.7
18075.7
18072.8
18069.8
18066.8
18063.9
18061
18058
18055.1
18052.2
18049.3
18046.4
18043.5
18040.6
18037.7
18034.8
18031.9
18029.1
18026.2
18023.4
18020.6
18017.7
18014.9
18012.1
18009.3
18006.5
18003.8
18001
17998.3
17995.5
17992.8
17990.1
17987.4
17984.7
17982
17979.3
17976.7
17974
17971.4
17968.8
17966.2
17963.6
17961
17958.5
17955.9
17953.4
17950.9
17948.4
17946
17943.5
17941.1
17938.7
17936.3
17933.9
17931.5
17929.2
17926.9
17924.6
17922.3
17920.1
17917.9
17915.7
17913.5
17911.3
17909.2
17907.1
17905.1
17903
17901
17899
17897.1
17895.2
17893.3
17891.4
17889.6
17887.8
17886
17884.3
17882.6
17881
17879.4
17877.8
17876.3
17874.8
17873.4
17872
17870.7
17869.4
17868.1
17866.9
17865.7
17864.6
17863.6
17862.6
17861.7
17860.8
17860
17859.2
17858.5
17857.9
17857.3
17856.8
17856.4
17856
17855.7
17855.5
17855.4
17855.3
17855.3
17855.3
17855.4
17855.6
17855.9
17856.3
17856.8
17857.4
17858.1
17858.9
17859.9
17860.9
17862
17863.3
17864.6
17866.1
17867.7
17869.4
17871.2
17873.2
17875.2
17877.5
17879.8
17882.3
17884.9
17887.7
17890.6
17893.7
17896.9
17900.3
17903.8
17907.5
17911.4
17915.4
17919.6
17924
17928.6
17933.3
17938.2
17943.3
17948.7
17954.2
17959.8
17965.7
17971.8
17978.1
17984.6
17991.4
17998.3
18005.4
18012.8
18020.3
18028.1
18036.1
18044.4
18052.8
18061.5
18070.4
18079.5
18088.8
18098.4
18108.2
18118.2
18128.4
18138.9
18149.6
18160.4
18171.6
18182.9
18194.4
18206.2
18218.1
18230.3
18242.6
18255.2
18267.9
18280.8
18294
18307.3
18320.8
18334.4
18348.2
18362.2
18376.4
18390.7
18405.1
18419.7
18434.5
18449.4
18464.4
18479.5
18494.8
18510.1
18525.6
18541.2
18556.9
18572.7
18588.6
18604.5
18620.6
18636.7
18653
18669.3
18685.6
18702
18718.5
18735.1
18751.7
18768.3
18785.1
18801.8
18818.6
18835.5
18852.4
18869.3
18886.3
18903.3
18920.3
18937.4
18954.5
18971.7
18988.9
19006.1
19023.3
19040.6
19057.8
19075.1
19092.5
19109.8
19127.2
19144.6
19162
19179.5
19197
19214.5
19232
19249.5
19267
19284.6
19302.2
19319.8
19337.5
19355.1
19372.8
19390.5
19408.2
19425.9
19443.7
19461.4
19479.2
19497
19514.8
19532.7
19550.5
19568.4
19586.3
19604.2
19622.2
19640.1
19658.1
19676.1
19694.1
19712.1
19730.2
19748.3
19766.3
19784.4
19802.6
19820.7
19838.9
19857.1
19875.3
19893.5
19911.7
19930
19948.2
19966.5
19984.9
20003.2
20021.5
20039.9
20058.3
20076.7
20095.1
20113.6
20132
20150.5
20169
20187.6
20206.1
20224.7
20243.2
20261.8
20280.5
20299.1
20317.8
20336.4
20355.1
20373.8
20392.6
20411.3
20430.1
20448.9
20467.7
20486.5
20505.4
20524.3
20543.2
20562.1
20581
20599.9
20618.9
20637.9
20656.9
20675.9
20695
20714
20733.1
20752.2
20771.3
20790.5
20809.6
20828.8
20848
20867.2
20886.5
20905.7
20925
20944.3
20963.6
20983
21002.3
21021.7
21041.1
21060.5
21079.9
21099.4
21118.9
21138.4
21157.9
21177.4
21197
21216.5
21236.1
21255.7
21275.4
21295
21314.7
21334.4
21354.1
21373.8
21393.6
21413.3
21433.1
21452.9
21472.8
21492.6
21512.5
21532.4
21552.3
21572.2
21592.2
21612.1
21632.1
21652.1
21672.2
21692.2
21712.3
21732.4
21752.5
21772.6
21792.7
21812.9
21833.1
21853.3
21873.5
21893.8
21914.1
21934.4
21954.7
21975
21995.3
22015.7
22036.1
22056.5
22076.9
22097.4
22117.9
22138.4
22158.9
22179.4
22200
22220.5
22241.1
22261.7
22282.4
22303
22323.7
22344.4
22365.1
22385.8
22406.6
22427.4
22448.1
22469
22489.8
22510.7
22531.5
22552.4
22573.3
22594.3
22615.2
22636.2
22657.2
22678.2
22699.3
22720.3
22741.4
22762.5
22783.6
22804.8
22825.9
22847.1
22868.3
22889.5
22910.8
22932
22953.3
22974.6
22995.9
23017.3
23038.6
23060
23081.4
23102.8
23124.3
23145.7
23167.2
23188.7
23210.3
23231.8
23253.4
23274.9
23296.6
23318.2
23339.8
23361.5
23383.2
23404.9
23426.6
23448.4
23470.1
23491.9
23513.7
23535.6
23557.4
23579.3
23601.2
23623.1
23645
23667
23688.9
23710.9
23732.9
23755
23777
23799.1
23821.2
23843.3
23865.4
23887.6
23909.7
23931.9
23954.1
23976.4
23998.6
24020.9
24043.2
24065.5
24087.8
24110.2
24132.5
24154.9
24177.3
24199.8
24222.2
24244.7
24267.2
24289.7
24312.2
24334.7
24357.3
24379.9
24402.5
24425.1
24447.8
24470.4
24493.1
24515.8
24538.5
24561.3
24584
24606.8
24629.6
24652.4
24675.3
24698.1
24721
24743.9
24766.8
24789.7
24812.7
24835.6
24858.6
24881.6
24904.7
24927.7
24950.8
24973.9
24997
25020.1
25043.2
25066.4
25089.5
25112.7
25135.9
25159.2
25182.4
25205.7
25228.9
25252.2
25275.6
25298.9
25322.2
25345.6
25369
25392.4
25415.8
25439.3
25462.7
25486.2
25509.7
25533.2
25556.7
25580.2
25603.8
25627.4
25651
25674.6
25698.2
25721.8
25745.5
25769.2
25792.8
25816.5
25840.3
25864
25887.7
25911.5
25935.3
25959.1
25982.9
26006.7
26030.5
26054.4
26078.3
26102.1
26126
26150
26173.9
26197.8
26221.8
26245.8
26269.7
26293.7
26317.8
26341.8
26365.8
26389.9
26414
26438.1
26462.2
26486.3
26510.5
26534.7
26558.8
26583.1
26607.3
26631.6
26655.9
26680.2
26704.6
26729
26753.4
26777.8
26802.4
26826.9
26851.5
26876.2
26900.9
26925.7
26950.5
26975.4
27000.4
27025.5
27050.7
27075.9
27101.3
27126.7
27152.3
27178
27203.8
27229.7
27255.8
27282
27308.3
27334.8
27361.5
27388.3
27415.3
27442.4
27469.8
27497.3
27524.9
27552.8
27580.8
27608.9
27637.3
27665.8
27694.5
27723.3
27752.3
27781.4
27810.6
27839.9
27869.3
27898.9
27928.5
27958.1
27987.8
28017.6
28047.3
28077.1
28106.8
28136.5
28166.2
28195.8
28225.2
28254.6
28283.9
28313.1
28342.1
28370.9
28399.6
28428.2
28456.5
28484.6
28512.6
28540.3
28567.9
28595.2
28622.3
28649.2
28675.8
28702.3
28728.5
28754.5
28780.4
28806
28831.3
28856.5
28881.5
28906.3
28930.9
28955.3
28979.6
29003.6
29027.5
29051.2
29074.7
29098.1
29121.3
29144.4
29167.3
29190
29212.6
29235
29257.3
29279.5
29301.5
29323.3
29345
29366.6
29388
29409.2
29430.4
29451.3
29472.2
29492.8
29513.4
29533.7
29554
29574
29594
29613.7
29633.4
29652.8
29672.1
29691.3
29710.3
29729.2
29747.8
29766.4
29784.7
29803
29821
29838.9
29856.6
29874.1
29891.5
29908.7
29925.7
29942.5
29959.1
29975.6
29991.9
30008
30023.8
30039.5
30055
30070.3
30085.4
30100.3
30115.1
30129.7
30144.1
30158.5
30172.9
30187.4
30202.2
30217.3
30233.2
30249.6
30267.5
30286.7
)
;

boundaryField
{
    sides
    {
        type            zeroGradient;
    }
    empty
    {
        type            empty;
    }
}


// ************************************************************************* //
