/*--------------------------------*- C++ -*----------------------------------*\
| =========                 |                                                 |
| \\      /  F ield         | OpenFOAM: The Open Source CFD Toolbox           |
|  \\    /   O peration     | Version:  2406                                  |
|   \\  /    A nd           | Website:  www.openfoam.com                      |
|    \\/     M anipulation  |                                                 |
\*---------------------------------------------------------------------------*/
FoamFile
{
    version     2.0;
    format      ascii;
    arch        "LSB;label=32;scalar=64";
    class       surfaceScalarField;
    location    "0.031";
    object      phi;
}
// * * * * * * * * * * * * * * * * * * * * * * * * * * * * * * * * * * * * * //

dimensions      [1 0 -1 0 0 0 0];

oriented        oriented;

internalField   nonuniform List<scalar> 
999
(
16.992
17.48
17.9676
18.4551
18.9424
19.4293
19.9157
20.4019
20.8881
21.3744
21.8606
22.3464
22.8316
23.3161
23.8001
24.2838
24.7676
25.2517
25.7364
26.2218
26.7078
27.1943
27.681
28.1679
28.6548
29.1416
29.6289
30.1167
30.6046
31.0924
31.5802
32.0679
32.5556
33.0431
33.5306
34.018
34.5054
34.9926
35.4798
35.967
36.454
36.941
37.4279
37.9147
38.4015
38.8882
39.3748
39.8614
40.3478
40.8342
41.3206
41.8068
42.293
42.7791
43.2651
43.7511
44.237
44.7228
45.2085
45.6942
46.1798
46.6653
47.1507
47.6361
48.1214
48.6066
49.0917
49.5768
50.0617
50.5466
51.0315
51.5162
52.0009
52.4854
52.97
53.4544
53.9388
54.423
54.9072
55.3913
55.8753
56.3593
56.8432
57.327
57.8107
58.2943
58.7779
59.2614
59.7447
60.2281
60.7112
61.1945
61.6774
62.1605
62.6434
63.1261
63.609
64.0915
64.5742
65.0566
65.5389
66.0214
66.5035
66.9856
67.4678
67.9496
68.4316
68.9134
69.395
69.8767
70.3582
70.8396
71.3211
71.8023
72.2835
72.7646
73.2456
73.7265
74.2074
74.6881
75.1688
75.6493
76.1298
76.6102
77.0905
77.5707
78.0508
78.5308
79.0108
79.4906
79.9703
80.45
80.9296
81.409
81.8884
82.3677
82.8469
83.326
83.805
84.2839
84.7627
85.2414
85.72
86.1985
86.6769
87.1552
87.6335
88.1116
88.5896
89.0675
89.5454
90.0231
90.5007
90.9782
91.4557
91.933
92.4102
92.8873
93.3644
93.8413
94.3181
94.7948
95.2714
95.748
96.2244
96.7007
97.1769
97.653
98.129
98.6049
99.0806
99.5563
100.032
100.507
100.983
101.458
101.933
102.408
102.883
103.358
103.833
104.307
104.782
105.256
105.73
106.205
106.679
107.153
107.626
108.1
108.574
109.047
109.521
109.994
110.467
110.94
111.413
111.886
112.359
112.831
113.304
113.776
114.248
114.72
115.192
115.664
116.136
116.608
117.079
117.55
118.022
118.493
118.964
119.435
119.905
120.376
120.847
121.317
121.787
122.257
122.727
123.197
123.667
124.137
124.606
125.075
125.545
126.014
126.483
126.951
127.42
127.889
128.357
128.825
129.293
129.761
130.229
130.697
131.164
131.632
132.099
132.566
133.033
133.5
133.967
134.433
134.9
135.366
135.832
136.298
136.764
137.23
137.695
138.161
138.626
139.091
139.556
140.02
140.485
140.949
141.414
141.878
142.342
142.805
143.269
143.732
144.196
144.659
145.122
145.584
146.047
146.509
146.972
147.434
147.896
148.357
148.819
149.28
149.741
150.202
150.663
151.124
151.584
152.044
152.504
152.964
153.424
153.883
154.342
154.801
155.26
155.719
156.177
156.635
157.093
157.551
158.008
158.466
158.923
159.38
159.836
160.293
160.749
161.205
161.661
162.116
162.571
163.026
163.481
163.935
164.39
164.844
165.297
165.751
166.204
166.657
167.109
167.562
168.014
168.466
168.917
169.368
169.819
170.27
170.72
171.17
171.62
172.069
172.518
172.967
173.415
173.863
174.311
174.758
175.206
175.652
176.098
176.544
176.99
177.435
177.88
178.324
178.768
179.212
179.655
180.097
180.54
180.982
181.423
181.864
182.304
182.744
183.184
183.623
184.062
184.5
184.938
185.376
185.813
186.25
186.685
187.12
187.555
187.989
188.422
188.855
189.287
189.719
190.15
190.58
191.01
191.439
191.867
192.295
192.722
193.148
193.574
193.999
194.423
194.847
195.27
195.692
196.113
196.534
196.954
197.373
197.791
198.208
198.625
199.041
199.456
199.87
200.283
200.696
201.107
201.518
201.928
202.337
202.745
203.152
203.558
203.963
204.368
204.771
205.174
205.576
205.977
206.377
206.776
207.174
207.571
207.968
208.363
208.758
209.152
209.545
209.937
210.328
210.719
211.109
211.498
211.886
212.273
212.66
213.046
213.432
213.817
214.201
214.584
214.967
215.35
215.732
216.114
216.495
216.875
217.256
217.635
218.015
218.394
218.773
219.152
219.531
219.909
220.287
220.665
221.043
221.421
221.799
222.177
222.555
222.933
223.311
223.689
224.067
224.445
224.824
225.202
225.581
225.96
226.34
226.719
227.099
227.479
227.86
228.24
228.622
229.003
229.385
229.767
230.149
230.532
230.916
231.299
231.684
232.068
232.453
232.839
233.224
233.611
233.997
234.385
234.772
235.16
235.549
235.938
236.327
236.717
237.108
237.499
237.89
238.282
238.674
239.067
239.46
239.854
240.248
240.643
241.038
241.434
241.83
242.227
242.624
243.022
243.42
243.819
244.218
244.618
245.018
245.419
245.82
246.222
246.624
247.027
247.43
247.834
248.238
248.642
249.048
249.453
249.86
250.266
250.673
251.081
251.489
251.898
252.307
252.717
253.127
253.538
253.949
254.361
254.773
255.186
255.6
256.013
256.428
256.842
257.258
257.674
258.09
258.507
258.924
259.342
259.761
260.18
260.599
261.019
261.439
261.86
262.282
262.704
263.127
263.55
263.973
264.397
264.822
265.247
265.673
266.099
266.526
266.953
267.381
267.809
268.238
268.667
269.097
269.527
269.958
270.389
270.821
271.254
271.687
272.12
272.554
272.989
273.424
273.86
274.296
274.733
275.17
275.608
276.046
276.485
276.924
277.364
277.804
278.245
278.687
279.129
279.571
280.014
280.458
280.902
281.347
281.792
282.238
282.684
283.131
283.578
284.026
284.474
284.923
285.373
285.823
286.274
286.725
287.176
287.629
288.081
288.535
288.989
289.443
289.898
290.353
290.809
291.266
291.723
292.181
292.639
293.098
293.557
294.017
294.477
294.938
295.399
295.861
296.324
296.787
297.251
297.715
298.18
298.645
299.111
299.577
300.044
300.512
300.98
301.448
301.918
302.387
302.857
303.328
303.8
304.272
304.744
305.217
305.691
306.165
306.64
307.115
307.591
308.067
308.544
309.022
309.5
309.978
310.457
310.937
311.417
311.898
312.38
312.862
313.344
313.827
314.311
314.795
315.28
315.765
316.251
316.738
317.225
317.712
318.2
318.689
319.178
319.668
320.159
320.65
321.141
321.633
322.126
322.619
323.113
323.608
324.103
324.598
325.094
325.591
326.088
326.586
327.084
327.583
328.083
328.583
329.083
329.585
330.086
330.589
331.092
331.595
332.099
332.604
333.109
333.615
334.121
334.628
335.136
335.644
336.152
336.662
337.171
337.682
338.193
338.704
339.216
339.729
340.242
340.756
341.27
341.785
342.3
342.816
343.333
343.85
344.367
344.886
345.405
345.924
346.444
346.964
347.485
348.007
348.529
349.052
349.575
350.099
350.624
351.148
351.674
352.2
352.727
353.254
353.782
354.31
354.839
355.368
355.898
356.429
356.96
357.492
358.024
358.556
359.09
359.624
360.158
360.693
361.228
361.764
362.301
362.838
363.376
363.914
364.452
364.992
365.531
366.072
366.613
367.154
367.696
368.238
368.781
369.325
369.869
370.414
370.959
371.504
372.051
372.597
373.145
373.692
374.241
374.789
375.339
375.888
376.439
376.99
377.541
378.093
378.645
379.198
379.751
380.305
380.86
381.415
381.97
382.526
383.082
383.639
384.196
384.754
385.313
385.871
386.431
386.99
387.551
388.111
388.673
389.234
389.796
390.359
390.922
391.486
392.049
392.614
393.179
393.744
394.31
394.876
395.443
396.01
396.577
397.145
397.713
398.282
398.851
399.421
399.991
400.561
401.132
401.703
402.275
402.847
403.419
403.992
404.565
405.138
405.712
406.286
406.86
407.435
408.01
408.586
409.161
409.737
410.313
410.89
411.467
412.044
412.621
413.198
413.776
414.354
414.932
415.51
416.089
416.667
417.246
417.824
418.403
418.982
419.561
420.14
420.719
421.298
421.877
422.456
423.034
423.613
424.192
424.77
425.348
425.927
426.505
427.083
427.66
428.238
428.815
429.392
429.968
430.545
431.121
431.697
432.273
432.848
433.423
433.998
434.573
435.147
435.722
436.296
436.869
437.443
438.016
438.589
439.161
439.734
440.306
440.878
441.45
442.022
442.594
443.165
443.736
444.307
444.877
445.448
446.018
446.587
447.157
447.726
448.295
448.863
449.431
449.998
450.565
451.132
451.698
452.263
452.827
453.391
453.954
454.516
455.078
455.638
456.197
456.756
457.313
457.869
458.424
458.977
459.529
460.08
460.629
461.177
461.723
462.267
462.81
463.351
463.89
464.427
464.962
465.495
466.026
466.555
467.081
467.606
468.127
468.647
469.163
469.678
470.189
470.698
471.204
471.707
472.207
472.703
473.197
473.688
474.175
474.659
475.139
475.616
476.089
476.559
477.025
477.487
477.945
478.399
478.849
479.295
479.737
480.175
480.607
481.036
481.46
481.88
482.294
482.705
483.11
483.51
483.905
484.296
484.681
485.062
485.436
485.807
486.171
486.53
486.883
487.231
487.572
487.909
488.238
488.561
488.877
489.186
489.486
489.78
490.062
)
;

boundaryField
{
    sides
    {
        type            calculated;
        value           nonuniform List<scalar> 2(490.338 -16.5038);
    }
    empty
    {
        type            empty;
    }
}


// ************************************************************************* //
