/*--------------------------------*- C++ -*----------------------------------*\
| =========                 |                                                 |
| \\      /  F ield         | OpenFOAM: The Open Source CFD Toolbox           |
|  \\    /   O peration     | Version:  2406                                  |
|   \\  /    A nd           | Website:  www.openfoam.com                      |
|    \\/     M anipulation  |                                                 |
\*---------------------------------------------------------------------------*/
FoamFile
{
    version     2.0;
    format      ascii;
    arch        "LSB;label=32;scalar=64";
    class       volScalarField;
    location    "0.031";
    object      T;
}
// * * * * * * * * * * * * * * * * * * * * * * * * * * * * * * * * * * * * * //

dimensions      [0 0 0 1 0 0 0];

internalField   nonuniform List<scalar> 
1000
(
215.213
215.236
215.272
215.308
215.343
215.379
215.417
215.456
215.493
215.526
215.556
215.585
215.618
215.654
215.694
215.735
215.774
215.809
215.838
215.859
215.873
215.881
215.884
215.885
215.885
215.885
215.882
215.875
215.865
215.854
215.844
215.833
215.822
215.812
215.801
215.791
215.78
215.77
215.759
215.749
215.738
215.728
215.717
215.707
215.696
215.686
215.675
215.665
215.654
215.644
215.633
215.623
215.612
215.602
215.591
215.58
215.57
215.559
215.549
215.538
215.528
215.517
215.507
215.496
215.486
215.475
215.465
215.454
215.444
215.433
215.422
215.412
215.401
215.39
215.381
215.369
215.36
215.347
215.34
215.325
215.318
215.304
215.297
215.283
215.276
215.262
215.255
215.241
215.234
215.22
215.212
215.2
215.189
215.18
215.167
215.159
215.146
215.137
215.126
215.114
215.105
215.094
215.083
215.073
215.062
215.051
215.041
215.03
215.02
215.009
214.998
214.988
214.977
214.966
214.956
214.945
214.934
214.924
214.913
214.902
214.892
214.881
214.87
214.86
214.849
214.838
214.828
214.817
214.806
214.795
214.785
214.774
214.763
214.753
214.742
214.731
214.721
214.71
214.699
214.689
214.678
214.667
214.656
214.646
214.635
214.624
214.614
214.603
214.592
214.582
214.571
214.56
214.549
214.539
214.528
214.517
214.507
214.496
214.485
214.475
214.464
214.453
214.442
214.432
214.421
214.41
214.4
214.389
214.378
214.367
214.357
214.346
214.335
214.325
214.314
214.303
214.293
214.282
214.271
214.261
214.25
214.239
214.228
214.218
214.207
214.196
214.186
214.175
214.164
214.154
214.143
214.132
214.122
214.111
214.101
214.09
214.079
214.069
214.058
214.047
214.037
214.026
214.016
214.005
213.994
213.984
213.973
213.963
213.952
213.941
213.931
213.92
213.91
213.899
213.889
213.878
213.868
213.857
213.847
213.836
213.826
213.815
213.805
213.794
213.784
213.773
213.763
213.753
213.742
213.732
213.721
213.711
213.701
213.69
213.68
213.67
213.659
213.649
213.639
213.629
213.618
213.608
213.598
213.588
213.577
213.567
213.557
213.547
213.537
213.527
213.517
213.507
213.497
213.487
213.477
213.467
213.457
213.447
213.437
213.427
213.417
213.407
213.398
213.388
213.378
213.368
213.359
213.349
213.34
213.33
213.32
213.311
213.301
213.292
213.283
213.273
213.264
213.255
213.245
213.236
213.227
213.218
213.209
213.2
213.191
213.182
213.173
213.164
213.155
213.146
213.138
213.129
213.12
213.112
213.103
213.095
213.086
213.078
213.07
213.062
213.054
213.046
213.038
213.03
213.022
213.014
213.007
212.999
212.991
212.984
212.977
212.969
212.962
212.955
212.948
212.941
212.935
212.928
212.921
212.915
212.909
212.902
212.896
212.89
212.884
212.879
212.873
212.868
212.862
212.857
212.852
212.847
212.842
212.838
212.833
212.829
212.825
212.821
212.817
212.814
212.81
212.807
212.804
212.801
212.799
212.797
212.794
212.792
212.791
212.789
212.788
212.787
212.786
212.786
212.786
212.786
212.786
212.786
212.787
212.788
212.789
212.791
212.793
212.796
212.799
212.802
212.806
212.809
212.814
212.818
212.823
212.829
212.835
212.841
212.848
212.855
212.863
212.871
212.879
212.888
212.898
212.908
212.919
212.93
212.941
212.953
212.966
212.979
212.993
213.008
213.023
213.038
213.055
213.072
213.089
213.107
213.126
213.146
213.166
213.187
213.208
213.231
213.254
213.277
213.302
213.327
213.353
213.379
213.406
213.434
213.463
213.493
213.523
213.554
213.586
213.618
213.652
213.686
213.721
213.756
213.792
213.829
213.867
213.905
213.944
213.984
214.024
214.065
214.107
214.15
214.193
214.236
214.28
214.325
214.371
214.417
214.463
214.51
214.558
214.606
214.654
214.703
214.752
214.802
214.852
214.903
214.954
215.005
215.057
215.109
215.161
215.214
215.267
215.32
215.373
215.427
215.481
215.535
215.589
215.643
215.698
215.753
215.807
215.862
215.918
215.973
216.028
216.084
216.14
216.195
216.251
216.307
216.363
216.419
216.475
216.531
216.588
216.644
216.7
216.757
216.813
216.87
216.926
216.983
217.04
217.096
217.153
217.21
217.266
217.323
217.38
217.437
217.494
217.551
217.608
217.665
217.722
217.779
217.836
217.893
217.95
218.007
218.064
218.122
218.179
218.236
218.293
218.351
218.408
218.465
218.523
218.58
218.638
218.695
218.753
218.81
218.868
218.925
218.983
219.04
219.098
219.156
219.213
219.271
219.329
219.386
219.444
219.502
219.56
219.617
219.675
219.733
219.791
219.849
219.907
219.965
220.023
220.081
220.139
220.197
220.255
220.313
220.371
220.429
220.488
220.546
220.604
220.662
220.721
220.779
220.837
220.895
220.954
221.012
221.071
221.129
221.187
221.246
221.304
221.363
221.421
221.48
221.539
221.597
221.656
221.715
221.773
221.832
221.891
221.949
222.008
222.067
222.126
222.185
222.243
222.302
222.361
222.42
222.479
222.538
222.597
222.656
222.715
222.774
222.833
222.892
222.951
223.01
223.07
223.129
223.188
223.247
223.306
223.366
223.425
223.484
223.544
223.603
223.662
223.722
223.781
223.841
223.9
223.96
224.019
224.079
224.138
224.198
224.257
224.317
224.377
224.436
224.496
224.556
224.615
224.675
224.735
224.795
224.855
224.914
224.974
225.034
225.094
225.154
225.214
225.274
225.334
225.394
225.454
225.514
225.574
225.634
225.694
225.754
225.814
225.874
225.935
225.995
226.055
226.115
226.175
226.236
226.296
226.356
226.417
226.477
226.537
226.598
226.658
226.719
226.779
226.839
226.9
226.96
227.021
227.081
227.142
227.203
227.263
227.324
227.384
227.445
227.506
227.566
227.627
227.688
227.748
227.809
227.87
227.931
227.991
228.052
228.113
228.174
228.235
228.296
228.356
228.417
228.478
228.539
228.6
228.661
228.722
228.783
228.844
228.905
228.966
229.027
229.088
229.149
229.21
229.271
229.332
229.393
229.454
229.516
229.577
229.638
229.699
229.76
229.821
229.883
229.944
230.005
230.066
230.128
230.189
230.25
230.311
230.373
230.434
230.495
230.557
230.618
230.679
230.741
230.802
230.864
230.925
230.986
231.048
231.109
231.171
231.232
231.294
231.355
231.417
231.478
231.54
231.601
231.663
231.725
231.786
231.848
231.909
231.971
232.033
232.094
232.156
232.218
232.279
232.341
232.403
232.464
232.526
232.588
232.65
232.712
232.773
232.835
232.897
232.959
233.021
233.082
233.144
233.206
233.268
233.33
233.392
233.454
233.516
233.578
233.64
233.702
233.764
233.826
233.888
233.95
234.012
234.074
234.136
234.198
234.26
234.322
234.384
234.446
234.508
234.57
234.632
234.694
234.757
234.819
234.881
234.943
235.005
235.067
235.129
235.192
235.254
235.316
235.378
235.44
235.503
235.565
235.627
235.689
235.751
235.814
235.876
235.938
236
236.063
236.125
236.187
236.249
236.312
236.374
236.436
236.498
236.561
236.623
236.685
236.747
236.81
236.872
236.934
236.996
237.059
237.121
237.183
237.245
237.308
237.37
237.432
237.494
237.556
237.619
237.681
237.743
237.805
237.868
237.93
237.992
238.054
238.117
238.179
238.241
238.303
238.366
238.428
238.49
238.552
238.615
238.677
238.74
238.802
238.864
238.927
238.99
239.052
239.115
239.178
239.241
239.304
239.367
239.43
239.493
239.557
239.62
239.684
239.748
239.813
239.877
239.942
240.006
240.072
240.137
240.203
240.269
240.335
240.402
240.469
240.536
240.604
240.672
240.74
240.809
240.878
240.948
241.018
241.088
241.159
241.23
241.302
241.373
241.445
241.518
241.591
241.664
241.737
241.81
241.883
241.957
242.031
242.105
242.178
242.252
242.326
242.399
242.472
242.546
242.619
242.691
242.764
242.836
242.907
242.978
243.049
243.119
243.189
243.258
243.327
243.395
243.463
243.53
243.597
243.663
243.728
243.793
243.857
243.921
243.984
244.047
244.109
244.17
244.231
244.292
244.352
244.411
244.47
244.528
244.587
244.644
244.701
244.758
244.814
244.87
244.926
244.98
245.035
245.089
245.143
245.197
245.25
245.302
245.355
245.407
245.458
245.509
245.56
245.611
245.661
245.71
245.76
245.809
245.858
245.905
245.954
246.001
246.048
246.094
246.141
246.186
246.233
246.277
246.323
246.366
246.411
246.453
246.498
246.539
246.583
246.623
246.667
246.705
246.749
246.786
246.829
246.864
246.907
246.941
246.984
247.016
247.059
247.089
247.132
247.16
247.203
247.229
247.272
247.297
247.341
247.365
247.41
247.434
247.482
247.507
247.565
247.584
247.663
)
;

boundaryField
{
    sides
    {
        type            zeroGradient;
    }
    empty
    {
        type            empty;
    }
}


// ************************************************************************* //
