/*--------------------------------*- C++ -*----------------------------------*\
| =========                 |                                                 |
| \\      /  F ield         | OpenFOAM: The Open Source CFD Toolbox           |
|  \\    /   O peration     | Version:  2406                                  |
|   \\  /    A nd           | Website:  www.openfoam.com                      |
|    \\/     M anipulation  |                                                 |
\*---------------------------------------------------------------------------*/
FoamFile
{
    version     2.0;
    format      ascii;
    arch        "LSB;label=32;scalar=64";
    class       volVectorField;
    location    "0.031";
    object      U;
}
// * * * * * * * * * * * * * * * * * * * * * * * * * * * * * * * * * * * * * //

dimensions      [0 1 -1 0 0 0 0];

internalField   nonuniform List<vector> 
1000
(
(13.5534 0 0)
(14.0305 0 0)
(14.5547 0 0)
(14.9849 0 0)
(15.3771 0 0)
(15.773 0 0)
(16.1775 0 0)
(16.5848 0 0)
(16.9915 0 0)
(17.3975 0 0)
(17.8032 0 0)
(18.209 0 0)
(18.6149 0 0)
(19.0209 0 0)
(19.427 0 0)
(19.8332 0 0)
(20.2394 0 0)
(20.6458 0 0)
(21.0522 0 0)
(21.4586 0 0)
(21.865 0 0)
(22.2714 0 0)
(22.6778 0 0)
(23.0842 0 0)
(23.4907 0 0)
(23.8972 0 0)
(24.3038 0 0)
(24.7104 0 0)
(25.1171 0 0)
(25.5237 0 0)
(25.9304 0 0)
(26.3371 0 0)
(26.7439 0 0)
(27.1507 0 0)
(27.5575 0 0)
(27.9644 0 0)
(28.3713 0 0)
(28.7783 0 0)
(29.1853 0 0)
(29.5923 0 0)
(29.9994 0 0)
(30.4065 0 0)
(30.8137 0 0)
(31.2209 0 0)
(31.6281 0 0)
(32.0354 0 0)
(32.4427 0 0)
(32.85 0 0)
(33.2574 0 0)
(33.6648 0 0)
(34.0723 0 0)
(34.4798 0 0)
(34.8873 0 0)
(35.2949 0 0)
(35.7025 0 0)
(36.1102 0 0)
(36.5178 0 0)
(36.9256 0 0)
(37.3333 0 0)
(37.7411 0 0)
(38.1489 0 0)
(38.5568 0 0)
(38.9647 0 0)
(39.3726 0 0)
(39.7806 0 0)
(40.1886 0 0)
(40.5966 0 0)
(41.0047 0 0)
(41.4128 0 0)
(41.821 0 0)
(42.2291 0 0)
(42.6374 0 0)
(43.0456 0 0)
(43.4539 0 0)
(43.8622 0 0)
(44.2706 0 0)
(44.679 0 0)
(45.0874 0 0)
(45.4958 0 0)
(45.9043 0 0)
(46.3128 0 0)
(46.7214 0 0)
(47.13 0 0)
(47.5386 0 0)
(47.9473 0 0)
(48.3559 0 0)
(48.7647 0 0)
(49.1734 0 0)
(49.5822 0 0)
(49.991 0 0)
(50.3999 0 0)
(50.8087 0 0)
(51.2177 0 0)
(51.6266 0 0)
(52.0356 0 0)
(52.4446 0 0)
(52.8536 0 0)
(53.2627 0 0)
(53.6718 0 0)
(54.0809 0 0)
(54.4901 0 0)
(54.8992 0 0)
(55.3085 0 0)
(55.7177 0 0)
(56.127 0 0)
(56.5363 0 0)
(56.9456 0 0)
(57.355 0 0)
(57.7644 0 0)
(58.1738 0 0)
(58.5833 0 0)
(58.9927 0 0)
(59.4022 0 0)
(59.8118 0 0)
(60.2213 0 0)
(60.6309 0 0)
(61.0405 0 0)
(61.4502 0 0)
(61.8599 0 0)
(62.2696 0 0)
(62.6793 0 0)
(63.089 0 0)
(63.4988 0 0)
(63.9086 0 0)
(64.3184 0 0)
(64.7283 0 0)
(65.1382 0 0)
(65.5481 0 0)
(65.958 0 0)
(66.3679 0 0)
(66.7779 0 0)
(67.1879 0 0)
(67.5979 0 0)
(68.008 0 0)
(68.4181 0 0)
(68.8281 0 0)
(69.2383 0 0)
(69.6484 0 0)
(70.0586 0 0)
(70.4687 0 0)
(70.8789 0 0)
(71.2891 0 0)
(71.6994 0 0)
(72.1096 0 0)
(72.5199 0 0)
(72.9302 0 0)
(73.3406 0 0)
(73.7509 0 0)
(74.1612 0 0)
(74.5716 0 0)
(74.982 0 0)
(75.3924 0 0)
(75.8029 0 0)
(76.2133 0 0)
(76.6238 0 0)
(77.0342 0 0)
(77.4447 0 0)
(77.8553 0 0)
(78.2658 0 0)
(78.6763 0 0)
(79.0869 0 0)
(79.4975 0 0)
(79.908 0 0)
(80.3186 0 0)
(80.7293 0 0)
(81.1399 0 0)
(81.5505 0 0)
(81.9612 0 0)
(82.3718 0 0)
(82.7825 0 0)
(83.1932 0 0)
(83.6039 0 0)
(84.0146 0 0)
(84.4254 0 0)
(84.8361 0 0)
(85.2468 0 0)
(85.6576 0 0)
(86.0684 0 0)
(86.4791 0 0)
(86.8899 0 0)
(87.3007 0 0)
(87.7115 0 0)
(88.1223 0 0)
(88.5331 0 0)
(88.9439 0 0)
(89.3547 0 0)
(89.7655 0 0)
(90.1764 0 0)
(90.5872 0 0)
(90.998 0 0)
(91.4089 0 0)
(91.8197 0 0)
(92.2305 0 0)
(92.6414 0 0)
(93.0522 0 0)
(93.4631 0 0)
(93.8739 0 0)
(94.2847 0 0)
(94.6956 0 0)
(95.1064 0 0)
(95.5172 0 0)
(95.928 0 0)
(96.3388 0 0)
(96.7496 0 0)
(97.1604 0 0)
(97.5712 0 0)
(97.982 0 0)
(98.3928 0 0)
(98.8036 0 0)
(99.2143 0 0)
(99.6251 0 0)
(100.036 0 0)
(100.447 0 0)
(100.857 0 0)
(101.268 0 0)
(101.679 0 0)
(102.089 0 0)
(102.5 0 0)
(102.911 0 0)
(103.321 0 0)
(103.732 0 0)
(104.142 0 0)
(104.553 0 0)
(104.963 0 0)
(105.374 0 0)
(105.784 0 0)
(106.195 0 0)
(106.605 0 0)
(107.016 0 0)
(107.426 0 0)
(107.836 0 0)
(108.246 0 0)
(108.657 0 0)
(109.067 0 0)
(109.477 0 0)
(109.887 0 0)
(110.297 0 0)
(110.708 0 0)
(111.118 0 0)
(111.528 0 0)
(111.938 0 0)
(112.347 0 0)
(112.757 0 0)
(113.167 0 0)
(113.577 0 0)
(113.987 0 0)
(114.396 0 0)
(114.806 0 0)
(115.215 0 0)
(115.625 0 0)
(116.034 0 0)
(116.444 0 0)
(116.853 0 0)
(117.262 0 0)
(117.671 0 0)
(118.081 0 0)
(118.49 0 0)
(118.899 0 0)
(119.308 0 0)
(119.716 0 0)
(120.125 0 0)
(120.534 0 0)
(120.942 0 0)
(121.351 0 0)
(121.759 0 0)
(122.168 0 0)
(122.576 0 0)
(122.984 0 0)
(123.392 0 0)
(123.8 0 0)
(124.208 0 0)
(124.615 0 0)
(125.023 0 0)
(125.431 0 0)
(125.838 0 0)
(126.245 0 0)
(126.652 0 0)
(127.059 0 0)
(127.466 0 0)
(127.873 0 0)
(128.28 0 0)
(128.686 0 0)
(129.093 0 0)
(129.499 0 0)
(129.905 0 0)
(130.311 0 0)
(130.717 0 0)
(131.122 0 0)
(131.528 0 0)
(131.933 0 0)
(132.338 0 0)
(132.743 0 0)
(133.148 0 0)
(133.552 0 0)
(133.957 0 0)
(134.361 0 0)
(134.765 0 0)
(135.169 0 0)
(135.572 0 0)
(135.975 0 0)
(136.378 0 0)
(136.781 0 0)
(137.184 0 0)
(137.586 0 0)
(137.989 0 0)
(138.39 0 0)
(138.792 0 0)
(139.193 0 0)
(139.595 0 0)
(139.995 0 0)
(140.396 0 0)
(140.796 0 0)
(141.196 0 0)
(141.596 0 0)
(141.995 0 0)
(142.394 0 0)
(142.793 0 0)
(143.191 0 0)
(143.589 0 0)
(143.987 0 0)
(144.384 0 0)
(144.781 0 0)
(145.177 0 0)
(145.573 0 0)
(145.969 0 0)
(146.364 0 0)
(146.759 0 0)
(147.153 0 0)
(147.547 0 0)
(147.94 0 0)
(148.333 0 0)
(148.726 0 0)
(149.118 0 0)
(149.509 0 0)
(149.9 0 0)
(150.29 0 0)
(150.68 0 0)
(151.069 0 0)
(151.458 0 0)
(151.846 0 0)
(152.233 0 0)
(152.619 0 0)
(153.005 0 0)
(153.391 0 0)
(153.775 0 0)
(154.159 0 0)
(154.542 0 0)
(154.925 0 0)
(155.306 0 0)
(155.687 0 0)
(156.067 0 0)
(156.447 0 0)
(156.825 0 0)
(157.202 0 0)
(157.579 0 0)
(157.955 0 0)
(158.331 0 0)
(158.706 0 0)
(159.08 0 0)
(159.452 0 0)
(159.823 0 0)
(160.193 0 0)
(160.562 0 0)
(160.929 0 0)
(161.296 0 0)
(161.661 0 0)
(162.025 0 0)
(162.388 0 0)
(162.749 0 0)
(163.109 0 0)
(163.468 0 0)
(163.826 0 0)
(164.182 0 0)
(164.537 0 0)
(164.89 0 0)
(165.242 0 0)
(165.592 0 0)
(165.941 0 0)
(166.288 0 0)
(166.634 0 0)
(166.978 0 0)
(167.32 0 0)
(167.661 0 0)
(168 0 0)
(168.337 0 0)
(168.672 0 0)
(169.005 0 0)
(169.337 0 0)
(169.666 0 0)
(169.994 0 0)
(170.319 0 0)
(170.643 0 0)
(170.964 0 0)
(171.283 0 0)
(171.6 0 0)
(171.915 0 0)
(172.228 0 0)
(172.539 0 0)
(172.847 0 0)
(173.153 0 0)
(173.457 0 0)
(173.758 0 0)
(174.057 0 0)
(174.354 0 0)
(174.648 0 0)
(174.94 0 0)
(175.23 0 0)
(175.517 0 0)
(175.801 0 0)
(176.083 0 0)
(176.363 0 0)
(176.64 0 0)
(176.915 0 0)
(177.187 0 0)
(177.456 0 0)
(177.724 0 0)
(177.988 0 0)
(178.251 0 0)
(178.511 0 0)
(178.768 0 0)
(179.023 0 0)
(179.276 0 0)
(179.526 0 0)
(179.774 0 0)
(180.02 0 0)
(180.263 0 0)
(180.504 0 0)
(180.743 0 0)
(180.98 0 0)
(181.215 0 0)
(181.448 0 0)
(181.679 0 0)
(181.907 0 0)
(182.134 0 0)
(182.359 0 0)
(182.583 0 0)
(182.804 0 0)
(183.024 0 0)
(183.242 0 0)
(183.459 0 0)
(183.674 0 0)
(183.887 0 0)
(184.1 0 0)
(184.311 0 0)
(184.52 0 0)
(184.729 0 0)
(184.936 0 0)
(185.142 0 0)
(185.348 0 0)
(185.552 0 0)
(185.755 0 0)
(185.958 0 0)
(186.159 0 0)
(186.36 0 0)
(186.56 0 0)
(186.76 0 0)
(186.958 0 0)
(187.157 0 0)
(187.354 0 0)
(187.551 0 0)
(187.748 0 0)
(187.944 0 0)
(188.14 0 0)
(188.336 0 0)
(188.531 0 0)
(188.726 0 0)
(188.92 0 0)
(189.115 0 0)
(189.309 0 0)
(189.503 0 0)
(189.697 0 0)
(189.89 0 0)
(190.084 0 0)
(190.277 0 0)
(190.47 0 0)
(190.663 0 0)
(190.856 0 0)
(191.049 0 0)
(191.242 0 0)
(191.435 0 0)
(191.628 0 0)
(191.821 0 0)
(192.014 0 0)
(192.206 0 0)
(192.399 0 0)
(192.592 0 0)
(192.785 0 0)
(192.978 0 0)
(193.17 0 0)
(193.363 0 0)
(193.556 0 0)
(193.749 0 0)
(193.942 0 0)
(194.135 0 0)
(194.328 0 0)
(194.521 0 0)
(194.714 0 0)
(194.907 0 0)
(195.1 0 0)
(195.293 0 0)
(195.486 0 0)
(195.68 0 0)
(195.873 0 0)
(196.066 0 0)
(196.26 0 0)
(196.453 0 0)
(196.646 0 0)
(196.84 0 0)
(197.034 0 0)
(197.227 0 0)
(197.421 0 0)
(197.614 0 0)
(197.808 0 0)
(198.002 0 0)
(198.196 0 0)
(198.39 0 0)
(198.584 0 0)
(198.778 0 0)
(198.972 0 0)
(199.166 0 0)
(199.36 0 0)
(199.554 0 0)
(199.748 0 0)
(199.943 0 0)
(200.137 0 0)
(200.331 0 0)
(200.526 0 0)
(200.72 0 0)
(200.915 0 0)
(201.109 0 0)
(201.304 0 0)
(201.499 0 0)
(201.693 0 0)
(201.888 0 0)
(202.083 0 0)
(202.278 0 0)
(202.473 0 0)
(202.668 0 0)
(202.863 0 0)
(203.058 0 0)
(203.253 0 0)
(203.448 0 0)
(203.643 0 0)
(203.838 0 0)
(204.034 0 0)
(204.229 0 0)
(204.424 0 0)
(204.62 0 0)
(204.815 0 0)
(205.011 0 0)
(205.206 0 0)
(205.402 0 0)
(205.598 0 0)
(205.793 0 0)
(205.989 0 0)
(206.185 0 0)
(206.381 0 0)
(206.577 0 0)
(206.772 0 0)
(206.968 0 0)
(207.164 0 0)
(207.361 0 0)
(207.557 0 0)
(207.753 0 0)
(207.949 0 0)
(208.145 0 0)
(208.342 0 0)
(208.538 0 0)
(208.734 0 0)
(208.931 0 0)
(209.127 0 0)
(209.324 0 0)
(209.52 0 0)
(209.717 0 0)
(209.914 0 0)
(210.11 0 0)
(210.307 0 0)
(210.504 0 0)
(210.701 0 0)
(210.898 0 0)
(211.095 0 0)
(211.292 0 0)
(211.489 0 0)
(211.686 0 0)
(211.883 0 0)
(212.08 0 0)
(212.277 0 0)
(212.474 0 0)
(212.672 0 0)
(212.869 0 0)
(213.066 0 0)
(213.264 0 0)
(213.461 0 0)
(213.659 0 0)
(213.856 0 0)
(214.054 0 0)
(214.252 0 0)
(214.449 0 0)
(214.647 0 0)
(214.845 0 0)
(215.043 0 0)
(215.24 0 0)
(215.438 0 0)
(215.636 0 0)
(215.834 0 0)
(216.032 0 0)
(216.23 0 0)
(216.429 0 0)
(216.627 0 0)
(216.825 0 0)
(217.023 0 0)
(217.221 0 0)
(217.42 0 0)
(217.618 0 0)
(217.817 0 0)
(218.015 0 0)
(218.213 0 0)
(218.412 0 0)
(218.611 0 0)
(218.809 0 0)
(219.008 0 0)
(219.207 0 0)
(219.405 0 0)
(219.604 0 0)
(219.803 0 0)
(220.002 0 0)
(220.201 0 0)
(220.4 0 0)
(220.599 0 0)
(220.798 0 0)
(220.997 0 0)
(221.196 0 0)
(221.395 0 0)
(221.594 0 0)
(221.793 0 0)
(221.993 0 0)
(222.192 0 0)
(222.391 0 0)
(222.591 0 0)
(222.79 0 0)
(222.989 0 0)
(223.189 0 0)
(223.388 0 0)
(223.588 0 0)
(223.788 0 0)
(223.987 0 0)
(224.187 0 0)
(224.387 0 0)
(224.586 0 0)
(224.786 0 0)
(224.986 0 0)
(225.186 0 0)
(225.386 0 0)
(225.586 0 0)
(225.786 0 0)
(225.986 0 0)
(226.186 0 0)
(226.386 0 0)
(226.586 0 0)
(226.786 0 0)
(226.986 0 0)
(227.187 0 0)
(227.387 0 0)
(227.587 0 0)
(227.787 0 0)
(227.988 0 0)
(228.188 0 0)
(228.389 0 0)
(228.589 0 0)
(228.79 0 0)
(228.99 0 0)
(229.191 0 0)
(229.391 0 0)
(229.592 0 0)
(229.793 0 0)
(229.993 0 0)
(230.194 0 0)
(230.395 0 0)
(230.596 0 0)
(230.797 0 0)
(230.998 0 0)
(231.198 0 0)
(231.399 0 0)
(231.6 0 0)
(231.801 0 0)
(232.002 0 0)
(232.203 0 0)
(232.405 0 0)
(232.606 0 0)
(232.807 0 0)
(233.008 0 0)
(233.209 0 0)
(233.411 0 0)
(233.612 0 0)
(233.813 0 0)
(234.014 0 0)
(234.216 0 0)
(234.417 0 0)
(234.619 0 0)
(234.82 0 0)
(235.022 0 0)
(235.223 0 0)
(235.425 0 0)
(235.626 0 0)
(235.828 0 0)
(236.029 0 0)
(236.231 0 0)
(236.433 0 0)
(236.635 0 0)
(236.836 0 0)
(237.038 0 0)
(237.24 0 0)
(237.442 0 0)
(237.643 0 0)
(237.845 0 0)
(238.047 0 0)
(238.249 0 0)
(238.451 0 0)
(238.653 0 0)
(238.855 0 0)
(239.057 0 0)
(239.259 0 0)
(239.461 0 0)
(239.663 0 0)
(239.865 0 0)
(240.067 0 0)
(240.27 0 0)
(240.472 0 0)
(240.674 0 0)
(240.876 0 0)
(241.078 0 0)
(241.281 0 0)
(241.483 0 0)
(241.685 0 0)
(241.887 0 0)
(242.09 0 0)
(242.292 0 0)
(242.494 0 0)
(242.697 0 0)
(242.899 0 0)
(243.102 0 0)
(243.304 0 0)
(243.506 0 0)
(243.709 0 0)
(243.911 0 0)
(244.114 0 0)
(244.316 0 0)
(244.519 0 0)
(244.721 0 0)
(244.924 0 0)
(245.127 0 0)
(245.329 0 0)
(245.532 0 0)
(245.734 0 0)
(245.937 0 0)
(246.14 0 0)
(246.342 0 0)
(246.545 0 0)
(246.747 0 0)
(246.95 0 0)
(247.153 0 0)
(247.355 0 0)
(247.558 0 0)
(247.761 0 0)
(247.964 0 0)
(248.166 0 0)
(248.369 0 0)
(248.572 0 0)
(248.774 0 0)
(248.977 0 0)
(249.18 0 0)
(249.383 0 0)
(249.585 0 0)
(249.788 0 0)
(249.991 0 0)
(250.194 0 0)
(250.396 0 0)
(250.599 0 0)
(250.802 0 0)
(251.004 0 0)
(251.207 0 0)
(251.41 0 0)
(251.613 0 0)
(251.815 0 0)
(252.018 0 0)
(252.221 0 0)
(252.424 0 0)
(252.626 0 0)
(252.829 0 0)
(253.032 0 0)
(253.234 0 0)
(253.437 0 0)
(253.64 0 0)
(253.842 0 0)
(254.045 0 0)
(254.247 0 0)
(254.45 0 0)
(254.653 0 0)
(254.855 0 0)
(255.058 0 0)
(255.26 0 0)
(255.463 0 0)
(255.665 0 0)
(255.868 0 0)
(256.07 0 0)
(256.273 0 0)
(256.475 0 0)
(256.678 0 0)
(256.88 0 0)
(257.082 0 0)
(257.285 0 0)
(257.487 0 0)
(257.689 0 0)
(257.891 0 0)
(258.094 0 0)
(258.296 0 0)
(258.498 0 0)
(258.7 0 0)
(258.902 0 0)
(259.104 0 0)
(259.306 0 0)
(259.508 0 0)
(259.71 0 0)
(259.912 0 0)
(260.113 0 0)
(260.315 0 0)
(260.517 0 0)
(260.718 0 0)
(260.92 0 0)
(261.121 0 0)
(261.323 0 0)
(261.524 0 0)
(261.725 0 0)
(261.927 0 0)
(262.128 0 0)
(262.329 0 0)
(262.529 0 0)
(262.73 0 0)
(262.931 0 0)
(263.131 0 0)
(263.331 0 0)
(263.532 0 0)
(263.731 0 0)
(263.931 0 0)
(264.131 0 0)
(264.33 0 0)
(264.529 0 0)
(264.728 0 0)
(264.926 0 0)
(265.124 0 0)
(265.322 0 0)
(265.519 0 0)
(265.716 0 0)
(265.912 0 0)
(266.108 0 0)
(266.303 0 0)
(266.498 0 0)
(266.692 0 0)
(266.885 0 0)
(267.078 0 0)
(267.27 0 0)
(267.461 0 0)
(267.651 0 0)
(267.84 0 0)
(268.029 0 0)
(268.216 0 0)
(268.402 0 0)
(268.587 0 0)
(268.771 0 0)
(268.953 0 0)
(269.134 0 0)
(269.314 0 0)
(269.493 0 0)
(269.67 0 0)
(269.845 0 0)
(270.019 0 0)
(270.192 0 0)
(270.363 0 0)
(270.532 0 0)
(270.7 0 0)
(270.867 0 0)
(271.032 0 0)
(271.195 0 0)
(271.357 0 0)
(271.517 0 0)
(271.676 0 0)
(271.834 0 0)
(271.99 0 0)
(272.145 0 0)
(272.299 0 0)
(272.452 0 0)
(272.604 0 0)
(272.756 0 0)
(272.906 0 0)
(273.056 0 0)
(273.205 0 0)
(273.354 0 0)
(273.502 0 0)
(273.651 0 0)
(273.799 0 0)
(273.947 0 0)
(274.096 0 0)
(274.245 0 0)
(274.394 0 0)
(274.543 0 0)
(274.694 0 0)
(274.844 0 0)
(274.996 0 0)
(275.148 0 0)
(275.301 0 0)
(275.456 0 0)
(275.611 0 0)
(275.766 0 0)
(275.923 0 0)
(276.081 0 0)
(276.24 0 0)
(276.4 0 0)
(276.561 0 0)
(276.722 0 0)
(276.885 0 0)
(277.048 0 0)
(277.213 0 0)
(277.378 0 0)
(277.543 0 0)
(277.71 0 0)
(277.877 0 0)
(278.045 0 0)
(278.213 0 0)
(278.381 0 0)
(278.55 0 0)
(278.719 0 0)
(278.889 0 0)
(279.058 0 0)
(279.228 0 0)
(279.398 0 0)
(279.567 0 0)
(279.737 0 0)
(279.907 0 0)
(280.076 0 0)
(280.245 0 0)
(280.414 0 0)
(280.582 0 0)
(280.75 0 0)
(280.918 0 0)
(281.085 0 0)
(281.252 0 0)
(281.418 0 0)
(281.583 0 0)
(281.748 0 0)
(281.912 0 0)
(282.076 0 0)
(282.238 0 0)
(282.4 0 0)
(282.561 0 0)
(282.721 0 0)
(282.88 0 0)
(283.039 0 0)
(283.196 0 0)
(283.352 0 0)
(283.507 0 0)
(283.661 0 0)
(283.814 0 0)
(283.966 0 0)
(284.116 0 0)
(284.265 0 0)
(284.413 0 0)
(284.56 0 0)
(284.705 0 0)
(284.849 0 0)
(284.991 0 0)
(285.132 0 0)
(285.271 0 0)
(285.409 0 0)
(285.545 0 0)
(285.68 0 0)
(285.813 0 0)
(285.945 0 0)
(286.074 0 0)
(286.203 0 0)
(286.329 0 0)
(286.454 0 0)
(286.577 0 0)
(286.698 0 0)
(286.818 0 0)
(286.936 0 0)
(287.052 0 0)
(287.166 0 0)
(287.278 0 0)
(287.388 0 0)
(287.495 0 0)
(287.6 0 0)
(287.702 0 0)
(287.801 0 0)
(287.895 0 0)
(287.983 0 0)
(288.065 0 0)
(288.139 0 0)
(288.203 0 0)
(288.254 0 0)
(288.373 0 0)
)
;

boundaryField
{
    sides
    {
        type            zeroGradient;
    }
    empty
    {
        type            empty;
    }
}


// ************************************************************************* //
