/*--------------------------------*- C++ -*----------------------------------*\
| =========                 |                                                 |
| \\      /  F ield         | OpenFOAM: The Open Source CFD Toolbox           |
|  \\    /   O peration     | Version:  2406                                  |
|   \\  /    A nd           | Website:  www.openfoam.com                      |
|    \\/     M anipulation  |                                                 |
\*---------------------------------------------------------------------------*/
FoamFile
{
    version     2.0;
    format      ascii;
    arch        "LSB;label=32;scalar=64";
    class       volScalarField;
    location    "0.024";
    object      mag(U);
}
// * * * * * * * * * * * * * * * * * * * * * * * * * * * * * * * * * * * * * //

dimensions      [0 1 -1 0 0 0 0];

internalField   nonuniform List<scalar> 
1000
(
9.55885
10.295
10.9657
11.5261
12.0658
12.6193
13.1816
13.7442
14.305
14.8651
15.4252
15.9855
16.5459
17.1064
17.6668
18.2273
18.7878
19.3484
19.9091
20.4699
21.0308
21.5917
22.1527
22.7137
23.2749
23.8361
24.3973
24.9587
25.5201
26.0816
26.6432
27.2048
27.7665
28.3283
28.8902
29.4521
30.0141
30.5762
31.1384
31.7006
32.2629
32.8252
33.3877
33.9502
34.5128
35.0754
35.6381
36.2009
36.7638
37.3267
37.8897
38.4528
39.0159
39.5791
40.1424
40.7057
41.2691
41.8326
42.3961
42.9597
43.5234
44.0871
44.6509
45.2148
45.7788
46.3428
46.9069
47.471
48.0353
48.5996
49.1639
49.7284
50.2929
50.8575
51.4221
51.9869
52.5517
53.1165
53.6815
54.2465
54.8116
55.3767
55.9419
56.5072
57.0726
57.638
58.2035
58.769
59.3346
59.9003
60.4661
61.0319
61.5978
62.1637
62.7297
63.2958
63.8619
64.4281
64.9944
65.5608
66.1272
66.6936
67.2602
67.8267
68.3934
68.9601
69.5269
70.0938
70.6607
71.2277
71.7947
72.3618
72.929
73.4962
74.0635
74.6309
75.1983
75.7658
76.3333
76.9009
77.4686
78.0363
78.6041
79.172
79.7399
80.3079
80.8759
81.444
82.0121
82.5804
83.1486
83.717
84.2854
84.8538
85.4223
85.9909
86.5595
87.1282
87.697
88.2658
88.8346
89.4035
89.9725
90.5415
91.1106
91.6798
92.249
92.8182
93.3876
93.9569
94.5263
95.0958
95.6654
96.235
96.8046
97.3743
97.944
98.5139
99.0837
99.6536
100.224
100.794
101.364
101.934
102.504
103.074
103.644
104.215
104.785
105.356
105.926
106.497
107.067
107.638
108.209
108.779
109.35
109.921
110.492
111.063
111.634
112.205
112.776
113.347
113.918
114.489
115.06
115.632
116.203
116.774
117.346
117.917
118.489
119.06
119.632
120.204
120.775
121.347
121.919
122.491
123.063
123.634
124.206
124.778
125.35
125.922
126.495
127.067
127.639
128.211
128.783
129.356
129.928
130.5
131.073
131.645
132.218
132.79
133.363
133.935
134.508
135.08
135.653
136.226
136.799
137.371
137.944
138.517
139.09
139.663
140.235
140.808
141.381
141.954
142.527
143.1
143.673
144.247
144.82
145.393
145.966
146.539
147.112
147.686
148.259
148.832
149.405
149.979
150.552
151.125
151.699
152.272
152.845
153.419
153.992
154.566
155.139
155.712
156.286
156.859
157.433
158.006
158.58
159.153
159.727
160.3
160.874
161.447
162.021
162.594
163.168
163.741
164.315
164.888
165.462
166.035
166.609
167.182
167.755
168.329
168.902
169.476
170.049
170.623
171.196
171.769
172.343
172.916
173.489
174.062
174.636
175.209
175.782
176.355
176.928
177.501
178.075
178.648
179.221
179.793
180.366
180.939
181.512
182.085
182.658
183.23
183.803
184.375
184.948
185.52
186.093
186.665
187.237
187.809
188.382
188.954
189.526
190.097
190.669
191.241
191.812
192.384
192.955
193.527
194.098
194.669
195.24
195.811
196.382
196.953
197.523
198.094
198.664
199.234
199.804
200.374
200.944
201.513
202.083
202.652
203.221
203.79
204.359
204.928
205.496
206.064
206.632
207.2
207.768
208.335
208.903
209.47
210.036
210.603
211.169
211.735
212.301
212.866
213.432
213.997
214.561
215.126
215.69
216.253
216.817
217.38
217.942
218.505
219.067
219.628
220.19
220.75
221.311
221.871
222.43
222.989
223.548
224.106
224.664
225.221
225.777
226.334
226.889
227.444
227.998
228.552
229.105
229.658
230.209
230.76
231.311
231.86
232.409
232.957
233.505
234.051
234.597
235.142
235.685
236.228
236.77
237.311
237.851
238.39
238.928
239.464
240
240.534
241.067
241.599
242.129
242.658
243.186
243.712
244.237
244.76
245.282
245.802
246.32
246.836
247.351
247.864
248.375
248.884
249.391
249.896
250.398
250.898
251.396
251.891
252.384
252.875
253.365
253.851
254.334
254.815
255.292
255.766
256.237
256.705
257.17
257.632
258.09
258.545
258.997
259.444
259.888
260.329
260.765
261.198
261.627
262.051
262.471
262.888
263.3
263.707
264.11
264.509
264.903
265.293
265.678
266.059
266.435
266.806
267.172
267.534
267.891
268.243
268.591
268.934
269.272
269.606
269.935
270.26
270.58
270.895
271.207
271.514
271.816
272.115
272.41
272.7
272.987
273.27
273.55
273.826
274.098
274.368
274.634
274.897
275.157
275.414
275.669
275.92
276.17
276.417
276.662
276.904
277.145
277.383
277.62
277.854
278.087
278.319
278.548
278.776
279.003
279.228
279.452
279.674
279.895
280.114
280.333
280.55
280.765
280.98
281.193
281.405
281.616
281.826
282.034
282.241
282.447
282.651
282.855
283.057
283.257
283.457
283.654
283.851
284.046
284.24
284.432
284.623
284.812
284.999
285.185
285.369
285.552
285.733
285.912
286.09
286.265
286.439
286.611
286.781
286.949
287.115
287.279
287.441
287.601
287.759
287.914
288.068
288.219
288.368
288.515
288.659
288.801
288.941
289.078
289.213
289.346
289.476
289.603
289.728
289.851
289.971
290.088
290.203
290.315
290.425
290.532
290.637
290.739
290.838
290.935
291.029
291.121
291.21
291.296
291.38
291.462
291.541
291.617
291.691
291.763
291.832
291.899
291.963
292.025
292.085
292.142
292.198
292.251
292.302
292.351
292.398
292.443
292.486
292.527
292.566
292.604
292.64
292.674
292.706
292.737
292.766
292.794
292.82
292.845
292.869
292.891
292.912
292.932
292.951
292.968
292.985
293
293.015
293.029
293.042
293.054
293.065
293.076
293.086
293.095
293.103
293.111
293.119
293.126
293.132
293.138
293.144
293.149
293.153
293.158
293.162
293.166
293.169
293.172
293.175
293.178
293.18
293.182
293.184
293.186
293.188
293.19
293.191
293.192
293.194
293.195
293.196
293.196
293.197
293.198
293.199
293.199
293.2
293.2
293.201
293.201
293.202
293.202
293.202
293.203
293.203
293.203
293.203
293.203
293.204
293.204
293.204
293.204
293.204
293.204
293.204
293.204
293.204
293.204
293.205
293.205
293.205
293.205
293.205
293.205
293.205
293.205
293.205
293.205
293.205
293.205
293.205
293.205
293.205
293.205
293.205
293.205
293.205
293.205
293.205
293.205
293.205
293.205
293.205
293.205
293.205
293.205
293.205
293.205
293.205
293.205
293.205
293.205
293.205
293.205
293.205
293.205
293.205
293.205
293.205
293.205
293.205
293.205
293.205
293.205
293.205
293.205
293.205
293.205
293.205
293.205
293.205
293.205
293.205
293.205
293.205
293.205
293.205
293.205
293.205
293.205
293.206
293.206
293.206
293.206
293.206
293.206
293.206
293.206
293.206
293.206
293.206
293.206
293.206
293.206
293.206
293.206
293.206
293.206
293.206
293.206
293.206
293.206
293.206
293.206
293.206
293.206
293.206
293.206
293.206
293.206
293.206
293.206
293.206
293.206
293.206
293.206
293.206
293.206
293.206
293.206
293.206
293.206
293.206
293.206
293.206
293.206
293.206
293.206
293.206
293.206
293.206
293.206
293.206
293.206
293.206
293.206
293.206
293.206
293.206
293.206
293.206
293.206
293.206
293.206
293.206
293.206
293.206
293.206
293.206
293.206
293.206
293.206
293.206
293.206
293.206
293.206
293.206
293.206
293.206
293.206
293.206
293.206
293.206
293.206
293.206
293.206
293.206
293.206
293.206
293.206
293.206
293.206
293.206
293.206
293.206
293.206
293.206
293.206
293.206
293.206
293.206
293.206
293.206
293.206
293.206
293.206
293.206
293.206
293.206
293.206
293.206
293.206
293.206
293.206
293.206
293.206
293.206
293.205
293.205
293.205
293.205
293.205
293.205
293.204
293.204
293.203
293.202
293.201
293.2
293.199
293.198
293.196
293.194
293.191
293.189
293.186
293.182
293.177
293.173
293.167
293.16
293.153
293.145
293.135
293.125
293.113
293.1
293.085
293.069
293.051
293.031
293.01
292.986
292.961
292.933
292.903
292.871
292.837
292.801
292.762
292.722
292.679
292.634
292.588
292.539
292.489
292.438
292.385
292.332
292.277
292.222
292.167
292.111
292.056
292.001
291.946
291.893
291.84
291.789
291.74
291.692
291.646
291.602
291.559
291.52
291.482
291.446
291.413
291.382
291.353
291.327
291.302
291.28
291.259
291.241
291.224
291.209
291.195
291.183
291.172
291.163
291.154
291.146
291.14
291.134
291.129
291.125
291.121
291.117
291.115
291.112
291.11
291.108
291.107
291.105
291.105
291.104
291.104
291.103
291.103
291.104
291.104
291.105
291.106
291.108
291.11
291.112
291.115
291.118
291.121
291.124
291.128
291.132
291.136
291.14
291.145
291.149
291.153
291.158
291.162
291.166
291.17
291.173
291.177
291.18
291.182
291.185
291.187
291.189
291.191
291.192
291.193
291.194
291.194
291.195
291.195
291.195
)
;

boundaryField
{
    sides
    {
        type            calculated;
        value           nonuniform List<scalar> 2(291.195 9.55885);
    }
    empty
    {
        type            empty;
    }
}


// ************************************************************************* //
