/*--------------------------------*- C++ -*----------------------------------*\
| =========                 |                                                 |
| \\      /  F ield         | OpenFOAM: The Open Source CFD Toolbox           |
|  \\    /   O peration     | Version:  2406                                  |
|   \\  /    A nd           | Website:  www.openfoam.com                      |
|    \\/     M anipulation  |                                                 |
\*---------------------------------------------------------------------------*/
FoamFile
{
    version     2.0;
    format      ascii;
    arch        "LSB;label=32;scalar=64";
    class       volScalarField;
    location    "0.044";
    object      mag(U);
}
// * * * * * * * * * * * * * * * * * * * * * * * * * * * * * * * * * * * * * //

dimensions      [0 1 -1 0 0 0 0];

internalField   nonuniform List<scalar> 
1000
(
18.6422
18.916
19.2637
19.5501
19.8009
20.0497
20.3046
20.5625
20.8202
21.0774
21.3343
21.5912
21.8482
22.1052
22.3621
22.6191
22.876
23.133
23.3899
23.6467
23.9036
24.1604
24.4172
24.674
24.9308
25.1876
25.4443
25.701
25.9576
26.2142
26.4708
26.7273
26.9839
27.2403
27.4968
27.7532
28.0095
28.2659
28.5221
28.7783
29.0345
29.2906
29.5466
29.8026
30.0585
30.3144
30.5702
30.826
31.0817
31.3373
31.5929
31.8484
32.1039
32.3592
32.6145
32.8697
33.1249
33.3799
33.6349
33.8897
34.1445
34.3992
34.6538
34.9083
35.1626
35.4169
35.6711
35.9252
36.1792
36.4331
36.6868
36.9404
37.1939
37.4473
37.7006
37.9537
38.2067
38.4596
38.7123
38.9649
39.2173
39.4696
39.7217
39.9737
40.2256
40.4772
40.7287
40.9801
41.2312
41.4822
41.733
41.9836
42.2341
42.4843
42.7344
42.9842
43.2339
43.4833
43.7325
43.9815
44.2303
44.4789
44.7272
44.9753
45.2231
45.4707
45.7181
45.9652
46.2121
46.4586
46.705
46.951
47.1968
47.4422
47.6874
47.9323
48.1769
48.4212
48.6651
48.9088
49.1521
49.395
49.6377
49.8799
50.1218
50.3634
50.6046
50.8454
51.0858
51.3258
51.5654
51.8045
52.0433
52.2816
52.5194
52.7568
52.9938
53.2305
53.4668
53.7025
53.9374
54.1717
54.4054
54.6385
54.8711
55.1032
55.3347
55.5656
55.796
56.0258
56.255
56.4836
56.7115
56.9389
57.1655
57.3915
57.6169
57.8415
58.0654
58.2887
58.5111
58.7329
58.9539
59.1741
59.3935
59.6121
59.8299
60.0469
60.263
60.4783
60.6928
60.9063
61.1189
61.3306
61.5414
61.7513
61.9602
62.1682
62.3751
62.5811
62.7861
62.99
63.1929
63.3947
63.5955
63.7953
63.9939
64.1914
64.3879
64.5832
64.7773
64.9704
65.1622
65.3529
65.5425
65.7308
65.918
66.1039
66.2887
66.4722
66.6545
66.8356
67.0154
67.1941
67.3714
67.5476
67.7225
67.8961
68.0685
68.2397
68.4096
68.5783
68.7457
68.912
69.0769
69.2407
69.4033
69.5646
69.7248
69.8838
70.0416
70.1982
70.3537
70.5081
70.6614
70.8135
70.9646
71.1146
71.2635
71.4114
71.5583
71.7042
71.8492
71.9932
72.1363
72.2784
72.4197
72.5601
72.6997
72.8385
72.9765
73.1138
73.2503
73.3861
73.5212
73.6557
73.7895
73.9227
74.0553
74.1874
74.3189
74.4499
74.5804
74.7104
74.84
74.9692
75.098
75.2264
75.3544
75.4821
75.6094
75.7365
75.8633
75.9898
76.116
76.242
76.3678
76.4934
76.6188
76.7441
76.8691
76.994
77.1188
77.2435
77.368
77.4924
77.6167
77.741
77.8651
77.9892
78.1133
78.2372
78.3612
78.485
78.6089
78.7327
78.8565
78.9803
79.104
79.2278
79.3515
79.4752
79.599
79.7227
79.8464
79.9702
80.0939
80.2177
80.3415
80.4653
80.5891
80.713
80.8368
80.9607
81.0847
81.2086
81.3326
81.4565
81.5806
81.7046
81.8287
81.9528
82.077
82.2011
82.3253
82.4496
82.5739
82.6982
82.8225
82.9469
83.0713
83.1957
83.3202
83.4447
83.5692
83.6938
83.8184
83.9431
84.0678
84.1925
84.3172
84.442
84.5669
84.6917
84.8166
84.9415
85.0665
85.1915
85.3165
85.4416
85.5667
85.6919
85.817
85.9422
86.0675
86.1928
86.3181
86.4434
86.5688
86.6942
86.8197
86.9452
87.0707
87.1963
87.3219
87.4475
87.5732
87.6989
87.8246
87.9504
88.0762
88.2021
88.3279
88.4538
88.5798
88.7058
88.8318
88.9578
89.0839
89.2101
89.3362
89.4624
89.5886
89.7149
89.8412
89.9675
90.0939
90.2203
90.3467
90.4732
90.5997
90.7263
90.8528
90.9795
91.1061
91.2328
91.3595
91.4862
91.613
91.7399
91.8667
91.9936
92.1205
92.2475
92.3745
92.5015
92.6286
92.7557
92.8828
93.01
93.1372
93.2644
93.3917
93.519
93.6463
93.7737
93.9011
94.0286
94.1561
94.2836
94.4111
94.5387
94.6663
94.794
94.9217
95.0494
95.1771
95.3049
95.4328
95.5606
95.6885
95.8164
95.9444
96.0724
96.2004
96.3285
96.4566
96.5847
96.7129
96.8411
96.9693
97.0976
97.2259
97.3542
97.4826
97.611
97.7394
97.8679
97.9964
98.1249
98.2535
98.3821
98.5108
98.6394
98.7681
98.8969
99.0256
99.1545
99.2833
99.4122
99.5411
99.67
99.799
99.928
100.057
100.186
100.315
100.444
100.574
100.703
100.832
100.961
101.091
101.22
101.349
101.479
101.608
101.738
101.867
101.997
102.126
102.256
102.385
102.515
102.645
102.775
102.904
103.034
103.164
103.294
103.424
103.554
103.684
103.814
103.944
104.074
104.204
104.334
104.464
104.594
104.725
104.855
104.985
105.116
105.246
105.376
105.507
105.637
105.768
105.898
106.029
106.159
106.29
106.421
106.551
106.682
106.813
106.944
107.074
107.205
107.336
107.467
107.598
107.729
107.86
107.991
108.122
108.253
108.384
108.516
108.647
108.778
108.909
109.041
109.172
109.303
109.435
109.566
109.698
109.829
109.961
110.092
110.224
110.355
110.487
110.619
110.75
110.882
111.014
111.146
111.278
111.41
111.541
111.673
111.805
111.937
112.069
112.201
112.334
112.466
112.598
112.73
112.862
112.995
113.127
113.259
113.392
113.524
113.656
113.789
113.921
114.054
114.186
114.319
114.452
114.584
114.717
114.85
114.982
115.115
115.248
115.381
115.514
115.646
115.779
115.912
116.045
116.178
116.311
116.444
116.578
116.711
116.844
116.977
117.11
117.244
117.377
117.51
117.644
117.777
117.91
118.044
118.177
118.311
118.444
118.578
118.712
118.845
118.979
119.113
119.246
119.38
119.514
119.648
119.782
119.916
120.049
120.183
120.317
120.451
120.585
120.72
120.854
120.988
121.122
121.256
121.39
121.525
121.659
121.793
121.928
122.062
122.196
122.331
122.465
122.6
122.734
122.869
123.004
123.138
123.273
123.408
123.542
123.677
123.812
123.947
124.081
124.216
124.351
124.486
124.621
124.756
124.891
125.026
125.161
125.296
125.431
125.567
125.702
125.837
125.972
126.108
126.243
126.378
126.514
126.649
126.785
126.92
127.056
127.191
127.327
127.462
127.598
127.733
127.869
128.005
128.141
128.276
128.412
128.548
128.684
128.82
128.956
129.091
129.227
129.363
129.499
129.635
129.771
129.907
130.043
130.18
130.316
130.452
130.588
130.724
130.86
130.996
131.132
131.269
131.405
131.541
131.677
131.813
131.949
132.085
132.221
132.357
132.493
132.629
132.765
132.901
133.037
133.172
133.308
133.444
133.579
133.714
133.849
133.985
134.119
134.254
134.389
134.523
134.657
134.791
134.925
135.059
135.192
135.325
135.458
135.59
135.722
135.854
135.985
136.116
136.247
136.377
136.507
136.636
136.765
136.893
137.021
137.148
137.274
137.4
137.526
137.65
137.775
137.898
138.021
138.143
138.265
138.386
138.506
138.625
138.744
138.862
138.979
139.095
139.211
139.326
139.441
139.555
139.668
139.78
139.892
140.003
140.114
140.224
140.334
140.443
140.552
140.66
140.768
140.876
140.983
141.09
141.197
141.304
141.411
141.518
141.624
141.731
141.838
141.945
142.053
142.16
142.268
142.376
142.485
142.594
142.703
142.814
142.924
143.035
143.147
143.26
143.373
143.487
143.602
143.717
143.833
143.95
144.068
144.186
144.305
144.425
144.546
144.668
144.791
144.914
145.038
145.163
145.288
145.415
145.542
145.67
145.798
145.927
146.057
146.188
146.319
146.451
146.583
146.716
146.85
146.984
147.118
147.253
147.389
147.525
147.662
147.799
147.936
148.074
148.212
148.35
148.489
148.628
148.767
148.907
149.047
149.187
149.327
149.468
149.609
149.75
149.891
150.032
150.174
150.315
150.457
150.599
150.741
150.883
151.025
151.167
151.309
151.451
151.593
151.735
151.877
152.019
152.161
152.302
152.444
152.585
152.726
152.866
153.006
153.146
153.285
153.424
153.562
153.699
153.836
153.971
154.106
154.24
154.372
154.503
154.633
154.762
154.889
155.014
155.137
155.259
155.378
155.495
155.611
155.724
155.834
155.942
156.048
156.151
156.252
156.35
156.445
156.538
156.628
156.716
156.802
156.885
156.966
157.045
157.123
157.198
157.272
157.344
157.416
157.486
157.556
157.625
157.694
157.762
157.831
157.9
157.969
158.039
158.11
158.181
158.254
158.328
158.403
158.479
158.557
158.636
158.716
158.799
158.882
158.968
159.055
159.143
159.234
159.325
159.418
159.513
159.61
159.707
159.806
159.907
160.009
160.112
160.217
160.323
160.43
160.538
160.648
160.759
160.871
160.983
161.098
161.213
161.329
161.446
161.564
161.683
161.803
161.924
162.046
162.169
162.293
162.418
162.543
162.669
162.796
162.924
163.053
163.182
163.313
163.444
163.576
163.708
163.841
163.975
164.11
164.245
164.381
164.518
164.655
164.793
164.932
165.071
165.211
165.351
165.492
165.634
165.776
165.919
166.063
166.207
166.351
166.496
166.642
166.788
166.935
167.082
167.23
167.378
167.527
167.677
167.826
167.977
168.128
168.279
168.432
168.585
168.74
169.018
)
;

boundaryField
{
    sides
    {
        type            calculated;
        value           nonuniform List<scalar> 2(169.018 18.6422);
    }
    empty
    {
        type            empty;
    }
}


// ************************************************************************* //
