/*--------------------------------*- C++ -*----------------------------------*\
| =========                 |                                                 |
| \\      /  F ield         | OpenFOAM: The Open Source CFD Toolbox           |
|  \\    /   O peration     | Version:  2406                                  |
|   \\  /    A nd           | Website:  www.openfoam.com                      |
|    \\/     M anipulation  |                                                 |
\*---------------------------------------------------------------------------*/
FoamFile
{
    version     2.0;
    format      ascii;
    arch        "LSB;label=32;scalar=64";
    class       volScalarField;
    location    "0.044";
    object      p;
}
// * * * * * * * * * * * * * * * * * * * * * * * * * * * * * * * * * * * * * //

dimensions      [1 -1 -2 0 0 0 0];

internalField   nonuniform List<scalar> 
1000
(
10499.4
10498.2
10496.1
10494.3
10492.8
10491.3
10489.7
10488.2
10486.7
10485.1
10483.6
10482.1
10480.6
10479.1
10477.6
10476.1
10474.6
10473.1
10471.6
10470.2
10468.7
10467.2
10465.8
10464.3
10462.9
10461.5
10460
10458.6
10457.2
10455.8
10454.4
10453
10451.6
10450.2
10448.8
10447.5
10446.1
10444.7
10443.4
10442.1
10440.7
10439.4
10438.1
10436.8
10435.4
10434.1
10432.8
10431.6
10430.3
10429
10427.7
10426.5
10425.2
10424
10422.8
10421.5
10420.3
10419.1
10417.9
10416.7
10415.5
10414.4
10413.2
10412
10410.9
10409.8
10408.6
10407.5
10406.4
10405.3
10404.2
10403.1
10402
10401
10399.9
10398.9
10397.8
10396.8
10395.8
10394.8
10393.8
10392.8
10391.9
10390.9
10390
10389
10388.1
10387.2
10386.3
10385.4
10384.5
10383.7
10382.8
10382
10381.2
10380.4
10379.6
10378.8
10378
10377.3
10376.5
10375.8
10375.1
10374.4
10373.8
10373.1
10372.4
10371.8
10371.2
10370.6
10370
10369.5
10369
10368.4
10367.9
10367.4
10367
10366.5
10366.1
10365.7
10365.3
10364.9
10364.6
10364.3
10364
10363.7
10363.4
10363.2
10363
10362.8
10362.6
10362.5
10362.4
10362.3
10362.3
10362.2
10362.2
10362.2
10362.3
10362.3
10362.5
10362.6
10362.8
10363
10363.3
10363.5
10363.9
10364.2
10364.6
10365
10365.4
10365.9
10366.4
10367
10367.6
10368.2
10368.9
10369.6
10370.4
10371.1
10372
10372.9
10373.8
10374.7
10375.7
10376.8
10377.9
10379.1
10380.2
10381.5
10382.8
10384.1
10385.5
10387
10388.5
10390
10391.6
10393.3
10395
10396.8
10398.6
10400.5
10402.5
10404.5
10406.5
10408.7
10410.9
10413.1
10415.4
10417.8
10420.3
10422.8
10425.3
10428
10430.7
10433.5
10436.3
10439.2
10442.2
10445.3
10448.4
10451.6
10454.8
10458.2
10461.6
10465
10468.6
10472.2
10475.9
10479.7
10483.5
10487.4
10491.4
10495.4
10499.5
10503.7
10508
10512.3
10516.7
10521.2
10525.7
10530.3
10535
10539.8
10544.6
10549.4
10554.4
10559.4
10564.4
10569.6
10574.8
10580
10585.3
10590.7
10596.1
10601.6
10607.1
10612.7
10618.3
10624
10629.8
10635.6
10641.4
10647.3
10653.2
10659.2
10665.2
10671.2
10677.3
10683.4
10689.6
10695.8
10702
10708.3
10714.6
10720.9
10727.3
10733.7
10740.1
10746.5
10753
10759.5
10766
10772.5
10779.1
10785.7
10792.3
10798.9
10805.5
10812.2
10818.8
10825.5
10832.2
10839
10845.7
10852.4
10859.2
10866
10872.7
10879.5
10886.3
10893.2
10900
10906.8
10913.7
10920.5
10927.4
10934.3
10941.1
10948
10954.9
10961.9
10968.8
10975.7
10982.6
10989.6
10996.5
11003.5
11010.4
11017.4
11024.4
11031.4
11038.3
11045.3
11052.3
11059.4
11066.4
11073.4
11080.4
11087.5
11094.5
11101.5
11108.6
11115.7
11122.7
11129.8
11136.9
11144
11151
11158.1
11165.2
11172.3
11179.5
11186.6
11193.7
11200.8
11208
11215.1
11222.3
11229.4
11236.6
11243.8
11250.9
11258.1
11265.3
11272.5
11279.7
11286.9
11294.1
11301.3
11308.6
11315.8
11323
11330.3
11337.5
11344.8
11352
11359.3
11366.6
11373.8
11381.1
11388.4
11395.7
11403
11410.3
11417.6
11425
11432.3
11439.6
11447
11454.3
11461.7
11469
11476.4
11483.8
11491.1
11498.5
11505.9
11513.3
11520.7
11528.1
11535.5
11542.9
11550.4
11557.8
11565.2
11572.7
11580.1
11587.6
11595
11602.5
11610
11617.5
11625
11632.5
11640
11647.5
11655
11662.5
11670
11677.5
11685.1
11692.6
11700.2
11707.7
11715.3
11722.9
11730.4
11738
11745.6
11753.2
11760.8
11768.4
11776
11783.6
11791.3
11798.9
11806.5
11814.2
11821.8
11829.5
11837.1
11844.8
11852.5
11860.2
11867.9
11875.5
11883.2
11891
11898.7
11906.4
11914.1
11921.8
11929.6
11937.3
11945.1
11952.8
11960.6
11968.4
11976.2
11983.9
11991.7
11999.5
12007.3
12015.1
12022.9
12030.8
12038.6
12046.4
12054.3
12062.1
12070
12077.8
12085.7
12093.6
12101.5
12109.3
12117.2
12125.1
12133
12140.9
12148.9
12156.8
12164.7
12172.7
12180.6
12188.6
12196.5
12204.5
12212.4
12220.4
12228.4
12236.4
12244.4
12252.4
12260.4
12268.4
12276.4
12284.5
12292.5
12300.6
12308.6
12316.7
12324.7
12332.8
12340.9
12348.9
12357
12365.1
12373.2
12381.3
12389.5
12397.6
12405.7
12413.8
12422
12430.1
12438.3
12446.4
12454.6
12462.8
12471
12479.2
12487.4
12495.6
12503.8
12512
12520.2
12528.4
12536.7
12544.9
12553.2
12561.4
12569.7
12577.9
12586.2
12594.5
12602.8
12611.1
12619.4
12627.7
12636
12644.3
12652.7
12661
12669.3
12677.7
12686
12694.4
12702.8
12711.2
12719.5
12727.9
12736.3
12744.7
12753.1
12761.6
12770
12778.4
12786.9
12795.3
12803.7
12812.2
12820.7
12829.1
12837.6
12846.1
12854.6
12863.1
12871.6
12880.1
12888.6
12897.2
12905.7
12914.2
12922.8
12931.4
12939.9
12948.5
12957.1
12965.6
12974.2
12982.8
12991.4
13000
13008.7
13017.3
13025.9
13034.6
13043.2
13051.9
13060.5
13069.2
13077.9
13086.5
13095.2
13103.9
13112.6
13121.3
13130
13138.8
13147.5
13156.2
13165
13173.7
13182.5
13191.2
13200
13208.8
13217.6
13226.4
13235.2
13244
13252.8
13261.6
13270.4
13279.3
13288.1
13297
13305.8
13314.7
13323.6
13332.4
13341.3
13350.2
13359.1
13368
13376.9
13385.9
13394.8
13403.7
13412.7
13421.6
13430.6
13439.5
13448.5
13457.5
13466.5
13475.5
13484.5
13493.5
13502.5
13511.5
13520.5
13529.6
13538.6
13547.7
13556.7
13565.8
13574.9
13584
13593
13602.1
13611.2
13620.3
13629.5
13638.6
13647.7
13656.9
13666
13675.2
13684.3
13693.5
13702.7
13711.8
13721
13730.2
13739.4
13748.6
13757.9
13767.1
13776.3
13785.6
13794.8
13804.1
13813.3
13822.6
13831.9
13841.2
13850.5
13859.8
13869.1
13878.4
13887.7
13897
13906.4
13915.7
13925.1
13934.4
13943.8
13953.2
13962.6
13972
13981.4
13990.8
14000.2
14009.6
14019
14028.5
14037.9
14047.4
14056.8
14066.3
14075.8
14085.3
14094.7
14104.2
14113.8
14123.3
14132.8
14142.3
14151.9
14161.4
14171
14180.5
14190.1
14199.7
14209.3
14218.9
14228.5
14238.1
14247.8
14257.4
14267.1
14276.7
14286.4
14296.1
14305.8
14315.5
14325.3
14335
14344.7
14354.5
14364.3
14374.1
14383.9
14393.7
14403.6
14413.5
14423.4
14433.3
14443.2
14453.1
14463.1
14473.1
14483.1
14493.2
14503.3
14513.4
14523.5
14533.7
14543.9
14554.1
14564.4
14574.7
14585
14595.4
14605.8
14616.3
14626.8
14637.4
14648
14658.6
14669.3
14680.1
14690.9
14701.8
14712.7
14723.6
14734.7
14745.8
14756.9
14768.1
14779.4
14790.8
14802.2
14813.6
14825.2
14836.8
14848.4
14860.2
14872
14883.8
14895.7
14907.7
14919.7
14931.8
14944
14956.2
14968.5
14980.8
14993.1
15005.5
15018
15030.5
15043
15055.6
15068.2
15080.8
15093.5
15106.1
15118.8
15131.5
15144.2
15156.9
15169.7
15182.4
15195.1
15207.8
15220.5
15233.2
15245.8
15258.5
15271.1
15283.7
15296.2
15308.7
15321.2
15333.7
15346.1
15358.5
15370.8
15383.1
15395.3
15407.5
15419.7
15431.8
15443.8
15455.8
15467.8
15479.7
15491.5
15503.4
15515.1
15526.8
15538.5
15550.2
15561.8
15573.3
15584.8
15596.3
15607.7
15619.1
15630.5
15641.8
15653.1
15664.3
15675.6
15686.8
15697.9
15709.1
15720.2
15731.3
15742.4
15753.5
15764.5
15775.5
15786.5
15797.5
15808.5
15819.5
15830.4
15841.4
15852.3
15863.2
15874.2
15885.1
15896
15906.9
15917.8
15928.7
15939.6
15950.6
15961.5
15972.4
15983.3
15994.2
16005.2
16016.1
16027.1
16038
16049
16060
16071
16082.1
16093.2
16104.2
16115.4
16126.5
16137.7
16148.9
16160.2
16171.5
16182.9
16194.3
16205.8
16217.4
16229.1
16240.8
16252.6
16264.6
16276.6
16288.8
16301.1
16313.5
16326.1
16338.8
16351.7
16364.7
16378
16391.4
16405
16418.8
16432.9
16447.1
16461.6
16476.2
16491.1
16506.3
16521.6
16537.2
16553
16568.9
16585.1
16601.5
16618.1
16634.8
16651.7
16668.8
16686
16703.3
16720.7
16738.2
16755.7
16773.3
16791
16808.7
16826.3
16844
16861.6
16879.2
16896.8
16914.3
16931.7
16949.1
16966.3
16983.5
17000.6
17017.5
17034.4
17051.1
17067.8
17084.3
17100.7
17117
17133.2
17149.3
17165.3
17181.2
17197
17212.6
17228.2
17243.7
17259.1
17274.4
17289.6
17304.7
17319.7
17334.7
17349.5
17364.3
17379
17393.7
17408.2
17422.7
17437.2
17451.5
17465.8
17480
17494.2
17508.3
17522.3
17536.3
17550.2
17564.1
17577.9
17591.7
17605.4
17619
17632.6
17646.1
17659.6
17673.1
17686.5
17699.8
17713.1
17726.4
17739.6
17752.8
17765.9
17779
17792
17805
17817.9
17830.8
17843.7
17856.6
17869.3
17882.1
17894.8
17907.5
17920.1
17932.7
17945.3
17957.9
17970.4
17982.8
17995.3
18007.7
18020
18032.4
18044.7
18056.9
18069.2
18081.4
18093.5
18105.7
18117.7
18129.8
18141.6
)
;

boundaryField
{
    sides
    {
        type            zeroGradient;
    }
    empty
    {
        type            empty;
    }
}


// ************************************************************************* //
