/*--------------------------------*- C++ -*----------------------------------*\
| =========                 |                                                 |
| \\      /  F ield         | OpenFOAM: The Open Source CFD Toolbox           |
|  \\    /   O peration     | Version:  2406                                  |
|   \\  /    A nd           | Website:  www.openfoam.com                      |
|    \\/     M anipulation  |                                                 |
\*---------------------------------------------------------------------------*/
FoamFile
{
    version     2.0;
    format      ascii;
    arch        "LSB;label=32;scalar=64";
    class       surfaceScalarField;
    location    "0.044";
    object      phi;
}
// * * * * * * * * * * * * * * * * * * * * * * * * * * * * * * * * * * * * * //

dimensions      [1 0 -1 0 0 0 0];

oriented        oriented;

internalField   nonuniform List<scalar> 
999
(
15.2095
15.4125
15.6154
15.8183
16.021
16.2236
16.4261
16.6285
16.8308
17.033
17.2351
17.4371
17.639
17.8408
18.0425
18.244
18.4454
18.6468
18.8482
19.0494
19.2505
19.4514
19.6521
19.8528
20.0533
20.2539
20.4544
20.6549
20.8552
21.0554
21.2553
21.455
21.6546
21.854
22.0534
22.2528
22.4522
22.6517
22.8512
23.0505
23.2498
23.4488
23.6475
23.846
24.0442
24.2421
24.4398
24.6373
24.8348
25.0323
25.2299
25.4276
25.6256
25.8238
26.0222
26.2208
26.4196
26.6186
26.8175
27.0165
27.2155
27.4144
27.6133
27.8122
28.011
28.21
28.4094
28.6087
28.808
29.0071
29.2062
29.4052
29.6041
29.8029
30.0016
30.2001
30.3986
30.597
30.7952
30.9933
31.1913
31.3892
31.5869
31.7845
31.982
32.1794
32.3766
32.5737
32.7707
32.9675
33.1642
33.3608
33.5572
33.7534
33.9495
34.1455
34.3413
34.537
34.7325
34.9278
35.123
35.318
35.5129
35.7075
35.902
36.0964
36.2905
36.4845
36.6783
36.872
37.0654
37.2586
37.4517
37.6445
37.8372
38.0296
38.2219
38.4139
38.6058
38.7974
38.9888
39.18
39.3709
39.5616
39.7521
39.9424
40.1324
40.3221
40.5116
40.7009
40.8898
41.0786
41.267
41.4552
41.643
41.8306
42.0179
42.2051
42.392
42.5784
42.7644
42.9501
43.1354
43.3204
43.505
43.6893
43.8733
44.0569
44.2402
44.4231
44.6057
44.7879
44.9697
45.1511
45.3322
45.5128
45.6931
45.8729
46.0524
46.2314
46.41
46.5881
46.7658
46.943
47.1198
47.2962
47.472
47.6474
47.8223
47.9967
48.1706
48.344
48.5168
48.6892
48.861
49.0323
49.2031
49.3733
49.543
49.7121
49.8806
50.0485
50.2159
50.3827
50.5489
50.7145
50.8795
51.0439
51.2076
51.3708
51.5333
51.6952
51.8564
52.017
52.177
52.3363
52.495
52.653
52.8104
52.9671
53.1232
53.2786
53.4333
53.5873
53.7407
53.8935
54.0456
54.197
54.3477
54.4978
54.6473
54.7961
54.9442
55.0917
55.2386
55.3848
55.5305
55.6755
55.8198
55.9636
56.1068
56.2494
56.3914
56.5328
56.6737
56.814
56.9538
57.0931
57.2319
57.3701
57.5079
57.6452
57.782
57.9184
58.0543
58.1899
58.325
58.4597
58.5941
58.7281
58.8617
58.995
59.128
59.2607
59.3931
59.5253
59.6571
59.7888
59.9202
60.0514
60.1824
60.3132
60.4439
60.5744
60.7047
60.835
60.9651
61.0951
61.225
61.3548
61.4846
61.6143
61.744
61.8736
62.0032
62.1327
62.2623
62.3919
62.5215
62.6511
62.7807
62.9103
63.04
63.1698
63.2996
63.4294
63.5593
63.6893
63.8194
63.9495
64.0797
64.21
64.3404
64.4709
64.6015
64.7322
64.863
64.994
65.125
65.2561
65.3874
65.5188
65.6503
65.7819
65.9136
66.0455
66.1775
66.3096
66.4419
66.5743
66.7068
66.8395
66.9723
67.1052
67.2383
67.3715
67.5048
67.6383
67.7719
67.9057
68.0396
68.1736
68.3078
68.4421
68.5766
68.7112
68.8459
68.9808
69.1158
69.251
69.3863
69.5218
69.6574
69.7932
69.9291
70.0651
70.2013
70.3377
70.4741
70.6108
70.7475
70.8845
71.0215
71.1587
71.2961
71.4336
71.5713
71.7091
71.847
71.9851
72.1233
72.2617
72.4003
72.5389
72.6778
72.8167
72.9559
73.0951
73.2346
73.3741
73.5139
73.6537
73.7937
73.9339
74.0742
74.2147
74.3553
74.4961
74.637
74.778
74.9192
75.0606
75.2021
75.3438
75.4856
75.6276
75.7697
75.9119
76.0544
76.1969
76.3396
76.4825
76.6255
76.7687
76.912
77.0555
77.1991
77.3429
77.4868
77.6309
77.7752
77.9196
78.0641
78.2088
78.3536
78.4986
78.6438
78.7891
78.9346
79.0802
79.226
79.3719
79.518
79.6642
79.8106
79.9571
80.1038
80.2507
80.3977
80.5448
80.6921
80.8396
80.9872
81.135
81.283
81.4311
81.5793
81.7277
81.8763
82.025
82.1739
82.3229
82.4721
82.6214
82.7709
82.9206
83.0704
83.2204
83.3705
83.5208
83.6713
83.8219
83.9726
84.1236
84.2746
84.4259
84.5773
84.7288
84.8805
85.0324
85.1844
85.3366
85.489
85.6415
85.7942
85.947
86.1
86.2531
86.4064
86.5599
86.7135
86.8673
87.0213
87.1754
87.3297
87.4841
87.6387
87.7934
87.9484
88.1034
88.2587
88.4141
88.5696
88.7254
88.8813
89.0373
89.1935
89.3499
89.5064
89.6631
89.82
89.977
90.1342
90.2916
90.4491
90.6068
90.7646
90.9226
91.0808
91.2391
91.3976
91.5563
91.7151
91.8741
92.0333
92.1926
92.3521
92.5118
92.6716
92.8316
92.9917
93.1521
93.3125
93.4732
93.634
93.795
93.9561
94.1175
94.2789
94.4406
94.6024
94.7644
94.9266
95.0889
95.2514
95.414
95.5768
95.7398
95.903
96.0663
96.2298
96.3935
96.5573
96.7213
96.8855
97.0498
97.2144
97.379
97.5439
97.7089
97.8741
98.0395
98.205
98.3707
98.5366
98.7026
98.8688
99.0352
99.2018
99.3685
99.5354
99.7025
99.8697
100.037
100.205
100.372
100.54
100.708
100.877
101.045
101.214
101.383
101.552
101.721
101.89
102.06
102.229
102.399
102.569
102.739
102.91
103.08
103.251
103.422
103.593
103.764
103.935
104.107
104.279
104.451
104.623
104.795
104.967
105.14
105.313
105.486
105.659
105.832
106.006
106.18
106.353
106.527
106.702
106.876
107.051
107.225
107.4
107.575
107.751
107.926
108.102
108.278
108.454
108.63
108.806
108.983
109.16
109.336
109.514
109.691
109.868
110.046
110.224
110.402
110.58
110.758
110.937
111.115
111.294
111.473
111.653
111.832
112.012
112.191
112.371
112.552
112.732
112.912
113.093
113.274
113.455
113.636
113.818
113.999
114.181
114.363
114.545
114.728
114.91
115.093
115.276
115.459
115.642
115.826
116.01
116.193
116.377
116.562
116.746
116.931
117.115
117.3
117.485
117.671
117.856
118.042
118.228
118.414
118.6
118.787
118.973
119.16
119.347
119.534
119.722
119.909
120.097
120.285
120.473
120.661
120.85
121.039
121.228
121.417
121.606
121.795
121.985
122.175
122.365
122.555
122.746
122.936
123.127
123.318
123.509
123.701
123.892
124.084
124.276
124.468
124.66
124.853
125.046
125.238
125.432
125.625
125.818
126.012
126.206
126.4
126.594
126.789
126.983
127.178
127.373
127.568
127.764
127.959
128.155
128.351
128.547
128.743
128.94
129.137
129.334
129.531
129.728
129.925
130.123
130.321
130.519
130.717
130.915
131.114
131.313
131.511
131.71
131.91
132.109
132.309
132.508
132.708
132.908
133.108
133.308
133.509
133.709
133.91
134.111
134.312
134.512
134.714
134.915
135.116
135.317
135.519
135.72
135.922
136.123
136.325
136.526
136.728
136.93
137.131
137.333
137.535
137.736
137.938
138.139
138.341
138.542
138.743
138.944
139.146
139.347
139.547
139.748
139.949
140.149
140.35
140.55
140.75
140.95
141.149
141.349
141.548
141.747
141.946
142.145
142.344
142.542
142.741
142.939
143.137
143.335
143.533
143.73
143.928
144.125
144.323
144.52
144.717
144.915
145.112
145.309
145.507
145.704
145.902
146.1
146.298
146.496
146.694
146.892
147.091
147.29
147.49
147.689
147.889
148.09
148.291
148.492
148.694
148.896
149.099
149.302
149.506
149.71
149.915
150.121
150.327
150.533
150.741
150.949
151.157
151.366
151.576
151.786
151.997
152.209
152.421
152.634
152.848
153.062
153.277
153.492
153.708
153.925
154.142
154.359
154.578
154.796
155.016
155.236
155.456
155.677
155.899
156.121
156.343
156.566
156.789
157.013
157.237
157.462
157.687
157.913
158.139
158.365
158.592
158.819
159.046
159.274
159.502
159.731
159.959
160.189
160.418
160.648
160.878
161.108
161.339
161.57
161.801
162.033
162.264
162.496
162.729
162.961
163.194
163.427
163.66
163.893
164.126
164.36
164.594
164.828
165.062
165.296
165.53
165.764
165.999
166.233
166.467
166.701
166.935
167.169
167.403
167.637
167.87
168.103
168.336
168.568
168.8
169.031
169.262
169.492
169.722
169.951
170.179
170.406
170.632
170.858
171.082
171.306
171.528
171.749
171.97
172.189
172.407
172.625
172.841
173.056
173.27
173.483
173.696
173.907
174.118
174.328
174.538
174.747
174.955
175.164
175.372
175.58
175.788
175.997
176.205
176.414
176.624
176.834
177.044
177.255
177.467
177.68
177.893
178.108
178.323
178.54
178.757
178.976
179.196
179.416
179.638
179.861
180.084
180.309
180.535
180.762
180.99
181.219
181.449
181.68
181.912
182.145
182.379
182.614
182.85
183.086
183.323
183.562
183.801
184.041
184.282
184.523
184.765
185.009
185.252
185.497
185.742
185.989
186.235
186.483
186.731
186.98
187.23
187.48
187.731
187.983
188.235
188.488
188.742
188.996
189.251
189.507
189.763
190.019
190.277
190.535
190.793
191.053
191.312
191.573
191.833
192.095
192.357
192.62
192.883
193.146
193.411
193.675
193.941
194.207
194.473
194.74
195.007
195.275
195.544
195.813
196.082
196.352
196.623
196.894
197.166
197.438
197.71
197.983
198.256
198.53
198.805
199.08
)
;

boundaryField
{
    sides
    {
        type            calculated;
        value           nonuniform List<scalar> 2(199.355 -15.0063);
    }
    empty
    {
        type            empty;
    }
}


// ************************************************************************* //
