/*--------------------------------*- C++ -*----------------------------------*\
| =========                 |                                                 |
| \\      /  F ield         | OpenFOAM: The Open Source CFD Toolbox           |
|  \\    /   O peration     | Version:  2406                                  |
|   \\  /    A nd           | Website:  www.openfoam.com                      |
|    \\/     M anipulation  |                                                 |
\*---------------------------------------------------------------------------*/
FoamFile
{
    version     2.0;
    format      ascii;
    arch        "LSB;label=32;scalar=64";
    class       volScalarField;
    location    "0.044";
    object      T;
}
// * * * * * * * * * * * * * * * * * * * * * * * * * * * * * * * * * * * * * //

dimensions      [0 0 0 1 0 0 0];

internalField   nonuniform List<scalar> 
1000
(
181.316
181.328
181.345
181.363
181.382
181.401
181.42
181.438
181.457
181.477
181.496
181.515
181.534
181.553
181.572
181.592
181.612
181.631
181.65
181.668
181.687
181.706
181.726
181.746
181.766
181.786
181.804
181.822
181.84
181.858
181.877
181.897
181.918
181.939
181.959
181.979
181.998
182.015
182.031
182.047
182.062
182.079
182.096
182.114
182.134
182.155
182.177
182.2
182.222
182.243
182.263
182.281
182.297
182.311
182.321
182.33
182.336
182.341
182.345
182.347
182.349
182.351
182.352
182.352
182.352
182.351
182.348
182.343
182.337
182.332
182.327
182.321
182.316
182.311
182.305
182.3
182.295
182.289
182.284
182.279
182.274
182.269
182.264
182.259
182.254
182.249
182.244
182.24
182.235
182.231
182.226
182.222
182.217
182.213
182.209
182.205
182.201
182.197
182.193
182.189
182.185
182.182
182.178
182.174
182.171
182.167
182.164
182.161
182.158
182.155
182.152
182.149
182.146
182.143
182.141
182.138
182.136
182.133
182.131
182.129
182.127
182.125
182.123
182.122
182.12
182.119
182.117
182.116
182.115
182.114
182.113
182.112
182.112
182.111
182.111
182.11
182.11
182.11
182.11
182.111
182.111
182.112
182.113
182.114
182.115
182.116
182.118
182.119
182.121
182.123
182.125
182.128
182.13
182.133
182.136
182.139
182.142
182.146
182.15
182.154
182.158
182.162
182.167
182.171
182.176
182.182
182.187
182.193
182.199
182.205
182.211
182.218
182.225
182.232
182.24
182.247
182.255
182.264
182.272
182.281
182.29
182.3
182.309
182.319
182.33
182.34
182.351
182.362
182.374
182.386
182.398
182.411
182.423
182.437
182.45
182.464
182.478
182.493
182.507
182.523
182.538
182.554
182.57
182.587
182.604
182.621
182.639
182.657
182.675
182.694
182.713
182.733
182.752
182.772
182.793
182.814
182.835
182.856
182.878
182.901
182.923
182.946
182.969
182.993
183.017
183.041
183.065
183.09
183.115
183.14
183.166
183.192
183.218
183.245
183.272
183.299
183.326
183.354
183.382
183.41
183.438
183.466
183.495
183.524
183.553
183.583
183.612
183.642
183.672
183.702
183.732
183.763
183.793
183.824
183.855
183.886
183.917
183.949
183.98
184.012
184.043
184.075
184.107
184.139
184.171
184.203
184.235
184.267
184.3
184.332
184.365
184.397
184.43
184.463
184.495
184.528
184.561
184.594
184.627
184.66
184.693
184.726
184.759
184.792
184.825
184.858
184.892
184.925
184.958
184.991
185.025
185.058
185.092
185.125
185.158
185.192
185.225
185.259
185.292
185.326
185.359
185.393
185.427
185.46
185.494
185.527
185.561
185.595
185.628
185.662
185.696
185.729
185.763
185.797
185.831
185.864
185.898
185.932
185.966
186
186.034
186.067
186.101
186.135
186.169
186.203
186.237
186.271
186.305
186.339
186.373
186.407
186.441
186.475
186.509
186.543
186.577
186.611
186.645
186.679
186.713
186.748
186.782
186.816
186.85
186.884
186.918
186.953
186.987
187.021
187.055
187.09
187.124
187.158
187.193
187.227
187.261
187.296
187.33
187.364
187.399
187.433
187.468
187.502
187.536
187.571
187.605
187.64
187.674
187.709
187.743
187.778
187.812
187.847
187.881
187.916
187.951
187.985
188.02
188.055
188.089
188.124
188.159
188.193
188.228
188.263
188.297
188.332
188.367
188.402
188.436
188.471
188.506
188.541
188.576
188.611
188.645
188.68
188.715
188.75
188.785
188.82
188.855
188.89
188.925
188.96
188.995
189.03
189.065
189.1
189.135
189.17
189.205
189.24
189.275
189.31
189.345
189.381
189.416
189.451
189.486
189.521
189.556
189.592
189.627
189.662
189.697
189.733
189.768
189.803
189.838
189.874
189.909
189.944
189.98
190.015
190.05
190.086
190.121
190.157
190.192
190.228
190.263
190.299
190.334
190.37
190.405
190.441
190.476
190.512
190.547
190.583
190.618
190.654
190.689
190.725
190.761
190.796
190.832
190.868
190.903
190.939
190.975
191.011
191.046
191.082
191.118
191.154
191.189
191.225
191.261
191.297
191.333
191.369
191.404
191.44
191.476
191.512
191.548
191.584
191.62
191.656
191.692
191.728
191.764
191.8
191.836
191.872
191.908
191.944
191.98
192.016
192.052
192.089
192.125
192.161
192.197
192.233
192.269
192.305
192.342
192.378
192.414
192.45
192.487
192.523
192.559
192.595
192.632
192.668
192.704
192.741
192.777
192.814
192.85
192.886
192.923
192.959
192.996
193.032
193.069
193.105
193.141
193.178
193.215
193.251
193.288
193.324
193.361
193.397
193.434
193.47
193.507
193.544
193.58
193.617
193.654
193.69
193.727
193.764
193.8
193.837
193.874
193.911
193.948
193.984
194.021
194.058
194.095
194.132
194.168
194.205
194.242
194.279
194.316
194.353
194.39
194.427
194.464
194.501
194.538
194.575
194.612
194.649
194.686
194.723
194.76
194.797
194.834
194.871
194.908
194.945
194.982
195.019
195.057
195.094
195.131
195.168
195.205
195.243
195.28
195.317
195.354
195.392
195.429
195.466
195.504
195.541
195.578
195.616
195.653
195.69
195.728
195.765
195.802
195.84
195.877
195.915
195.952
195.99
196.027
196.065
196.102
196.14
196.177
196.215
196.252
196.29
196.328
196.365
196.403
196.44
196.478
196.516
196.553
196.591
196.629
196.666
196.704
196.742
196.78
196.817
196.855
196.893
196.931
196.969
197.006
197.044
197.082
197.12
197.158
197.196
197.234
197.272
197.309
197.347
197.385
197.423
197.461
197.499
197.537
197.575
197.613
197.651
197.689
197.727
197.766
197.804
197.842
197.88
197.918
197.956
197.994
198.033
198.071
198.109
198.147
198.185
198.224
198.262
198.3
198.338
198.377
198.415
198.453
198.492
198.53
198.568
198.607
198.645
198.683
198.722
198.76
198.799
198.837
198.876
198.914
198.953
198.991
199.03
199.068
199.107
199.145
199.184
199.222
199.261
199.3
199.338
199.377
199.416
199.454
199.493
199.532
199.571
199.609
199.649
199.687
199.726
199.765
199.804
199.843
199.883
199.921
199.961
199.999
200.039
200.077
200.118
200.156
200.197
200.234
200.277
200.313
200.356
200.392
200.436
200.472
200.517
200.551
200.598
200.631
200.679
200.712
200.761
200.793
200.843
200.874
200.926
200.956
201.01
201.039
201.094
201.122
201.178
201.207
201.263
201.292
201.349
201.378
201.436
201.465
201.523
201.553
201.611
201.641
201.701
201.731
201.791
201.821
201.882
201.912
201.974
202.005
202.067
202.098
202.16
202.192
202.255
202.286
202.35
202.382
202.446
202.478
202.542
202.575
202.639
202.672
202.737
202.769
202.834
202.867
202.932
202.965
203.03
203.063
203.128
203.161
203.226
203.258
203.323
203.356
203.421
203.453
203.517
203.549
203.613
203.645
203.709
203.74
203.804
203.835
203.898
203.929
203.991
204.022
204.084
204.114
204.175
204.206
204.266
204.296
204.356
204.386
204.446
204.475
204.534
204.563
204.622
204.651
204.709
204.738
204.795
204.824
204.881
204.91
204.966
204.994
205.051
205.079
205.135
205.163
205.219
205.246
205.302
205.329
205.385
205.412
205.467
205.495
205.549
205.577
205.631
205.659
205.713
205.74
205.795
205.822
205.876
205.903
205.957
205.984
206.039
206.066
206.12
206.147
206.201
206.228
206.282
206.309
206.363
206.39
206.445
206.472
206.526
206.553
206.608
206.635
206.69
206.717
206.772
206.8
206.855
206.883
206.939
206.967
207.024
207.052
207.109
207.138
207.196
207.225
207.284
207.314
207.374
207.404
207.466
207.497
207.559
207.592
207.656
207.689
207.755
207.789
207.857
207.892
207.961
207.997
208.069
208.106
208.18
208.218
208.294
208.333
208.411
208.451
208.53
208.571
208.652
208.693
208.775
208.817
208.9
208.942
209.026
209.068
209.153
209.195
209.279
209.321
209.405
209.447
209.53
209.572
209.654
209.695
209.777
209.818
209.898
209.938
210.018
210.057
210.136
210.175
210.252
210.29
210.367
210.404
210.479
210.516
210.591
210.627
210.7
210.736
210.808
210.844
210.915
210.95
211.02
211.055
211.124
211.159
211.227
211.261
211.329
211.362
211.43
211.463
211.529
211.562
211.628
211.66
211.725
211.757
211.822
211.854
211.917
211.949
212.012
212.043
212.106
212.137
212.199
212.23
212.292
212.322
212.383
212.413
212.474
212.504
212.564
212.594
212.654
212.683
212.742
212.772
212.831
212.86
212.918
212.947
213.005
213.034
213.091
213.12
213.177
213.205
213.262
213.29
213.347
213.375
213.431
213.459
213.514
213.542
213.597
213.625
213.68
213.706
213.768
213.782
213.869
)
;

boundaryField
{
    sides
    {
        type            zeroGradient;
    }
    empty
    {
        type            empty;
    }
}


// ************************************************************************* //
