/*--------------------------------*- C++ -*----------------------------------*\
| =========                 |                                                 |
| \\      /  F ield         | OpenFOAM: The Open Source CFD Toolbox           |
|  \\    /   O peration     | Version:  2406                                  |
|   \\  /    A nd           | Website:  www.openfoam.com                      |
|    \\/     M anipulation  |                                                 |
\*---------------------------------------------------------------------------*/
FoamFile
{
    version     2.0;
    format      ascii;
    arch        "LSB;label=32;scalar=64";
    class       volVectorField;
    location    "0.044";
    object      U;
}
// * * * * * * * * * * * * * * * * * * * * * * * * * * * * * * * * * * * * * //

dimensions      [0 1 -1 0 0 0 0];

internalField   nonuniform List<vector> 
1000
(
(18.6422 0 0)
(18.916 0 0)
(19.2637 0 0)
(19.5501 0 0)
(19.8009 0 0)
(20.0497 0 0)
(20.3046 0 0)
(20.5625 0 0)
(20.8202 0 0)
(21.0774 0 0)
(21.3343 0 0)
(21.5912 0 0)
(21.8482 0 0)
(22.1052 0 0)
(22.3621 0 0)
(22.6191 0 0)
(22.876 0 0)
(23.133 0 0)
(23.3899 0 0)
(23.6467 0 0)
(23.9036 0 0)
(24.1604 0 0)
(24.4172 0 0)
(24.674 0 0)
(24.9308 0 0)
(25.1876 0 0)
(25.4443 0 0)
(25.701 0 0)
(25.9576 0 0)
(26.2142 0 0)
(26.4708 0 0)
(26.7273 0 0)
(26.9839 0 0)
(27.2403 0 0)
(27.4968 0 0)
(27.7532 0 0)
(28.0095 0 0)
(28.2659 0 0)
(28.5221 0 0)
(28.7783 0 0)
(29.0345 0 0)
(29.2906 0 0)
(29.5466 0 0)
(29.8026 0 0)
(30.0585 0 0)
(30.3144 0 0)
(30.5702 0 0)
(30.826 0 0)
(31.0817 0 0)
(31.3373 0 0)
(31.5929 0 0)
(31.8484 0 0)
(32.1039 0 0)
(32.3592 0 0)
(32.6145 0 0)
(32.8697 0 0)
(33.1249 0 0)
(33.3799 0 0)
(33.6349 0 0)
(33.8897 0 0)
(34.1445 0 0)
(34.3992 0 0)
(34.6538 0 0)
(34.9083 0 0)
(35.1626 0 0)
(35.4169 0 0)
(35.6711 0 0)
(35.9252 0 0)
(36.1792 0 0)
(36.4331 0 0)
(36.6868 0 0)
(36.9404 0 0)
(37.1939 0 0)
(37.4473 0 0)
(37.7006 0 0)
(37.9537 0 0)
(38.2067 0 0)
(38.4596 0 0)
(38.7123 0 0)
(38.9649 0 0)
(39.2173 0 0)
(39.4696 0 0)
(39.7217 0 0)
(39.9737 0 0)
(40.2256 0 0)
(40.4772 0 0)
(40.7287 0 0)
(40.9801 0 0)
(41.2312 0 0)
(41.4822 0 0)
(41.733 0 0)
(41.9836 0 0)
(42.2341 0 0)
(42.4843 0 0)
(42.7344 0 0)
(42.9842 0 0)
(43.2339 0 0)
(43.4833 0 0)
(43.7325 0 0)
(43.9815 0 0)
(44.2303 0 0)
(44.4789 0 0)
(44.7272 0 0)
(44.9753 0 0)
(45.2231 0 0)
(45.4707 0 0)
(45.7181 0 0)
(45.9652 0 0)
(46.2121 0 0)
(46.4586 0 0)
(46.705 0 0)
(46.951 0 0)
(47.1968 0 0)
(47.4422 0 0)
(47.6874 0 0)
(47.9323 0 0)
(48.1769 0 0)
(48.4212 0 0)
(48.6651 0 0)
(48.9088 0 0)
(49.1521 0 0)
(49.395 0 0)
(49.6377 0 0)
(49.8799 0 0)
(50.1218 0 0)
(50.3634 0 0)
(50.6046 0 0)
(50.8454 0 0)
(51.0858 0 0)
(51.3258 0 0)
(51.5654 0 0)
(51.8045 0 0)
(52.0433 0 0)
(52.2816 0 0)
(52.5194 0 0)
(52.7568 0 0)
(52.9938 0 0)
(53.2305 0 0)
(53.4668 0 0)
(53.7025 0 0)
(53.9374 0 0)
(54.1717 0 0)
(54.4054 0 0)
(54.6385 0 0)
(54.8711 0 0)
(55.1032 0 0)
(55.3347 0 0)
(55.5656 0 0)
(55.796 0 0)
(56.0258 0 0)
(56.255 0 0)
(56.4836 0 0)
(56.7115 0 0)
(56.9389 0 0)
(57.1655 0 0)
(57.3915 0 0)
(57.6169 0 0)
(57.8415 0 0)
(58.0654 0 0)
(58.2887 0 0)
(58.5111 0 0)
(58.7329 0 0)
(58.9539 0 0)
(59.1741 0 0)
(59.3935 0 0)
(59.6121 0 0)
(59.8299 0 0)
(60.0469 0 0)
(60.263 0 0)
(60.4783 0 0)
(60.6928 0 0)
(60.9063 0 0)
(61.1189 0 0)
(61.3306 0 0)
(61.5414 0 0)
(61.7513 0 0)
(61.9602 0 0)
(62.1682 0 0)
(62.3751 0 0)
(62.5811 0 0)
(62.7861 0 0)
(62.99 0 0)
(63.1929 0 0)
(63.3947 0 0)
(63.5955 0 0)
(63.7953 0 0)
(63.9939 0 0)
(64.1914 0 0)
(64.3879 0 0)
(64.5832 0 0)
(64.7773 0 0)
(64.9704 0 0)
(65.1622 0 0)
(65.3529 0 0)
(65.5425 0 0)
(65.7308 0 0)
(65.918 0 0)
(66.1039 0 0)
(66.2887 0 0)
(66.4722 0 0)
(66.6545 0 0)
(66.8356 0 0)
(67.0154 0 0)
(67.1941 0 0)
(67.3714 0 0)
(67.5476 0 0)
(67.7225 0 0)
(67.8961 0 0)
(68.0685 0 0)
(68.2397 0 0)
(68.4096 0 0)
(68.5783 0 0)
(68.7457 0 0)
(68.912 0 0)
(69.0769 0 0)
(69.2407 0 0)
(69.4033 0 0)
(69.5646 0 0)
(69.7248 0 0)
(69.8838 0 0)
(70.0416 0 0)
(70.1982 0 0)
(70.3537 0 0)
(70.5081 0 0)
(70.6614 0 0)
(70.8135 0 0)
(70.9646 0 0)
(71.1146 0 0)
(71.2635 0 0)
(71.4114 0 0)
(71.5583 0 0)
(71.7042 0 0)
(71.8492 0 0)
(71.9932 0 0)
(72.1363 0 0)
(72.2784 0 0)
(72.4197 0 0)
(72.5601 0 0)
(72.6997 0 0)
(72.8385 0 0)
(72.9765 0 0)
(73.1138 0 0)
(73.2503 0 0)
(73.3861 0 0)
(73.5212 0 0)
(73.6557 0 0)
(73.7895 0 0)
(73.9227 0 0)
(74.0553 0 0)
(74.1874 0 0)
(74.3189 0 0)
(74.4499 0 0)
(74.5804 0 0)
(74.7104 0 0)
(74.84 0 0)
(74.9692 0 0)
(75.098 0 0)
(75.2264 0 0)
(75.3544 0 0)
(75.4821 0 0)
(75.6094 0 0)
(75.7365 0 0)
(75.8633 0 0)
(75.9898 0 0)
(76.116 0 0)
(76.242 0 0)
(76.3678 0 0)
(76.4934 0 0)
(76.6188 0 0)
(76.7441 0 0)
(76.8691 0 0)
(76.994 0 0)
(77.1188 0 0)
(77.2435 0 0)
(77.368 0 0)
(77.4924 0 0)
(77.6167 0 0)
(77.741 0 0)
(77.8651 0 0)
(77.9892 0 0)
(78.1133 0 0)
(78.2372 0 0)
(78.3612 0 0)
(78.485 0 0)
(78.6089 0 0)
(78.7327 0 0)
(78.8565 0 0)
(78.9803 0 0)
(79.104 0 0)
(79.2278 0 0)
(79.3515 0 0)
(79.4752 0 0)
(79.599 0 0)
(79.7227 0 0)
(79.8464 0 0)
(79.9702 0 0)
(80.0939 0 0)
(80.2177 0 0)
(80.3415 0 0)
(80.4653 0 0)
(80.5891 0 0)
(80.713 0 0)
(80.8368 0 0)
(80.9607 0 0)
(81.0847 0 0)
(81.2086 0 0)
(81.3326 0 0)
(81.4565 0 0)
(81.5806 0 0)
(81.7046 0 0)
(81.8287 0 0)
(81.9528 0 0)
(82.077 0 0)
(82.2011 0 0)
(82.3253 0 0)
(82.4496 0 0)
(82.5739 0 0)
(82.6982 0 0)
(82.8225 0 0)
(82.9469 0 0)
(83.0713 0 0)
(83.1957 0 0)
(83.3202 0 0)
(83.4447 0 0)
(83.5692 0 0)
(83.6938 0 0)
(83.8184 0 0)
(83.9431 0 0)
(84.0678 0 0)
(84.1925 0 0)
(84.3172 0 0)
(84.442 0 0)
(84.5669 0 0)
(84.6917 0 0)
(84.8166 0 0)
(84.9415 0 0)
(85.0665 0 0)
(85.1915 0 0)
(85.3165 0 0)
(85.4416 0 0)
(85.5667 0 0)
(85.6919 0 0)
(85.817 0 0)
(85.9422 0 0)
(86.0675 0 0)
(86.1928 0 0)
(86.3181 0 0)
(86.4434 0 0)
(86.5688 0 0)
(86.6942 0 0)
(86.8197 0 0)
(86.9452 0 0)
(87.0707 0 0)
(87.1963 0 0)
(87.3219 0 0)
(87.4475 0 0)
(87.5732 0 0)
(87.6989 0 0)
(87.8246 0 0)
(87.9504 0 0)
(88.0762 0 0)
(88.2021 0 0)
(88.3279 0 0)
(88.4538 0 0)
(88.5798 0 0)
(88.7058 0 0)
(88.8318 0 0)
(88.9578 0 0)
(89.0839 0 0)
(89.2101 0 0)
(89.3362 0 0)
(89.4624 0 0)
(89.5886 0 0)
(89.7149 0 0)
(89.8412 0 0)
(89.9675 0 0)
(90.0939 0 0)
(90.2203 0 0)
(90.3467 0 0)
(90.4732 0 0)
(90.5997 0 0)
(90.7263 0 0)
(90.8528 0 0)
(90.9795 0 0)
(91.1061 0 0)
(91.2328 0 0)
(91.3595 0 0)
(91.4862 0 0)
(91.613 0 0)
(91.7399 0 0)
(91.8667 0 0)
(91.9936 0 0)
(92.1205 0 0)
(92.2475 0 0)
(92.3745 0 0)
(92.5015 0 0)
(92.6286 0 0)
(92.7557 0 0)
(92.8828 0 0)
(93.01 0 0)
(93.1372 0 0)
(93.2644 0 0)
(93.3917 0 0)
(93.519 0 0)
(93.6463 0 0)
(93.7737 0 0)
(93.9011 0 0)
(94.0286 0 0)
(94.1561 0 0)
(94.2836 0 0)
(94.4111 0 0)
(94.5387 0 0)
(94.6663 0 0)
(94.794 0 0)
(94.9217 0 0)
(95.0494 0 0)
(95.1771 0 0)
(95.3049 0 0)
(95.4328 0 0)
(95.5606 0 0)
(95.6885 0 0)
(95.8164 0 0)
(95.9444 0 0)
(96.0724 0 0)
(96.2004 0 0)
(96.3285 0 0)
(96.4566 0 0)
(96.5847 0 0)
(96.7129 0 0)
(96.8411 0 0)
(96.9693 0 0)
(97.0976 0 0)
(97.2259 0 0)
(97.3542 0 0)
(97.4826 0 0)
(97.611 0 0)
(97.7394 0 0)
(97.8679 0 0)
(97.9964 0 0)
(98.1249 0 0)
(98.2535 0 0)
(98.3821 0 0)
(98.5108 0 0)
(98.6394 0 0)
(98.7681 0 0)
(98.8969 0 0)
(99.0256 0 0)
(99.1545 0 0)
(99.2833 0 0)
(99.4122 0 0)
(99.5411 0 0)
(99.67 0 0)
(99.799 0 0)
(99.928 0 0)
(100.057 0 0)
(100.186 0 0)
(100.315 0 0)
(100.444 0 0)
(100.574 0 0)
(100.703 0 0)
(100.832 0 0)
(100.961 0 0)
(101.091 0 0)
(101.22 0 0)
(101.349 0 0)
(101.479 0 0)
(101.608 0 0)
(101.738 0 0)
(101.867 0 0)
(101.997 0 0)
(102.126 0 0)
(102.256 0 0)
(102.385 0 0)
(102.515 0 0)
(102.645 0 0)
(102.775 0 0)
(102.904 0 0)
(103.034 0 0)
(103.164 0 0)
(103.294 0 0)
(103.424 0 0)
(103.554 0 0)
(103.684 0 0)
(103.814 0 0)
(103.944 0 0)
(104.074 0 0)
(104.204 0 0)
(104.334 0 0)
(104.464 0 0)
(104.594 0 0)
(104.725 0 0)
(104.855 0 0)
(104.985 0 0)
(105.116 0 0)
(105.246 0 0)
(105.376 0 0)
(105.507 0 0)
(105.637 0 0)
(105.768 0 0)
(105.898 0 0)
(106.029 0 0)
(106.159 0 0)
(106.29 0 0)
(106.421 0 0)
(106.551 0 0)
(106.682 0 0)
(106.813 0 0)
(106.944 0 0)
(107.074 0 0)
(107.205 0 0)
(107.336 0 0)
(107.467 0 0)
(107.598 0 0)
(107.729 0 0)
(107.86 0 0)
(107.991 0 0)
(108.122 0 0)
(108.253 0 0)
(108.384 0 0)
(108.516 0 0)
(108.647 0 0)
(108.778 0 0)
(108.909 0 0)
(109.041 0 0)
(109.172 0 0)
(109.303 0 0)
(109.435 0 0)
(109.566 0 0)
(109.698 0 0)
(109.829 0 0)
(109.961 0 0)
(110.092 0 0)
(110.224 0 0)
(110.355 0 0)
(110.487 0 0)
(110.619 0 0)
(110.75 0 0)
(110.882 0 0)
(111.014 0 0)
(111.146 0 0)
(111.278 0 0)
(111.41 0 0)
(111.541 0 0)
(111.673 0 0)
(111.805 0 0)
(111.937 0 0)
(112.069 0 0)
(112.201 0 0)
(112.334 0 0)
(112.466 0 0)
(112.598 0 0)
(112.73 0 0)
(112.862 0 0)
(112.995 0 0)
(113.127 0 0)
(113.259 0 0)
(113.392 0 0)
(113.524 0 0)
(113.656 0 0)
(113.789 0 0)
(113.921 0 0)
(114.054 0 0)
(114.186 0 0)
(114.319 0 0)
(114.452 0 0)
(114.584 0 0)
(114.717 0 0)
(114.85 0 0)
(114.982 0 0)
(115.115 0 0)
(115.248 0 0)
(115.381 0 0)
(115.514 0 0)
(115.646 0 0)
(115.779 0 0)
(115.912 0 0)
(116.045 0 0)
(116.178 0 0)
(116.311 0 0)
(116.444 0 0)
(116.578 0 0)
(116.711 0 0)
(116.844 0 0)
(116.977 0 0)
(117.11 0 0)
(117.244 0 0)
(117.377 0 0)
(117.51 0 0)
(117.644 0 0)
(117.777 0 0)
(117.91 0 0)
(118.044 0 0)
(118.177 0 0)
(118.311 0 0)
(118.444 0 0)
(118.578 0 0)
(118.712 0 0)
(118.845 0 0)
(118.979 0 0)
(119.113 0 0)
(119.246 0 0)
(119.38 0 0)
(119.514 0 0)
(119.648 0 0)
(119.782 0 0)
(119.916 0 0)
(120.049 0 0)
(120.183 0 0)
(120.317 0 0)
(120.451 0 0)
(120.585 0 0)
(120.72 0 0)
(120.854 0 0)
(120.988 0 0)
(121.122 0 0)
(121.256 0 0)
(121.39 0 0)
(121.525 0 0)
(121.659 0 0)
(121.793 0 0)
(121.928 0 0)
(122.062 0 0)
(122.196 0 0)
(122.331 0 0)
(122.465 0 0)
(122.6 0 0)
(122.734 0 0)
(122.869 0 0)
(123.004 0 0)
(123.138 0 0)
(123.273 0 0)
(123.408 0 0)
(123.542 0 0)
(123.677 0 0)
(123.812 0 0)
(123.947 0 0)
(124.081 0 0)
(124.216 0 0)
(124.351 0 0)
(124.486 0 0)
(124.621 0 0)
(124.756 0 0)
(124.891 0 0)
(125.026 0 0)
(125.161 0 0)
(125.296 0 0)
(125.431 0 0)
(125.567 0 0)
(125.702 0 0)
(125.837 0 0)
(125.972 0 0)
(126.108 0 0)
(126.243 0 0)
(126.378 0 0)
(126.514 0 0)
(126.649 0 0)
(126.785 0 0)
(126.92 0 0)
(127.056 0 0)
(127.191 0 0)
(127.327 0 0)
(127.462 0 0)
(127.598 0 0)
(127.733 0 0)
(127.869 0 0)
(128.005 0 0)
(128.141 0 0)
(128.276 0 0)
(128.412 0 0)
(128.548 0 0)
(128.684 0 0)
(128.82 0 0)
(128.956 0 0)
(129.091 0 0)
(129.227 0 0)
(129.363 0 0)
(129.499 0 0)
(129.635 0 0)
(129.771 0 0)
(129.907 0 0)
(130.043 0 0)
(130.18 0 0)
(130.316 0 0)
(130.452 0 0)
(130.588 0 0)
(130.724 0 0)
(130.86 0 0)
(130.996 0 0)
(131.132 0 0)
(131.269 0 0)
(131.405 0 0)
(131.541 0 0)
(131.677 0 0)
(131.813 0 0)
(131.949 0 0)
(132.085 0 0)
(132.221 0 0)
(132.357 0 0)
(132.493 0 0)
(132.629 0 0)
(132.765 0 0)
(132.901 0 0)
(133.037 0 0)
(133.172 0 0)
(133.308 0 0)
(133.444 0 0)
(133.579 0 0)
(133.714 0 0)
(133.849 0 0)
(133.985 0 0)
(134.119 0 0)
(134.254 0 0)
(134.389 0 0)
(134.523 0 0)
(134.657 0 0)
(134.791 0 0)
(134.925 0 0)
(135.059 0 0)
(135.192 0 0)
(135.325 0 0)
(135.458 0 0)
(135.59 0 0)
(135.722 0 0)
(135.854 0 0)
(135.985 0 0)
(136.116 0 0)
(136.247 0 0)
(136.377 0 0)
(136.507 0 0)
(136.636 0 0)
(136.765 0 0)
(136.893 0 0)
(137.021 0 0)
(137.148 0 0)
(137.274 0 0)
(137.4 0 0)
(137.526 0 0)
(137.65 0 0)
(137.775 0 0)
(137.898 0 0)
(138.021 0 0)
(138.143 0 0)
(138.265 0 0)
(138.386 0 0)
(138.506 0 0)
(138.625 0 0)
(138.744 0 0)
(138.862 0 0)
(138.979 0 0)
(139.095 0 0)
(139.211 0 0)
(139.326 0 0)
(139.441 0 0)
(139.555 0 0)
(139.668 0 0)
(139.78 0 0)
(139.892 0 0)
(140.003 0 0)
(140.114 0 0)
(140.224 0 0)
(140.334 0 0)
(140.443 0 0)
(140.552 0 0)
(140.66 0 0)
(140.768 0 0)
(140.876 0 0)
(140.983 0 0)
(141.09 0 0)
(141.197 0 0)
(141.304 0 0)
(141.411 0 0)
(141.518 0 0)
(141.624 0 0)
(141.731 0 0)
(141.838 0 0)
(141.945 0 0)
(142.053 0 0)
(142.16 0 0)
(142.268 0 0)
(142.376 0 0)
(142.485 0 0)
(142.594 0 0)
(142.703 0 0)
(142.814 0 0)
(142.924 0 0)
(143.035 0 0)
(143.147 0 0)
(143.26 0 0)
(143.373 0 0)
(143.487 0 0)
(143.602 0 0)
(143.717 0 0)
(143.833 0 0)
(143.95 0 0)
(144.068 0 0)
(144.186 0 0)
(144.305 0 0)
(144.425 0 0)
(144.546 0 0)
(144.668 0 0)
(144.791 0 0)
(144.914 0 0)
(145.038 0 0)
(145.163 0 0)
(145.288 0 0)
(145.415 0 0)
(145.542 0 0)
(145.67 0 0)
(145.798 0 0)
(145.927 0 0)
(146.057 0 0)
(146.188 0 0)
(146.319 0 0)
(146.451 0 0)
(146.583 0 0)
(146.716 0 0)
(146.85 0 0)
(146.984 0 0)
(147.118 0 0)
(147.253 0 0)
(147.389 0 0)
(147.525 0 0)
(147.662 0 0)
(147.799 0 0)
(147.936 0 0)
(148.074 0 0)
(148.212 0 0)
(148.35 0 0)
(148.489 0 0)
(148.628 0 0)
(148.767 0 0)
(148.907 0 0)
(149.047 0 0)
(149.187 0 0)
(149.327 0 0)
(149.468 0 0)
(149.609 0 0)
(149.75 0 0)
(149.891 0 0)
(150.032 0 0)
(150.174 0 0)
(150.315 0 0)
(150.457 0 0)
(150.599 0 0)
(150.741 0 0)
(150.883 0 0)
(151.025 0 0)
(151.167 0 0)
(151.309 0 0)
(151.451 0 0)
(151.593 0 0)
(151.735 0 0)
(151.877 0 0)
(152.019 0 0)
(152.161 0 0)
(152.302 0 0)
(152.444 0 0)
(152.585 0 0)
(152.726 0 0)
(152.866 0 0)
(153.006 0 0)
(153.146 0 0)
(153.285 0 0)
(153.424 0 0)
(153.562 0 0)
(153.699 0 0)
(153.836 0 0)
(153.971 0 0)
(154.106 0 0)
(154.24 0 0)
(154.372 0 0)
(154.503 0 0)
(154.633 0 0)
(154.762 0 0)
(154.889 0 0)
(155.014 0 0)
(155.137 0 0)
(155.259 0 0)
(155.378 0 0)
(155.495 0 0)
(155.611 0 0)
(155.724 0 0)
(155.834 0 0)
(155.942 0 0)
(156.048 0 0)
(156.151 0 0)
(156.252 0 0)
(156.35 0 0)
(156.445 0 0)
(156.538 0 0)
(156.628 0 0)
(156.716 0 0)
(156.802 0 0)
(156.885 0 0)
(156.966 0 0)
(157.045 0 0)
(157.123 0 0)
(157.198 0 0)
(157.272 0 0)
(157.344 0 0)
(157.416 0 0)
(157.486 0 0)
(157.556 0 0)
(157.625 0 0)
(157.694 0 0)
(157.762 0 0)
(157.831 0 0)
(157.9 0 0)
(157.969 0 0)
(158.039 0 0)
(158.11 0 0)
(158.181 0 0)
(158.254 0 0)
(158.328 0 0)
(158.403 0 0)
(158.479 0 0)
(158.557 0 0)
(158.636 0 0)
(158.716 0 0)
(158.799 0 0)
(158.882 0 0)
(158.968 0 0)
(159.055 0 0)
(159.143 0 0)
(159.234 0 0)
(159.325 0 0)
(159.418 0 0)
(159.513 0 0)
(159.61 0 0)
(159.707 0 0)
(159.806 0 0)
(159.907 0 0)
(160.009 0 0)
(160.112 0 0)
(160.217 0 0)
(160.323 0 0)
(160.43 0 0)
(160.538 0 0)
(160.648 0 0)
(160.759 0 0)
(160.871 0 0)
(160.983 0 0)
(161.098 0 0)
(161.213 0 0)
(161.329 0 0)
(161.446 0 0)
(161.564 0 0)
(161.683 0 0)
(161.803 0 0)
(161.924 0 0)
(162.046 0 0)
(162.169 0 0)
(162.293 0 0)
(162.418 0 0)
(162.543 0 0)
(162.669 0 0)
(162.796 0 0)
(162.924 0 0)
(163.053 0 0)
(163.182 0 0)
(163.313 0 0)
(163.444 0 0)
(163.576 0 0)
(163.708 0 0)
(163.841 0 0)
(163.975 0 0)
(164.11 0 0)
(164.245 0 0)
(164.381 0 0)
(164.518 0 0)
(164.655 0 0)
(164.793 0 0)
(164.932 0 0)
(165.071 0 0)
(165.211 0 0)
(165.351 0 0)
(165.492 0 0)
(165.634 0 0)
(165.776 0 0)
(165.919 0 0)
(166.063 0 0)
(166.207 0 0)
(166.351 0 0)
(166.496 0 0)
(166.642 0 0)
(166.788 0 0)
(166.935 0 0)
(167.082 0 0)
(167.23 0 0)
(167.378 0 0)
(167.527 0 0)
(167.677 0 0)
(167.826 0 0)
(167.977 0 0)
(168.128 0 0)
(168.279 0 0)
(168.432 0 0)
(168.585 0 0)
(168.74 0 0)
(169.018 0 0)
)
;

boundaryField
{
    sides
    {
        type            zeroGradient;
    }
    empty
    {
        type            empty;
    }
}


// ************************************************************************* //
