/*--------------------------------*- C++ -*----------------------------------*\
| =========                 |                                                 |
| \\      /  F ield         | OpenFOAM: The Open Source CFD Toolbox           |
|  \\    /   O peration     | Version:  2406                                  |
|   \\  /    A nd           | Website:  www.openfoam.com                      |
|    \\/     M anipulation  |                                                 |
\*---------------------------------------------------------------------------*/
FoamFile
{
    version     2.0;
    format      ascii;
    arch        "LSB;label=32;scalar=64";
    class       volScalarField;
    location    "0.016";
    object      mag(U);
}
// * * * * * * * * * * * * * * * * * * * * * * * * * * * * * * * * * * * * * //

dimensions      [0 1 -1 0 0 0 0];

internalField   nonuniform List<scalar> 
1000
(
3.56291
5.09826
5.89286
6.7929
7.74427
8.6842
9.61628
10.5489
11.4827
12.4167
13.3506
14.2846
15.2185
16.1525
17.0865
18.0205
18.9545
19.8884
20.8223
21.7562
22.69
23.6237
24.5574
25.491
26.4244
27.3578
28.291
29.2241
30.157
31.0898
32.0223
32.9547
33.8869
34.8189
35.7506
36.682
37.6132
38.5441
39.4747
40.405
41.3349
42.2645
43.1937
44.1225
45.0509
45.9788
46.9063
47.8333
48.7599
49.6859
50.6113
51.5362
52.4605
53.3841
54.3072
55.2295
56.1511
57.072
57.9921
58.9114
59.8299
60.7475
61.6642
62.5799
63.4947
64.4084
65.3211
66.2326
67.143
68.0521
68.96
69.8666
70.7718
71.6755
72.5778
73.4785
74.3776
75.275
76.1706
77.0644
77.9563
78.8461
79.7339
80.6195
81.5029
82.3839
83.2625
84.1384
85.0118
85.8823
86.75
87.6146
88.4762
89.3345
90.1893
91.0407
91.8885
92.7324
93.5724
94.4083
95.24
96.0673
96.8901
97.7082
98.5215
99.3297
100.133
100.931
101.723
102.51
103.291
104.066
104.835
105.597
106.354
107.104
107.847
108.584
109.314
110.037
110.754
111.463
112.165
112.86
113.549
114.23
114.904
115.571
116.231
116.884
117.531
118.171
118.804
119.43
120.051
120.665
121.274
121.876
122.473
123.065
123.651
124.232
124.809
125.381
125.949
126.513
127.073
127.63
128.183
128.733
129.28
129.825
130.367
130.906
131.444
131.979
132.513
133.045
133.576
134.105
134.633
135.16
135.686
136.211
136.736
137.259
137.782
138.305
138.827
139.348
139.869
140.39
140.91
141.431
141.951
142.471
142.99
143.51
144.029
144.548
145.068
145.587
146.106
146.625
147.144
147.663
148.181
148.7
149.219
149.738
150.257
150.775
151.294
151.813
152.331
152.85
153.369
153.887
154.406
154.925
155.443
155.962
156.481
156.999
157.518
158.036
158.555
159.074
159.592
160.111
160.629
161.148
161.666
162.185
162.704
163.222
163.741
164.259
164.778
165.296
165.814
166.333
166.851
167.37
167.888
168.407
168.925
169.443
169.962
170.48
170.998
171.517
172.035
172.553
173.072
173.59
174.108
174.626
175.144
175.663
176.181
176.699
177.217
177.735
178.253
178.771
179.289
179.807
180.325
180.843
181.361
181.879
182.397
182.915
183.433
183.951
184.469
184.987
185.504
186.022
186.54
187.058
187.575
188.093
188.61
189.128
189.646
190.163
190.681
191.198
191.716
192.233
192.75
193.268
193.785
194.302
194.819
195.337
195.854
196.371
196.888
197.405
197.922
198.439
198.956
199.473
199.99
200.507
201.023
201.54
202.057
202.573
203.09
203.606
204.123
204.639
205.156
205.672
206.188
206.705
207.221
207.737
208.253
208.769
209.285
209.801
210.317
210.832
211.348
211.864
212.379
212.895
213.41
213.925
214.441
214.956
215.471
215.986
216.501
217.016
217.531
218.046
218.56
219.075
219.589
220.104
220.618
221.132
221.646
222.16
222.674
223.188
223.702
224.216
224.729
225.242
225.756
226.269
226.782
227.295
227.808
228.32
228.833
229.345
229.858
230.37
230.882
231.394
231.905
232.417
232.928
233.44
233.951
234.462
234.973
235.483
235.994
236.504
237.014
237.524
238.033
238.543
239.052
239.561
240.07
240.578
241.087
241.595
242.103
242.61
243.118
243.625
244.132
244.638
245.144
245.65
246.156
246.661
247.166
247.671
248.176
248.68
249.183
249.686
250.189
250.692
251.194
251.696
252.197
252.698
253.198
253.698
254.197
254.696
255.194
255.692
256.19
256.686
257.182
257.678
258.173
258.667
259.16
259.653
260.145
260.637
261.127
261.617
262.106
262.594
263.081
263.567
264.053
264.537
265.02
265.503
265.984
266.464
266.942
267.42
267.896
268.371
268.845
269.317
269.787
270.257
270.724
271.19
271.654
272.116
272.576
273.035
273.491
273.946
274.398
274.847
275.295
275.74
276.182
276.622
277.059
277.493
277.924
278.352
278.776
279.197
279.615
280.029
280.439
280.846
281.248
281.646
282.039
282.428
282.812
283.191
283.566
283.934
284.298
284.655
285.007
285.353
285.692
286.025
286.351
286.671
286.983
287.289
287.587
287.877
288.16
288.434
288.701
288.96
289.21
289.452
289.685
289.909
290.125
290.332
290.531
290.72
290.901
291.073
291.237
291.391
291.538
291.676
291.806
291.927
292.041
292.148
292.247
292.338
292.423
292.502
292.574
292.64
292.701
292.756
292.806
292.851
292.892
292.929
292.963
292.992
293.019
293.042
293.063
293.081
293.097
293.112
293.124
293.135
293.144
293.152
293.16
293.166
293.171
293.175
293.179
293.182
293.185
293.187
293.189
293.191
293.193
293.194
293.195
293.196
293.196
293.197
293.198
293.198
293.198
293.199
293.199
293.199
293.199
293.199
293.2
293.2
293.2
293.2
293.2
293.2
293.2
293.2
293.2
293.2
293.2
293.201
293.201
293.201
293.201
293.201
293.201
293.201
293.201
293.201
293.201
293.201
293.201
293.201
293.201
293.201
293.201
293.201
293.201
293.201
293.201
293.202
293.202
293.202
293.202
293.202
293.202
293.202
293.202
293.202
293.202
293.202
293.202
293.202
293.202
293.202
293.202
293.202
293.202
293.202
293.203
293.203
293.203
293.203
293.203
293.203
293.203
293.203
293.203
293.203
293.203
293.203
293.203
293.203
293.203
293.203
293.203
293.203
293.203
293.203
293.203
293.203
293.203
293.203
293.203
293.203
293.203
293.203
293.203
293.203
293.203
293.203
293.203
293.203
293.203
293.203
293.203
293.203
293.203
293.203
293.203
293.203
293.203
293.203
293.203
293.203
293.203
293.203
293.203
293.203
293.203
293.203
293.203
293.203
293.203
293.203
293.203
293.203
293.203
293.203
293.203
293.203
293.203
293.203
293.203
293.204
293.204
293.204
293.204
293.204
293.204
293.204
293.204
293.204
293.204
293.204
293.204
293.204
293.204
293.204
293.204
293.204
293.204
293.204
293.204
293.204
293.204
293.204
293.204
293.204
293.204
293.204
293.204
293.204
293.204
293.204
293.204
293.204
293.204
293.204
293.204
293.204
293.204
293.204
293.204
293.204
293.204
293.204
293.204
293.204
293.204
293.204
293.204
293.204
293.204
293.204
293.204
293.204
293.204
293.204
293.204
293.204
293.204
293.204
293.204
293.204
293.204
293.204
293.204
293.204
293.204
293.204
293.204
293.204
293.204
293.204
293.204
293.204
293.204
293.205
293.205
293.205
293.205
293.205
293.205
293.205
293.205
293.205
293.205
293.205
293.205
293.205
293.205
293.205
293.205
293.205
293.205
293.205
293.205
293.205
293.205
293.205
293.205
293.205
293.205
293.205
293.205
293.205
293.205
293.205
293.205
293.205
293.205
293.205
293.205
293.205
293.205
293.205
293.205
293.205
293.205
293.205
293.205
293.205
293.205
293.205
293.205
293.205
293.205
293.205
293.205
293.205
293.205
293.205
293.205
293.205
293.205
293.205
293.205
293.205
293.205
293.205
293.205
293.205
293.205
293.205
293.205
293.205
293.205
293.205
293.205
293.205
293.205
293.205
293.205
293.205
293.205
293.205
293.205
293.205
293.205
293.205
293.205
293.205
293.205
293.205
293.205
293.205
293.205
293.205
293.205
293.205
293.205
293.205
293.205
293.205
293.205
293.205
293.205
293.205
293.205
293.205
293.205
293.205
293.205
293.205
293.205
293.205
293.205
293.205
293.205
293.205
293.205
293.205
293.205
293.205
293.205
293.205
293.205
293.205
293.205
293.205
293.205
293.205
293.205
293.205
293.205
293.205
293.205
293.205
293.205
293.205
293.205
293.205
293.205
293.205
293.205
293.205
293.205
293.205
293.205
293.205
293.205
293.205
293.205
293.205
293.205
293.205
293.205
293.205
293.205
293.205
293.205
293.205
293.205
293.205
293.205
293.205
293.205
293.205
293.205
293.205
293.205
293.205
293.205
293.205
293.205
293.205
293.204
293.204
293.204
293.204
293.203
293.203
293.202
293.201
293.2
293.199
293.197
293.194
293.19
293.186
293.18
293.173
293.164
293.152
293.138
293.121
293.101
293.077
293.049
293.016
292.978
292.935
292.886
292.832
292.771
292.705
292.634
292.558
292.477
292.392
292.304
292.214
292.123
292.032
291.942
291.854
291.769
291.688
291.612
291.541
291.476
291.417
291.364
291.318
291.277
291.242
291.213
291.188
291.167
291.15
291.136
291.125
291.116
291.109
291.103
291.099
291.095
291.092
291.089
291.086
291.084
291.082
291.08
291.079
291.077
291.076
291.075
291.074
291.073
291.072
291.071
291.07
291.069
291.068
291.068
291.067
291.065
291.064
291.063
291.061
291.06
291.058
291.056
291.054
291.052
291.049
291.047
291.045
291.042
291.04
291.038
291.035
291.033
291.03
291.028
291.024
291.018
291.014
)
;

boundaryField
{
    sides
    {
        type            calculated;
        value           nonuniform List<scalar> 2(291.014 3.56291);
    }
    empty
    {
        type            empty;
    }
}


// ************************************************************************* //
