/*--------------------------------*- C++ -*----------------------------------*\
| =========                 |                                                 |
| \\      /  F ield         | OpenFOAM: The Open Source CFD Toolbox           |
|  \\    /   O peration     | Version:  2406                                  |
|   \\  /    A nd           | Website:  www.openfoam.com                      |
|    \\/     M anipulation  |                                                 |
\*---------------------------------------------------------------------------*/
FoamFile
{
    version     2.0;
    format      ascii;
    arch        "LSB;label=32;scalar=64";
    class       volScalarField;
    location    "0.04";
    object      mag(U);
}
// * * * * * * * * * * * * * * * * * * * * * * * * * * * * * * * * * * * * * //

dimensions      [0 1 -1 0 0 0 0];

internalField   nonuniform List<scalar> 
1000
(
17.3143
17.6349
18.0291
18.3531
18.6393
18.9245
19.2167
19.5118
19.8067
20.1011
20.3952
20.6894
20.9836
21.2778
21.5721
21.8664
22.1608
22.4551
22.7494
23.0437
23.3381
23.6324
23.9268
24.2212
24.5156
24.8101
25.1045
25.3989
25.6934
25.9878
26.2822
26.5767
26.8711
27.1656
27.46
27.7545
28.049
28.3436
28.6381
28.9327
29.2272
29.5218
29.8163
30.1108
30.4054
30.6999
30.9944
31.2889
31.5834
31.8779
32.1724
32.4669
32.7615
33.056
33.3505
33.645
33.9395
34.234
34.5284
34.8229
35.1173
35.4118
35.7062
36.0006
36.295
36.5894
36.8838
37.1782
37.4725
37.7669
38.0612
38.3555
38.6498
38.9441
39.2383
39.5326
39.8268
40.121
40.4152
40.7093
41.0034
41.2975
41.5916
41.8857
42.1797
42.4737
42.7677
43.0616
43.3555
43.6494
43.9433
44.2371
44.5309
44.8246
45.1183
45.412
45.7056
45.9992
46.2927
46.5862
46.8797
47.1731
47.4665
47.7598
48.0531
48.3463
48.6395
48.9326
49.2257
49.5187
49.8117
50.1046
50.3974
50.6902
50.9829
51.2755
51.5681
51.8606
52.1531
52.4455
52.7378
53.03
53.3222
53.6142
53.9062
54.1982
54.49
54.7817
55.0734
55.365
55.6565
55.9479
56.2392
56.5304
56.8215
57.1125
57.4034
57.6941
57.9848
58.2754
58.5658
58.8562
59.1464
59.4365
59.7265
60.0163
60.306
60.5956
60.8851
61.1744
61.4635
61.7526
62.0414
62.3302
62.6187
62.9071
63.1954
63.4835
63.7714
64.0591
64.3467
64.6341
64.9213
65.2083
65.4951
65.7818
66.0682
66.3544
66.6404
66.9262
67.2118
67.4972
67.7823
68.0672
68.3518
68.6362
68.9204
69.2043
69.488
69.7713
70.0545
70.3373
70.6198
70.9021
71.1841
71.4657
71.7471
72.0282
72.3089
72.5893
72.8694
73.1491
73.4285
73.7075
73.9862
74.2645
74.5425
74.82
75.0972
75.374
75.6503
75.9263
76.2018
76.477
76.7516
77.0259
77.2996
77.573
77.8458
78.1181
78.39
78.6613
78.9323
79.2031
79.4733
79.7427
80.0113
80.2791
80.5463
80.8128
81.0787
81.3439
81.6084
81.8724
82.1356
82.3982
82.66
82.9212
83.1816
83.4413
83.7003
83.9584
84.2158
84.4724
84.7281
84.983
85.2371
85.4902
85.7425
85.9938
86.2443
86.4938
86.7423
86.9899
87.2364
87.482
87.7265
87.97
88.2124
88.4537
88.6939
88.933
89.171
89.4078
89.6434
89.8779
90.1111
90.3431
90.5739
90.8034
91.0317
91.2587
91.4843
91.7087
91.9317
92.1533
92.3736
92.5925
92.8101
93.0262
93.2409
93.4542
93.666
93.8764
94.0854
94.2929
94.4989
94.7034
94.9065
95.1081
95.3082
95.5068
95.7039
95.8995
96.0936
96.2863
96.4775
96.6672
96.8554
97.0421
97.2274
97.4113
97.5937
97.7748
97.9544
98.1326
98.3094
98.4849
98.6591
98.8319
99.0034
99.1737
99.3427
99.5105
99.6771
99.8425
100.007
100.17
100.332
100.493
100.653
100.812
100.97
101.127
101.283
101.438
101.592
101.746
101.899
102.051
102.202
102.352
102.502
102.652
102.8
102.948
103.096
103.243
103.389
103.535
103.681
103.826
103.971
104.115
104.259
104.403
104.546
104.689
104.832
104.975
105.117
105.259
105.401
105.543
105.685
105.826
105.967
106.109
106.25
106.391
106.531
106.672
106.813
106.954
107.094
107.235
107.375
107.516
107.656
107.797
107.937
108.077
108.218
108.358
108.499
108.639
108.779
108.92
109.06
109.201
109.341
109.481
109.622
109.762
109.903
110.044
110.184
110.325
110.465
110.606
110.747
110.887
111.028
111.169
111.31
111.451
111.592
111.733
111.874
112.015
112.156
112.297
112.438
112.579
112.72
112.861
113.003
113.144
113.285
113.427
113.568
113.709
113.851
113.992
114.134
114.276
114.417
114.559
114.701
114.842
114.984
115.126
115.268
115.41
115.552
115.694
115.836
115.978
116.12
116.262
116.404
116.546
116.689
116.831
116.973
117.115
117.258
117.4
117.543
117.685
117.828
117.97
118.113
118.256
118.398
118.541
118.684
118.827
118.969
119.112
119.255
119.398
119.541
119.684
119.827
119.97
120.114
120.257
120.4
120.543
120.687
120.83
120.973
121.117
121.26
121.404
121.547
121.691
121.834
121.978
122.121
122.265
122.409
122.553
122.697
122.84
122.984
123.128
123.272
123.416
123.56
123.704
123.848
123.993
124.137
124.281
124.425
124.57
124.714
124.858
125.003
125.147
125.292
125.436
125.581
125.725
125.87
126.015
126.159
126.304
126.449
126.594
126.739
126.884
127.028
127.173
127.318
127.463
127.609
127.754
127.899
128.044
128.189
128.335
128.48
128.625
128.771
128.916
129.061
129.207
129.352
129.498
129.644
129.789
129.935
130.081
130.226
130.372
130.518
130.664
130.81
130.956
131.101
131.247
131.394
131.54
131.686
131.832
131.978
132.124
132.27
132.417
132.563
132.709
132.856
133.002
133.149
133.295
133.442
133.588
133.735
133.882
134.028
134.175
134.322
134.468
134.615
134.762
134.909
135.056
135.203
135.35
135.497
135.644
135.791
135.938
136.086
136.233
136.38
136.527
136.675
136.822
136.969
137.117
137.264
137.412
137.559
137.707
137.855
138.002
138.15
138.298
138.445
138.593
138.741
138.889
139.037
139.185
139.333
139.481
139.629
139.777
139.925
140.073
140.221
140.369
140.518
140.666
140.814
140.963
141.111
141.259
141.408
141.556
141.705
141.854
142.002
142.151
142.299
142.448
142.597
142.746
142.894
143.043
143.192
143.341
143.49
143.639
143.788
143.937
144.086
144.235
144.385
144.534
144.683
144.832
144.982
145.131
145.28
145.43
145.579
145.729
145.878
146.028
146.177
146.327
146.476
146.626
146.776
146.926
147.075
147.225
147.375
147.525
147.675
147.825
147.975
148.125
148.275
148.425
148.575
148.725
148.876
149.026
149.176
149.326
149.477
149.627
149.778
149.928
150.078
150.229
150.379
150.53
150.681
150.831
150.982
151.133
151.283
151.434
151.585
151.736
151.887
152.038
152.189
152.34
152.491
152.642
152.793
152.944
153.095
153.246
153.398
153.549
153.7
153.851
154.003
154.154
154.306
154.457
154.609
154.76
154.912
155.063
155.215
155.367
155.518
155.67
155.822
155.974
156.126
156.277
156.429
156.581
156.733
156.885
157.037
157.189
157.341
157.494
157.646
157.798
157.95
158.102
158.255
158.407
158.559
158.712
158.864
159.017
159.169
159.322
159.474
159.627
159.78
159.932
160.085
160.238
160.391
160.543
160.696
160.849
161.002
161.155
161.308
161.461
161.614
161.767
161.92
162.073
162.226
162.379
162.533
162.686
162.839
162.992
163.146
163.299
163.452
163.606
163.759
163.912
164.066
164.219
164.373
164.526
164.68
164.833
164.986
165.14
165.293
165.447
165.6
165.753
165.907
166.06
166.213
166.366
166.519
166.673
166.825
166.978
167.131
167.284
167.436
167.589
167.741
167.893
168.045
168.196
168.348
168.499
168.65
168.8
168.951
169.101
169.251
169.4
169.549
169.697
169.846
169.993
170.14
170.287
170.433
170.579
170.724
170.868
171.012
171.155
171.298
171.439
171.58
171.721
171.86
171.999
172.137
172.274
172.411
172.546
172.681
172.815
172.948
173.081
173.212
173.343
173.473
173.602
173.73
173.858
173.985
174.111
174.237
174.362
174.487
174.611
174.734
174.858
174.98
175.103
175.225
175.347
175.469
175.591
175.713
175.835
175.957
176.079
176.201
176.324
176.447
176.57
176.694
176.818
176.943
177.069
177.195
177.322
177.45
177.578
177.707
177.837
177.968
178.1
178.232
178.366
178.5
178.635
178.772
178.909
179.047
179.186
179.326
179.466
179.608
179.751
179.894
180.038
180.183
180.329
180.475
180.623
180.771
180.92
181.069
181.219
181.37
181.521
181.673
181.825
181.978
182.132
182.286
182.44
182.595
182.751
182.906
183.062
183.219
183.376
183.533
183.69
183.848
184.006
184.164
184.323
184.481
184.64
184.799
184.959
185.118
185.278
185.437
185.597
185.757
185.917
186.077
186.237
186.397
186.558
186.718
186.878
187.038
187.198
187.358
187.518
187.678
187.837
187.997
188.155
188.314
188.472
188.63
188.787
188.944
189.1
189.255
189.409
189.562
189.714
189.864
190.013
190.161
190.306
190.45
190.592
190.731
190.868
191.003
191.135
191.264
191.39
191.513
191.633
191.75
191.864
191.974
192.081
192.185
192.286
192.384
192.48
192.572
192.662
192.75
192.836
192.921
193.003
193.085
193.166
193.246
193.326
193.405
193.485
193.566
193.647
193.729
193.813
193.897
193.983
194.071
194.16
194.251
194.343
194.438
194.534
194.632
194.732
194.833
194.937
195.042
195.149
195.257
195.368
195.48
195.593
195.708
195.824
195.942
196.061
196.182
196.304
196.427
196.552
196.677
196.804
196.933
197.062
197.192
197.324
197.457
197.59
197.725
197.861
197.998
198.136
198.276
198.416
198.56
198.844
)
;

boundaryField
{
    sides
    {
        type            calculated;
        value           nonuniform List<scalar> 2(198.844 17.3143);
    }
    empty
    {
        type            empty;
    }
}


// ************************************************************************* //
