/*--------------------------------*- C++ -*----------------------------------*\
| =========                 |                                                 |
| \\      /  F ield         | OpenFOAM: The Open Source CFD Toolbox           |
|  \\    /   O peration     | Version:  2406                                  |
|   \\  /    A nd           | Website:  www.openfoam.com                      |
|    \\/     M anipulation  |                                                 |
\*---------------------------------------------------------------------------*/
FoamFile
{
    version     2.0;
    format      ascii;
    arch        "LSB;label=32;scalar=64";
    class       volScalarField;
    location    "0.04";
    object      p;
}
// * * * * * * * * * * * * * * * * * * * * * * * * * * * * * * * * * * * * * //

dimensions      [1 -1 -2 0 0 0 0];

internalField   nonuniform List<scalar> 
1000
(
12237
12235.4
12232.9
12230.7
12228.8
12226.9
12225
12223.1
12221.2
12219.3
12217.4
12215.5
12213.6
12211.7
12209.8
12207.9
12206.1
12204.2
12202.3
12200.4
12198.5
12196.7
12194.8
12192.9
12191.1
12189.2
12187.4
12185.5
12183.7
12181.8
12180
12178.1
12176.3
12174.5
12172.6
12170.8
12169
12167.1
12165.3
12163.5
12161.7
12159.9
12158.1
12156.3
12154.5
12152.7
12150.9
12149.1
12147.3
12145.5
12143.7
12141.9
12140.2
12138.4
12136.6
12134.9
12133.1
12131.3
12129.6
12127.8
12126.1
12124.3
12122.6
12120.8
12119.1
12117.4
12115.6
12113.9
12112.2
12110.5
12108.7
12107
12105.3
12103.6
12101.9
12100.2
12098.5
12096.8
12095.1
12093.5
12091.8
12090.1
12088.4
12086.8
12085.1
12083.4
12081.8
12080.1
12078.5
12076.9
12075.2
12073.6
12072
12070.3
12068.7
12067.1
12065.5
12063.9
12062.3
12060.7
12059.1
12057.5
12055.9
12054.4
12052.8
12051.2
12049.7
12048.1
12046.6
12045
12043.5
12042
12040.5
12038.9
12037.4
12035.9
12034.4
12032.9
12031.4
12030
12028.5
12027
12025.6
12024.1
12022.7
12021.2
12019.8
12018.4
12016.9
12015.5
12014.1
12012.7
12011.4
12010
12008.6
12007.2
12005.9
12004.5
12003.2
12001.9
12000.6
11999.3
11998
11996.7
11995.4
11994.1
11992.9
11991.6
11990.4
11989.1
11987.9
11986.7
11985.5
11984.3
11983.1
11982
11980.8
11979.7
11978.6
11977.4
11976.3
11975.2
11974.2
11973.1
11972.1
11971
11970
11969
11968
11967
11966.1
11965.1
11964.2
11963.3
11962.4
11961.5
11960.6
11959.8
11958.9
11958.1
11957.3
11956.6
11955.8
11955.1
11954.3
11953.6
11953
11952.3
11951.7
11951.1
11950.5
11949.9
11949.4
11948.8
11948.3
11947.9
11947.4
11947
11946.6
11946.2
11945.9
11945.5
11945.2
11945
11944.7
11944.5
11944.4
11944.2
11944.1
11944
11943.9
11943.9
11943.9
11943.9
11944
11944.1
11944.2
11944.4
11944.7
11945
11945.3
11945.7
11946.1
11946.5
11947
11947.6
11948.1
11948.8
11949.4
11950.2
11950.9
11951.7
11952.6
11953.5
11954.5
11955.5
11956.6
11957.7
11958.9
11960.2
11961.5
11962.8
11964.3
11965.7
11967.3
11968.9
11970.6
11972.3
11974.1
11976
11978
11980
11982.1
11984.3
11986.5
11988.8
11991.2
11993.7
11996.2
11998.8
12001.5
12004.3
12007.2
12010.2
12013.2
12016.3
12019.5
12022.8
12026.2
12029.7
12033.3
12036.9
12040.7
12044.5
12048.4
12052.5
12056.6
12060.8
12065.1
12069.5
12074
12078.6
12083.3
12088.1
12093
12098
12103.1
12108.2
12113.5
12118.9
12124.3
12129.9
12135.5
12141.3
12147.1
12153
12159.1
12165.2
12171.4
12177.7
12184
12190.5
12197
12203.7
12210.4
12217.1
12224
12231
12238
12245.1
12252.2
12259.5
12266.8
12274.1
12281.6
12289.1
12296.6
12304.3
12311.9
12319.7
12327.5
12335.3
12343.2
12351.1
12359.1
12367.1
12375.2
12383.3
12391.5
12399.7
12407.9
12416.2
12424.5
12432.9
12441.2
12449.6
12458.1
12466.5
12475
12483.5
12492.1
12500.6
12509.2
12517.8
12526.4
12535.1
12543.7
12552.4
12561.1
12569.8
12578.5
12587.3
12596
12604.8
12613.6
12622.4
12631.2
12640.1
12648.9
12657.7
12666.6
12675.5
12684.4
12693.3
12702.2
12711.1
12720
12729
12737.9
12746.9
12755.8
12764.8
12773.8
12782.8
12791.8
12800.8
12809.8
12818.8
12827.9
12836.9
12846
12855
12864.1
12873.2
12882.2
12891.3
12900.4
12909.6
12918.7
12927.8
12936.9
12946.1
12955.2
12964.4
12973.6
12982.7
12991.9
13001.1
13010.3
13019.5
13028.7
13038
13047.2
13056.4
13065.7
13075
13084.2
13093.5
13102.8
13112.1
13121.4
13130.7
13140
13149.3
13158.6
13168
13177.3
13186.7
13196.1
13205.4
13214.8
13224.2
13233.6
13243
13252.4
13261.8
13271.3
13280.7
13290.2
13299.6
13309.1
13318.6
13328
13337.5
13347
13356.5
13366.1
13375.6
13385.1
13394.6
13404.2
13413.8
13423.3
13432.9
13442.5
13452.1
13461.7
13471.3
13480.9
13490.5
13500.1
13509.8
13519.4
13529.1
13538.8
13548.4
13558.1
13567.8
13577.5
13587.2
13596.9
13606.7
13616.4
13626.1
13635.9
13645.6
13655.4
13665.2
13675
13684.8
13694.6
13704.4
13714.2
13724
13733.9
13743.7
13753.6
13763.4
13773.3
13783.2
13793.1
13803
13812.9
13822.8
13832.7
13842.6
13852.6
13862.5
13872.5
13882.4
13892.4
13902.4
13912.4
13922.4
13932.4
13942.4
13952.4
13962.5
13972.5
13982.6
13992.6
14002.7
14012.8
14022.9
14033
14043.1
14053.2
14063.3
14073.4
14083.6
14093.7
14103.9
14114
14124.2
14134.4
14144.6
14154.8
14165
14175.2
14185.5
14195.7
14205.9
14216.2
14226.5
14236.7
14247
14257.3
14267.6
14277.9
14288.2
14298.6
14308.9
14319.2
14329.6
14340
14350.3
14360.7
14371.1
14381.5
14391.9
14402.3
14412.8
14423.2
14433.6
14444.1
14454.5
14465
14475.5
14486
14496.5
14507
14517.5
14528
14538.6
14549.1
14559.7
14570.2
14580.8
14591.4
14602
14612.6
14623.2
14633.8
14644.4
14655.1
14665.7
14676.4
14687
14697.7
14708.4
14719.1
14729.8
14740.5
14751.2
14761.9
14772.7
14783.4
14794.2
14804.9
14815.7
14826.5
14837.3
14848.1
14858.9
14869.7
14880.5
14891.4
14902.2
14913.1
14924
14934.8
14945.7
14956.6
14967.5
14978.4
14989.4
15000.3
15011.2
15022.2
15033.1
15044.1
15055.1
15066.1
15077.1
15088.1
15099.1
15110.1
15121.2
15132.2
15143.3
15154.4
15165.4
15176.5
15187.6
15198.7
15209.8
15220.9
15232.1
15243.2
15254.4
15265.5
15276.7
15287.9
15299.1
15310.3
15321.5
15332.7
15343.9
15355.2
15366.4
15377.7
15388.9
15400.2
15411.5
15422.8
15434.1
15445.4
15456.8
15468.1
15479.4
15490.8
15502.2
15513.5
15524.9
15536.3
15547.7
15559.1
15570.6
15582
15593.4
15604.9
15616.3
15627.8
15639.3
15650.8
15662.3
15673.8
15685.3
15696.9
15708.4
15719.9
15731.5
15743.1
15754.7
15766.3
15777.9
15789.5
15801.1
15812.7
15824.4
15836
15847.7
15859.3
15871
15882.7
15894.4
15906.1
15917.8
15929.6
15941.3
15953.1
15964.8
15976.6
15988.4
16000.2
16012
16023.8
16035.6
16047.4
16059.3
16071.1
16083
16094.8
16106.7
16118.6
16130.5
16142.4
16154.4
16166.3
16178.2
16190.2
16202.2
16214.1
16226.1
16238.1
16250.1
16262.1
16274.1
16286.2
16298.2
16310.3
16322.3
16334.4
16346.5
16358.6
16370.7
16382.8
16395
16407.1
16419.2
16431.4
16443.6
16455.8
16467.9
16480.1
16492.4
16504.6
16516.8
16529.1
16541.3
16553.6
16565.8
16578.1
16590.4
16602.7
16615.1
16627.4
16639.7
16652.1
16664.5
16676.8
16689.2
16701.6
16714
16726.5
16738.9
16751.3
16763.8
16776.3
16788.8
16801.3
16813.8
16826.3
16838.9
16851.5
16864
16876.7
16889.3
16901.9
16914.6
16927.2
16939.9
16952.7
16965.4
16978.2
16991
17003.8
17016.6
17029.5
17042.4
17055.4
17068.3
17081.3
17094.4
17107.5
17120.6
17133.7
17146.9
17160.2
17173.5
17186.8
17200.2
17213.7
17227.2
17240.8
17254.4
17268.1
17281.9
17295.7
17309.6
17323.5
17337.6
17351.7
17365.9
17380.2
17394.5
17408.9
17423.5
17438
17452.7
17467.5
17482.4
17497.3
17512.3
17527.4
17542.6
17557.9
17573.2
17588.7
17604.2
17619.8
17635.5
17651.2
17667
17682.9
17698.9
17714.9
17730.9
17747
17763.2
17779.4
17795.6
17811.8
17828.1
17844.4
17860.8
17877.1
17893.4
17909.8
17926.1
17942.4
17958.8
17975
17991.3
18007.6
18023.8
18039.9
18056.1
18072.2
18088.2
18104.2
18120.1
18136
18151.8
18167.6
18183.3
18199
18214.5
18230.1
18245.5
18260.9
18276.3
18291.5
18306.8
18321.9
18337
18352.1
18367
18382
18396.8
18411.7
18426.4
18441.2
18455.8
18470.5
18485.1
18499.6
18514.1
18528.6
18543
18557.5
18571.8
18586.2
18600.5
18614.8
18629.1
18643.3
18657.6
18671.8
18686
18700.2
18714.4
18728.5
18742.7
18756.9
18771
18785.1
18799.3
18813.4
18827.5
18841.7
18855.8
18869.9
18884.1
18898.2
18912.4
18926.5
18940.7
18954.9
18969.1
18983.3
18997.5
19011.7
19026
19040.2
19054.6
19068.9
19083.3
19097.7
19112.1
19126.6
19141.1
19155.7
19170.4
19185.1
19199.9
19214.8
19229.8
19244.9
19260.2
19275.5
19291
19306.7
19322.6
19338.6
19354.8
19371.3
19388
19405
19422.2
19439.7
19457.4
19475.5
19493.9
19512.6
19531.6
19550.9
19570.6
19590.6
19610.8
19631.4
19652.3
19673.4
19694.8
19716.5
19738.3
19760.4
19782.6
19804.9
19827.4
19850
19872.6
19895.2
19917.9
19940.5
19963.2
19985.7
20008.2
20030.6
20052.9
20075.1
20097.2
20119.1
20140.9
20162.6
20184.1
20205.5
20226.7
20247.8
20268.7
20289.5
20310.1
20330.7
20351.1
20371.3
20391.4
20411.5
20431.3
20451.1
20470.8
20490.3
20509.8
20529.1
20548.4
20567.5
20586.6
20605.5
20624.4
20643.2
20661.9
20680.5
20699
20717.5
20735.8
20754.1
20772.3
20790.5
20808.3
20826.4
20843.9
)
;

boundaryField
{
    sides
    {
        type            zeroGradient;
    }
    empty
    {
        type            empty;
    }
}


// ************************************************************************* //
