/*--------------------------------*- C++ -*----------------------------------*\
| =========                 |                                                 |
| \\      /  F ield         | OpenFOAM: The Open Source CFD Toolbox           |
|  \\    /   O peration     | Version:  2406                                  |
|   \\  /    A nd           | Website:  www.openfoam.com                      |
|    \\/     M anipulation  |                                                 |
\*---------------------------------------------------------------------------*/
FoamFile
{
    version     2.0;
    format      ascii;
    arch        "LSB;label=32;scalar=64";
    class       surfaceScalarField;
    location    "0.04";
    object      phi;
}
// * * * * * * * * * * * * * * * * * * * * * * * * * * * * * * * * * * * * * //

dimensions      [1 0 -1 0 0 0 0];

oriented        oriented;

internalField   nonuniform List<scalar> 
999
(
15.7887
16.0481
16.3072
16.5663
16.8252
17.0841
17.3428
17.6014
17.8598
18.1181
18.3763
18.6345
18.8925
19.1503
19.4079
19.6654
19.9229
20.1803
20.4377
20.695
20.9521
21.2089
21.4654
21.7219
21.9782
22.2346
22.4911
22.7476
23.0041
23.2605
23.5167
23.7726
24.0282
24.2834
24.5383
24.793
25.0477
25.3023
25.5571
25.8122
26.0675
26.3232
26.5793
26.8356
27.0922
27.349
27.6058
27.8627
28.1196
28.3764
28.6333
28.8905
29.148
29.4057
29.6633
29.921
30.1785
30.4362
30.6937
30.9511
31.2086
31.4659
31.7232
31.9804
32.2376
32.4948
32.7518
33.0088
33.2658
33.5226
33.7795
34.0363
34.2929
34.5496
34.8062
35.0627
35.3192
35.5756
35.8319
36.0882
36.3444
36.6005
36.8567
37.1127
37.3686
37.6245
37.8803
38.1361
38.3917
38.6474
38.9029
39.1584
39.4138
39.6691
39.9244
40.1796
40.4347
40.6897
40.9447
41.1996
41.4544
41.7091
41.9638
42.2184
42.4729
42.7273
42.9817
43.236
43.4902
43.7443
43.9983
44.2523
44.5061
44.7599
45.0136
45.2672
45.5207
45.7741
46.0275
46.2807
46.5339
46.7869
47.0399
47.2928
47.5456
47.7983
48.0509
48.3033
48.5557
48.808
49.0602
49.3123
49.5643
49.8162
50.068
50.3196
50.5712
50.8227
51.074
51.3252
51.5764
51.8274
52.0782
52.329
52.5797
52.8302
53.0806
53.3309
53.581
53.8311
54.081
54.3308
54.5804
54.8299
55.0793
55.3285
55.5776
55.8266
56.0754
56.3241
56.5726
56.821
57.0692
57.3173
57.5652
57.8129
58.0605
58.308
58.5553
58.8024
59.0493
59.2961
59.5427
59.7891
60.0353
60.2814
60.5273
60.773
61.0184
61.2637
61.5089
61.7538
61.9985
62.243
62.4873
62.7313
62.9752
63.2189
63.4623
63.7055
63.9485
64.1912
64.4338
64.676
64.9181
65.1599
65.4014
65.6428
65.8838
66.1246
66.3651
66.6054
66.8454
67.0851
67.3245
67.5637
67.8026
68.0411
68.2794
68.5174
68.7551
68.9924
69.2296
69.4665
69.7032
69.9393
70.1749
70.4101
70.6449
70.8793
71.1133
71.347
71.5802
71.8131
72.0456
72.2776
72.5093
72.7406
72.9714
73.2018
73.4318
73.6613
73.8903
74.1189
74.3471
74.5747
74.8019
75.0285
75.2547
75.4804
75.7055
75.9301
76.1542
76.3777
76.6007
76.8231
77.0449
77.2662
77.4869
77.707
77.9265
78.1453
78.3636
78.5813
78.7983
79.0146
79.2304
79.4454
79.6598
79.8736
80.0866
80.299
80.5107
80.7217
80.932
81.1415
81.3504
81.5586
81.766
81.9727
82.1787
82.3839
82.5884
82.7921
82.9951
83.1974
83.3989
83.5997
83.7997
83.999
84.1975
84.3953
84.5924
84.7887
84.9842
85.1791
85.3732
85.5666
85.7593
85.9512
86.1425
86.3331
86.523
86.7122
86.9007
87.0886
87.2759
87.4625
87.6485
87.8339
88.0188
88.203
88.3867
88.5699
88.7525
88.9346
89.1162
89.2973
89.478
89.6582
89.838
90.0174
90.1964
90.3751
90.5534
90.7313
90.909
91.0863
91.2634
91.4402
91.6167
91.7931
91.9692
92.1452
92.3209
92.4966
92.672
92.8474
93.0226
93.1978
93.3729
93.5479
93.7229
93.8978
94.0727
94.2476
94.4225
94.5975
94.7724
94.9474
95.1224
95.2975
95.4726
95.6479
95.8232
95.9986
96.1741
96.3497
96.5254
96.7012
96.8772
97.0533
97.2295
97.4058
97.5823
97.759
97.9358
98.1128
98.2899
98.4672
98.6446
98.8222
99
99.178
99.3561
99.5345
99.713
99.8917
100.071
100.25
100.429
100.608
100.788
100.968
101.148
101.328
101.508
101.689
101.87
102.051
102.232
102.413
102.595
102.777
102.959
103.141
103.323
103.506
103.688
103.871
104.055
104.238
104.422
104.605
104.789
104.974
105.158
105.343
105.527
105.712
105.898
106.083
106.269
106.454
106.64
106.827
107.013
107.2
107.387
107.574
107.761
107.948
108.136
108.324
108.512
108.7
108.889
109.078
109.267
109.456
109.645
109.835
110.024
110.214
110.404
110.595
110.785
110.976
111.167
111.358
111.55
111.742
111.933
112.125
112.318
112.51
112.703
112.896
113.089
113.282
113.476
113.67
113.864
114.058
114.252
114.447
114.642
114.837
115.032
115.227
115.423
115.619
115.815
116.011
116.208
116.405
116.602
116.799
116.996
117.194
117.392
117.59
117.788
117.987
118.185
118.384
118.583
118.783
118.982
119.182
119.382
119.582
119.783
119.983
120.184
120.385
120.587
120.788
120.99
121.192
121.394
121.597
121.799
122.002
122.205
122.409
122.612
122.816
123.02
123.224
123.429
123.633
123.838
124.043
124.249
124.454
124.66
124.866
125.072
125.279
125.485
125.692
125.899
126.107
126.314
126.522
126.73
126.938
127.147
127.355
127.564
127.773
127.983
128.192
128.402
128.612
128.822
129.033
129.244
129.455
129.666
129.877
130.089
130.301
130.513
130.725
130.938
131.15
131.364
131.577
131.79
132.004
132.218
132.432
132.646
132.861
133.076
133.291
133.506
133.722
133.938
134.154
134.37
134.587
134.803
135.02
135.237
135.455
135.673
135.89
136.109
136.327
136.546
136.764
136.984
137.203
137.422
137.642
137.862
138.082
138.303
138.524
138.745
138.966
139.187
139.409
139.631
139.853
140.075
140.298
140.521
140.744
140.967
141.191
141.415
141.639
141.863
142.088
142.313
142.538
142.763
142.988
143.214
143.44
143.666
143.893
144.12
144.347
144.574
144.801
145.029
145.257
145.485
145.714
145.942
146.171
146.4
146.63
146.859
147.089
147.319
147.55
147.78
148.011
148.242
148.474
148.705
148.937
149.169
149.402
149.634
149.867
150.1
150.334
150.567
150.801
151.035
151.27
151.504
151.739
151.974
152.209
152.445
152.681
152.917
153.153
153.39
153.627
153.864
154.101
154.339
154.577
154.815
155.053
155.292
155.531
155.77
156.009
156.249
156.489
156.729
156.969
157.21
157.451
157.692
157.933
158.175
158.417
158.659
158.901
159.144
159.387
159.63
159.874
160.117
160.361
160.606
160.85
161.095
161.34
161.585
161.831
162.077
162.323
162.569
162.815
163.062
163.309
163.557
163.804
164.052
164.3
164.549
164.797
165.046
165.295
165.545
165.794
166.044
166.295
166.545
166.796
167.047
167.298
167.55
167.802
168.054
168.306
168.559
168.811
169.065
169.318
169.572
169.826
170.08
170.334
170.589
170.844
171.099
171.355
171.61
171.867
172.123
172.379
172.636
172.893
173.151
173.409
173.666
173.925
174.183
174.442
174.701
174.96
175.22
175.48
175.74
176
176.261
176.522
176.783
177.044
177.306
177.568
177.83
178.093
178.356
178.619
178.882
179.146
179.41
179.674
179.939
180.203
180.468
180.734
180.999
181.265
181.531
181.797
182.064
182.331
182.598
182.866
183.133
183.401
183.67
183.938
184.207
184.476
184.745
185.015
185.284
185.554
185.825
186.095
186.366
186.637
186.908
187.18
187.451
187.723
187.995
188.268
188.54
188.813
189.086
189.359
189.632
189.906
190.179
190.453
190.727
191.001
191.275
191.55
191.824
192.098
192.373
192.648
192.922
193.197
193.472
193.747
194.021
194.296
194.571
194.846
195.121
195.396
195.67
195.945
196.22
196.495
196.769
197.043
197.318
197.592
197.866
198.14
198.414
198.688
198.962
199.236
199.509
199.783
200.056
200.33
200.603
200.877
201.15
201.423
201.697
201.97
202.244
202.517
202.791
203.065
203.339
203.613
203.887
204.162
204.437
204.712
204.987
205.263
205.539
205.816
206.093
206.371
206.649
206.927
207.206
207.486
207.766
208.047
208.329
208.611
208.894
209.177
209.461
209.746
210.032
210.318
210.605
210.893
211.181
211.47
211.76
212.051
212.343
212.635
212.928
213.221
213.516
213.811
214.106
214.403
214.7
214.998
215.296
215.595
215.895
216.195
216.496
216.798
217.1
217.402
217.706
218.009
218.314
218.619
218.924
219.23
219.536
219.843
220.151
220.459
220.767
221.076
221.385
221.695
222.005
222.315
222.626
222.937
223.249
223.561
223.874
224.187
224.5
224.813
225.128
225.442
225.757
226.072
226.387
226.703
227.019
227.335
227.652
227.968
228.286
228.603
228.921
229.239
229.557
229.875
230.194
230.513
230.832
231.151
231.47
231.789
232.108
232.427
232.746
233.065
233.383
233.702
234.02
234.337
234.654
234.971
235.287
235.603
235.918
236.232
236.545
236.857
237.168
237.479
237.788
238.096
238.403
238.71
239.015
239.319
239.622
239.924
240.225
240.525
240.825
241.124
241.423
241.721
242.019
242.316
242.614
242.912
243.21
243.508
243.807
244.106
244.406
244.707
245.008
245.311
245.614
245.919
246.224
246.531
246.839
247.148
247.458
247.77
248.082
248.396
248.711
249.027
249.344
249.662
249.982
250.302
250.624
250.946
251.27
251.595
251.92
252.247
252.574
252.903
253.232
253.563
253.894
254.226
254.559
254.893
255.228
255.563
255.9
256.237
256.575
256.914
257.253
257.594
257.935
258.277
258.619
)
;

boundaryField
{
    sides
    {
        type            calculated;
        value           nonuniform List<scalar> 2(258.963 -15.5293);
    }
    empty
    {
        type            empty;
    }
}


// ************************************************************************* //
