/*--------------------------------*- C++ -*----------------------------------*\
| =========                 |                                                 |
| \\      /  F ield         | OpenFOAM: The Open Source CFD Toolbox           |
|  \\    /   O peration     | Version:  2406                                  |
|   \\  /    A nd           | Website:  www.openfoam.com                      |
|    \\/     M anipulation  |                                                 |
\*---------------------------------------------------------------------------*/
FoamFile
{
    version     2.0;
    format      ascii;
    arch        "LSB;label=32;scalar=64";
    class       volScalarField;
    location    "0.04";
    object      T;
}
// * * * * * * * * * * * * * * * * * * * * * * * * * * * * * * * * * * * * * //

dimensions      [0 0 0 1 0 0 0];

internalField   nonuniform List<scalar> 
1000
(
189.654
189.667
189.688
189.71
189.733
189.756
189.778
189.801
189.824
189.847
189.869
189.891
189.913
189.935
189.958
189.982
190.005
190.027
190.048
190.068
190.089
190.111
190.135
190.159
190.183
190.206
190.227
190.246
190.264
190.282
190.3
190.319
190.34
190.363
190.387
190.412
190.437
190.462
190.485
190.505
190.523
190.537
190.548
190.556
190.561
190.564
190.565
190.566
190.566
190.566
190.566
190.563
190.56
190.551
190.546
190.536
190.53
190.522
190.512
190.506
190.496
190.489
190.481
190.473
190.466
190.457
190.449
190.442
190.433
190.426
190.418
190.41
190.403
190.395
190.386
190.379
190.371
190.363
190.356
190.348
190.34
190.333
190.325
190.318
190.31
190.303
190.295
190.287
190.28
190.272
190.265
190.258
190.25
190.243
190.235
190.228
190.221
190.213
190.206
190.199
190.191
190.184
190.177
190.17
190.163
190.155
190.148
190.141
190.134
190.127
190.12
190.113
190.106
190.099
190.092
190.085
190.078
190.072
190.065
190.058
190.051
190.045
190.038
190.031
190.025
190.018
190.011
190.005
189.998
189.992
189.985
189.979
189.973
189.966
189.96
189.954
189.948
189.941
189.935
189.929
189.923
189.917
189.911
189.905
189.899
189.893
189.888
189.882
189.876
189.871
189.865
189.859
189.854
189.848
189.843
189.838
189.832
189.827
189.822
189.817
189.812
189.807
189.802
189.797
189.792
189.787
189.782
189.778
189.773
189.769
189.764
189.76
189.756
189.751
189.747
189.743
189.739
189.735
189.731
189.727
189.724
189.72
189.717
189.713
189.71
189.707
189.704
189.7
189.698
189.695
189.692
189.689
189.687
189.684
189.682
189.68
189.678
189.676
189.674
189.672
189.67
189.669
189.667
189.666
189.665
189.664
189.663
189.662
189.662
189.661
189.661
189.661
189.661
189.661
189.661
189.661
189.662
189.663
189.664
189.665
189.666
189.668
189.67
189.672
189.674
189.676
189.679
189.682
189.685
189.688
189.691
189.695
189.699
189.703
189.707
189.712
189.717
189.722
189.727
189.733
189.739
189.745
189.751
189.758
189.765
189.772
189.78
189.788
189.796
189.804
189.813
189.822
189.832
189.842
189.852
189.862
189.873
189.884
189.896
189.907
189.92
189.932
189.945
189.959
189.972
189.986
190.001
190.016
190.031
190.047
190.063
190.079
190.096
190.114
190.131
190.15
190.168
190.187
190.207
190.226
190.247
190.267
190.289
190.31
190.332
190.355
190.377
190.401
190.424
190.449
190.473
190.498
190.523
190.549
190.575
190.602
190.629
190.656
190.684
190.712
190.741
190.77
190.799
190.829
190.859
190.889
190.92
190.951
190.982
191.014
191.046
191.078
191.111
191.144
191.177
191.21
191.244
191.278
191.312
191.346
191.381
191.416
191.451
191.486
191.521
191.557
191.593
191.629
191.665
191.701
191.737
191.774
191.811
191.848
191.885
191.922
191.959
191.996
192.033
192.071
192.109
192.146
192.184
192.222
192.26
192.298
192.336
192.374
192.412
192.45
192.488
192.526
192.565
192.603
192.642
192.68
192.719
192.757
192.796
192.834
192.873
192.912
192.95
192.989
193.028
193.067
193.105
193.144
193.183
193.222
193.261
193.3
193.339
193.377
193.416
193.455
193.494
193.533
193.572
193.612
193.651
193.69
193.729
193.768
193.807
193.846
193.885
193.925
193.964
194.003
194.042
194.081
194.121
194.16
194.199
194.239
194.278
194.317
194.357
194.396
194.435
194.475
194.514
194.554
194.593
194.633
194.672
194.712
194.751
194.791
194.83
194.87
194.909
194.949
194.988
195.028
195.068
195.107
195.147
195.187
195.226
195.266
195.306
195.346
195.385
195.425
195.465
195.505
195.545
195.584
195.624
195.664
195.704
195.744
195.784
195.824
195.864
195.904
195.944
195.984
196.024
196.064
196.104
196.144
196.184
196.224
196.264
196.304
196.344
196.384
196.424
196.465
196.505
196.545
196.585
196.626
196.666
196.706
196.746
196.787
196.827
196.867
196.907
196.948
196.988
197.029
197.069
197.109
197.15
197.19
197.231
197.271
197.312
197.352
197.393
197.433
197.474
197.514
197.555
197.596
197.636
197.677
197.717
197.758
197.799
197.839
197.88
197.921
197.962
198.002
198.043
198.084
198.125
198.165
198.206
198.247
198.288
198.329
198.37
198.411
198.451
198.492
198.533
198.574
198.615
198.656
198.697
198.738
198.779
198.82
198.861
198.902
198.943
198.985
199.026
199.067
199.108
199.149
199.19
199.232
199.273
199.314
199.355
199.397
199.438
199.479
199.52
199.562
199.603
199.644
199.686
199.727
199.768
199.81
199.851
199.893
199.934
199.976
200.017
200.059
200.1
200.142
200.183
200.225
200.266
200.308
200.349
200.391
200.433
200.474
200.516
200.558
200.599
200.641
200.683
200.725
200.766
200.808
200.85
200.892
200.933
200.975
201.017
201.059
201.101
201.143
201.185
201.227
201.269
201.311
201.352
201.394
201.436
201.478
201.521
201.563
201.605
201.647
201.689
201.731
201.773
201.815
201.857
201.899
201.942
201.984
202.026
202.068
202.111
202.153
202.195
202.237
202.28
202.322
202.364
202.407
202.449
202.491
202.534
202.576
202.619
202.661
202.703
202.746
202.788
202.831
202.873
202.916
202.959
203.001
203.044
203.086
203.129
203.171
203.214
203.257
203.299
203.342
203.385
203.427
203.47
203.513
203.556
203.598
203.641
203.684
203.727
203.77
203.812
203.855
203.898
203.941
203.984
204.027
204.07
204.113
204.156
204.199
204.242
204.285
204.328
204.371
204.414
204.457
204.5
204.543
204.586
204.629
204.672
204.716
204.759
204.802
204.845
204.888
204.932
204.975
205.018
205.061
205.105
205.148
205.191
205.235
205.278
205.321
205.365
205.408
205.452
205.495
205.538
205.582
205.625
205.669
205.712
205.756
205.799
205.843
205.887
205.93
205.974
206.017
206.061
206.105
206.148
206.192
206.236
206.279
206.323
206.367
206.41
206.454
206.498
206.542
206.586
206.629
206.673
206.717
206.761
206.805
206.849
206.893
206.937
206.981
207.024
207.068
207.112
207.156
207.2
207.245
207.289
207.333
207.377
207.421
207.465
207.509
207.553
207.597
207.641
207.686
207.73
207.774
207.818
207.863
207.907
207.951
207.995
208.04
208.084
208.128
208.173
208.217
208.261
208.306
208.35
208.395
208.439
208.484
208.528
208.573
208.617
208.662
208.706
208.751
208.795
208.84
208.885
208.93
208.974
209.019
209.064
209.109
209.153
209.198
209.243
209.288
209.333
209.378
209.422
209.468
209.513
209.558
209.603
209.649
209.693
209.74
209.784
209.831
209.875
209.922
209.966
210.014
210.057
210.106
210.149
210.198
210.241
210.291
210.334
210.385
210.427
210.479
210.52
210.574
210.614
210.669
210.709
210.766
210.805
210.863
210.901
210.961
210.998
211.059
211.096
211.159
211.196
211.26
211.296
211.362
211.397
211.464
211.499
211.568
211.603
211.672
211.707
211.778
211.813
211.884
211.92
211.992
212.028
212.1
212.137
212.209
212.246
212.319
212.356
212.43
212.467
212.541
212.578
212.653
212.69
212.764
212.802
212.876
212.914
212.988
213.026
213.1
213.137
213.212
213.249
213.323
213.359
213.433
213.47
213.543
213.579
213.652
213.688
213.76
213.796
213.867
213.903
213.974
214.009
214.079
214.114
214.184
214.218
214.287
214.321
214.39
214.424
214.491
214.525
214.592
214.625
214.692
214.725
214.791
214.824
214.889
214.922
214.987
215.019
215.084
215.116
215.18
215.212
215.276
215.308
215.372
215.403
215.466
215.498
215.561
215.592
215.655
215.687
215.749
215.78
215.843
215.874
215.936
215.967
216.03
216.061
216.123
216.154
216.216
216.247
216.309
216.34
216.402
216.433
216.495
216.526
216.588
216.619
216.681
216.712
216.774
216.805
216.867
216.898
216.961
216.992
217.055
217.086
217.149
217.181
217.245
217.277
217.341
217.373
217.438
217.471
217.536
217.57
217.637
217.671
217.739
217.774
217.843
217.879
217.951
217.988
218.061
218.099
218.175
218.215
218.293
218.334
218.415
218.457
218.54
218.583
218.67
218.714
218.803
218.848
218.939
218.985
219.078
219.125
219.219
219.266
219.361
219.409
219.504
219.553
219.647
219.696
219.79
219.839
219.932
219.98
220.072
220.12
220.211
220.258
220.348
220.394
220.483
220.528
220.615
220.66
220.746
220.79
220.875
220.918
221.002
221.045
221.128
221.169
221.251
221.292
221.373
221.414
221.494
221.534
221.613
221.652
221.731
221.77
221.847
221.886
221.962
222
222.076
222.114
222.189
222.226
222.301
222.337
222.419
222.439
222.549
)
;

boundaryField
{
    sides
    {
        type            zeroGradient;
    }
    empty
    {
        type            empty;
    }
}


// ************************************************************************* //
