/*--------------------------------*- C++ -*----------------------------------*\
| =========                 |                                                 |
| \\      /  F ield         | OpenFOAM: The Open Source CFD Toolbox           |
|  \\    /   O peration     | Version:  2406                                  |
|   \\  /    A nd           | Website:  www.openfoam.com                      |
|    \\/     M anipulation  |                                                 |
\*---------------------------------------------------------------------------*/
FoamFile
{
    version     2.0;
    format      ascii;
    arch        "LSB;label=32;scalar=64";
    class       volVectorField;
    location    "0.04";
    object      U;
}
// * * * * * * * * * * * * * * * * * * * * * * * * * * * * * * * * * * * * * //

dimensions      [0 1 -1 0 0 0 0];

internalField   nonuniform List<vector> 
1000
(
(17.3143 0 0)
(17.6349 0 0)
(18.0291 0 0)
(18.3531 0 0)
(18.6393 0 0)
(18.9245 0 0)
(19.2167 0 0)
(19.5118 0 0)
(19.8067 0 0)
(20.1011 0 0)
(20.3952 0 0)
(20.6894 0 0)
(20.9836 0 0)
(21.2778 0 0)
(21.5721 0 0)
(21.8664 0 0)
(22.1608 0 0)
(22.4551 0 0)
(22.7494 0 0)
(23.0437 0 0)
(23.3381 0 0)
(23.6324 0 0)
(23.9268 0 0)
(24.2212 0 0)
(24.5156 0 0)
(24.8101 0 0)
(25.1045 0 0)
(25.3989 0 0)
(25.6934 0 0)
(25.9878 0 0)
(26.2822 0 0)
(26.5767 0 0)
(26.8711 0 0)
(27.1656 0 0)
(27.46 0 0)
(27.7545 0 0)
(28.049 0 0)
(28.3436 0 0)
(28.6381 0 0)
(28.9327 0 0)
(29.2272 0 0)
(29.5218 0 0)
(29.8163 0 0)
(30.1108 0 0)
(30.4054 0 0)
(30.6999 0 0)
(30.9944 0 0)
(31.2889 0 0)
(31.5834 0 0)
(31.8779 0 0)
(32.1724 0 0)
(32.4669 0 0)
(32.7615 0 0)
(33.056 0 0)
(33.3505 0 0)
(33.645 0 0)
(33.9395 0 0)
(34.234 0 0)
(34.5284 0 0)
(34.8229 0 0)
(35.1173 0 0)
(35.4118 0 0)
(35.7062 0 0)
(36.0006 0 0)
(36.295 0 0)
(36.5894 0 0)
(36.8838 0 0)
(37.1782 0 0)
(37.4725 0 0)
(37.7669 0 0)
(38.0612 0 0)
(38.3555 0 0)
(38.6498 0 0)
(38.9441 0 0)
(39.2383 0 0)
(39.5326 0 0)
(39.8268 0 0)
(40.121 0 0)
(40.4152 0 0)
(40.7093 0 0)
(41.0034 0 0)
(41.2975 0 0)
(41.5916 0 0)
(41.8857 0 0)
(42.1797 0 0)
(42.4737 0 0)
(42.7677 0 0)
(43.0616 0 0)
(43.3555 0 0)
(43.6494 0 0)
(43.9433 0 0)
(44.2371 0 0)
(44.5309 0 0)
(44.8246 0 0)
(45.1183 0 0)
(45.412 0 0)
(45.7056 0 0)
(45.9992 0 0)
(46.2927 0 0)
(46.5862 0 0)
(46.8797 0 0)
(47.1731 0 0)
(47.4665 0 0)
(47.7598 0 0)
(48.0531 0 0)
(48.3463 0 0)
(48.6395 0 0)
(48.9326 0 0)
(49.2257 0 0)
(49.5187 0 0)
(49.8117 0 0)
(50.1046 0 0)
(50.3974 0 0)
(50.6902 0 0)
(50.9829 0 0)
(51.2755 0 0)
(51.5681 0 0)
(51.8606 0 0)
(52.1531 0 0)
(52.4455 0 0)
(52.7378 0 0)
(53.03 0 0)
(53.3222 0 0)
(53.6142 0 0)
(53.9062 0 0)
(54.1982 0 0)
(54.49 0 0)
(54.7817 0 0)
(55.0734 0 0)
(55.365 0 0)
(55.6565 0 0)
(55.9479 0 0)
(56.2392 0 0)
(56.5304 0 0)
(56.8215 0 0)
(57.1125 0 0)
(57.4034 0 0)
(57.6941 0 0)
(57.9848 0 0)
(58.2754 0 0)
(58.5658 0 0)
(58.8562 0 0)
(59.1464 0 0)
(59.4365 0 0)
(59.7265 0 0)
(60.0163 0 0)
(60.306 0 0)
(60.5956 0 0)
(60.8851 0 0)
(61.1744 0 0)
(61.4635 0 0)
(61.7526 0 0)
(62.0414 0 0)
(62.3302 0 0)
(62.6187 0 0)
(62.9071 0 0)
(63.1954 0 0)
(63.4835 0 0)
(63.7714 0 0)
(64.0591 0 0)
(64.3467 0 0)
(64.6341 0 0)
(64.9213 0 0)
(65.2083 0 0)
(65.4951 0 0)
(65.7818 0 0)
(66.0682 0 0)
(66.3544 0 0)
(66.6404 0 0)
(66.9262 0 0)
(67.2118 0 0)
(67.4972 0 0)
(67.7823 0 0)
(68.0672 0 0)
(68.3518 0 0)
(68.6362 0 0)
(68.9204 0 0)
(69.2043 0 0)
(69.488 0 0)
(69.7713 0 0)
(70.0545 0 0)
(70.3373 0 0)
(70.6198 0 0)
(70.9021 0 0)
(71.1841 0 0)
(71.4657 0 0)
(71.7471 0 0)
(72.0282 0 0)
(72.3089 0 0)
(72.5893 0 0)
(72.8694 0 0)
(73.1491 0 0)
(73.4285 0 0)
(73.7075 0 0)
(73.9862 0 0)
(74.2645 0 0)
(74.5425 0 0)
(74.82 0 0)
(75.0972 0 0)
(75.374 0 0)
(75.6503 0 0)
(75.9263 0 0)
(76.2018 0 0)
(76.477 0 0)
(76.7516 0 0)
(77.0259 0 0)
(77.2996 0 0)
(77.573 0 0)
(77.8458 0 0)
(78.1181 0 0)
(78.39 0 0)
(78.6613 0 0)
(78.9323 0 0)
(79.2031 0 0)
(79.4733 0 0)
(79.7427 0 0)
(80.0113 0 0)
(80.2791 0 0)
(80.5463 0 0)
(80.8128 0 0)
(81.0787 0 0)
(81.3439 0 0)
(81.6084 0 0)
(81.8724 0 0)
(82.1356 0 0)
(82.3982 0 0)
(82.66 0 0)
(82.9212 0 0)
(83.1816 0 0)
(83.4413 0 0)
(83.7003 0 0)
(83.9584 0 0)
(84.2158 0 0)
(84.4724 0 0)
(84.7281 0 0)
(84.983 0 0)
(85.2371 0 0)
(85.4902 0 0)
(85.7425 0 0)
(85.9938 0 0)
(86.2443 0 0)
(86.4938 0 0)
(86.7423 0 0)
(86.9899 0 0)
(87.2364 0 0)
(87.482 0 0)
(87.7265 0 0)
(87.97 0 0)
(88.2124 0 0)
(88.4537 0 0)
(88.6939 0 0)
(88.933 0 0)
(89.171 0 0)
(89.4078 0 0)
(89.6434 0 0)
(89.8779 0 0)
(90.1111 0 0)
(90.3431 0 0)
(90.5739 0 0)
(90.8034 0 0)
(91.0317 0 0)
(91.2587 0 0)
(91.4843 0 0)
(91.7087 0 0)
(91.9317 0 0)
(92.1533 0 0)
(92.3736 0 0)
(92.5925 0 0)
(92.8101 0 0)
(93.0262 0 0)
(93.2409 0 0)
(93.4542 0 0)
(93.666 0 0)
(93.8764 0 0)
(94.0854 0 0)
(94.2929 0 0)
(94.4989 0 0)
(94.7034 0 0)
(94.9065 0 0)
(95.1081 0 0)
(95.3082 0 0)
(95.5068 0 0)
(95.7039 0 0)
(95.8995 0 0)
(96.0936 0 0)
(96.2863 0 0)
(96.4775 0 0)
(96.6672 0 0)
(96.8554 0 0)
(97.0421 0 0)
(97.2274 0 0)
(97.4113 0 0)
(97.5937 0 0)
(97.7748 0 0)
(97.9544 0 0)
(98.1326 0 0)
(98.3094 0 0)
(98.4849 0 0)
(98.6591 0 0)
(98.8319 0 0)
(99.0034 0 0)
(99.1737 0 0)
(99.3427 0 0)
(99.5105 0 0)
(99.6771 0 0)
(99.8425 0 0)
(100.007 0 0)
(100.17 0 0)
(100.332 0 0)
(100.493 0 0)
(100.653 0 0)
(100.812 0 0)
(100.97 0 0)
(101.127 0 0)
(101.283 0 0)
(101.438 0 0)
(101.592 0 0)
(101.746 0 0)
(101.899 0 0)
(102.051 0 0)
(102.202 0 0)
(102.352 0 0)
(102.502 0 0)
(102.652 0 0)
(102.8 0 0)
(102.948 0 0)
(103.096 0 0)
(103.243 0 0)
(103.389 0 0)
(103.535 0 0)
(103.681 0 0)
(103.826 0 0)
(103.971 0 0)
(104.115 0 0)
(104.259 0 0)
(104.403 0 0)
(104.546 0 0)
(104.689 0 0)
(104.832 0 0)
(104.975 0 0)
(105.117 0 0)
(105.259 0 0)
(105.401 0 0)
(105.543 0 0)
(105.685 0 0)
(105.826 0 0)
(105.967 0 0)
(106.109 0 0)
(106.25 0 0)
(106.391 0 0)
(106.531 0 0)
(106.672 0 0)
(106.813 0 0)
(106.954 0 0)
(107.094 0 0)
(107.235 0 0)
(107.375 0 0)
(107.516 0 0)
(107.656 0 0)
(107.797 0 0)
(107.937 0 0)
(108.077 0 0)
(108.218 0 0)
(108.358 0 0)
(108.499 0 0)
(108.639 0 0)
(108.779 0 0)
(108.92 0 0)
(109.06 0 0)
(109.201 0 0)
(109.341 0 0)
(109.481 0 0)
(109.622 0 0)
(109.762 0 0)
(109.903 0 0)
(110.044 0 0)
(110.184 0 0)
(110.325 0 0)
(110.465 0 0)
(110.606 0 0)
(110.747 0 0)
(110.887 0 0)
(111.028 0 0)
(111.169 0 0)
(111.31 0 0)
(111.451 0 0)
(111.592 0 0)
(111.733 0 0)
(111.874 0 0)
(112.015 0 0)
(112.156 0 0)
(112.297 0 0)
(112.438 0 0)
(112.579 0 0)
(112.72 0 0)
(112.861 0 0)
(113.003 0 0)
(113.144 0 0)
(113.285 0 0)
(113.427 0 0)
(113.568 0 0)
(113.709 0 0)
(113.851 0 0)
(113.992 0 0)
(114.134 0 0)
(114.276 0 0)
(114.417 0 0)
(114.559 0 0)
(114.701 0 0)
(114.842 0 0)
(114.984 0 0)
(115.126 0 0)
(115.268 0 0)
(115.41 0 0)
(115.552 0 0)
(115.694 0 0)
(115.836 0 0)
(115.978 0 0)
(116.12 0 0)
(116.262 0 0)
(116.404 0 0)
(116.546 0 0)
(116.689 0 0)
(116.831 0 0)
(116.973 0 0)
(117.115 0 0)
(117.258 0 0)
(117.4 0 0)
(117.543 0 0)
(117.685 0 0)
(117.828 0 0)
(117.97 0 0)
(118.113 0 0)
(118.256 0 0)
(118.398 0 0)
(118.541 0 0)
(118.684 0 0)
(118.827 0 0)
(118.969 0 0)
(119.112 0 0)
(119.255 0 0)
(119.398 0 0)
(119.541 0 0)
(119.684 0 0)
(119.827 0 0)
(119.97 0 0)
(120.114 0 0)
(120.257 0 0)
(120.4 0 0)
(120.543 0 0)
(120.687 0 0)
(120.83 0 0)
(120.973 0 0)
(121.117 0 0)
(121.26 0 0)
(121.404 0 0)
(121.547 0 0)
(121.691 0 0)
(121.834 0 0)
(121.978 0 0)
(122.121 0 0)
(122.265 0 0)
(122.409 0 0)
(122.553 0 0)
(122.697 0 0)
(122.84 0 0)
(122.984 0 0)
(123.128 0 0)
(123.272 0 0)
(123.416 0 0)
(123.56 0 0)
(123.704 0 0)
(123.848 0 0)
(123.993 0 0)
(124.137 0 0)
(124.281 0 0)
(124.425 0 0)
(124.57 0 0)
(124.714 0 0)
(124.858 0 0)
(125.003 0 0)
(125.147 0 0)
(125.292 0 0)
(125.436 0 0)
(125.581 0 0)
(125.725 0 0)
(125.87 0 0)
(126.015 0 0)
(126.159 0 0)
(126.304 0 0)
(126.449 0 0)
(126.594 0 0)
(126.739 0 0)
(126.884 0 0)
(127.028 0 0)
(127.173 0 0)
(127.318 0 0)
(127.463 0 0)
(127.609 0 0)
(127.754 0 0)
(127.899 0 0)
(128.044 0 0)
(128.189 0 0)
(128.335 0 0)
(128.48 0 0)
(128.625 0 0)
(128.771 0 0)
(128.916 0 0)
(129.061 0 0)
(129.207 0 0)
(129.352 0 0)
(129.498 0 0)
(129.644 0 0)
(129.789 0 0)
(129.935 0 0)
(130.081 0 0)
(130.226 0 0)
(130.372 0 0)
(130.518 0 0)
(130.664 0 0)
(130.81 0 0)
(130.956 0 0)
(131.101 0 0)
(131.247 0 0)
(131.394 0 0)
(131.54 0 0)
(131.686 0 0)
(131.832 0 0)
(131.978 0 0)
(132.124 0 0)
(132.27 0 0)
(132.417 0 0)
(132.563 0 0)
(132.709 0 0)
(132.856 0 0)
(133.002 0 0)
(133.149 0 0)
(133.295 0 0)
(133.442 0 0)
(133.588 0 0)
(133.735 0 0)
(133.882 0 0)
(134.028 0 0)
(134.175 0 0)
(134.322 0 0)
(134.468 0 0)
(134.615 0 0)
(134.762 0 0)
(134.909 0 0)
(135.056 0 0)
(135.203 0 0)
(135.35 0 0)
(135.497 0 0)
(135.644 0 0)
(135.791 0 0)
(135.938 0 0)
(136.086 0 0)
(136.233 0 0)
(136.38 0 0)
(136.527 0 0)
(136.675 0 0)
(136.822 0 0)
(136.969 0 0)
(137.117 0 0)
(137.264 0 0)
(137.412 0 0)
(137.559 0 0)
(137.707 0 0)
(137.855 0 0)
(138.002 0 0)
(138.15 0 0)
(138.298 0 0)
(138.445 0 0)
(138.593 0 0)
(138.741 0 0)
(138.889 0 0)
(139.037 0 0)
(139.185 0 0)
(139.333 0 0)
(139.481 0 0)
(139.629 0 0)
(139.777 0 0)
(139.925 0 0)
(140.073 0 0)
(140.221 0 0)
(140.369 0 0)
(140.518 0 0)
(140.666 0 0)
(140.814 0 0)
(140.963 0 0)
(141.111 0 0)
(141.259 0 0)
(141.408 0 0)
(141.556 0 0)
(141.705 0 0)
(141.854 0 0)
(142.002 0 0)
(142.151 0 0)
(142.299 0 0)
(142.448 0 0)
(142.597 0 0)
(142.746 0 0)
(142.894 0 0)
(143.043 0 0)
(143.192 0 0)
(143.341 0 0)
(143.49 0 0)
(143.639 0 0)
(143.788 0 0)
(143.937 0 0)
(144.086 0 0)
(144.235 0 0)
(144.385 0 0)
(144.534 0 0)
(144.683 0 0)
(144.832 0 0)
(144.982 0 0)
(145.131 0 0)
(145.28 0 0)
(145.43 0 0)
(145.579 0 0)
(145.729 0 0)
(145.878 0 0)
(146.028 0 0)
(146.177 0 0)
(146.327 0 0)
(146.476 0 0)
(146.626 0 0)
(146.776 0 0)
(146.926 0 0)
(147.075 0 0)
(147.225 0 0)
(147.375 0 0)
(147.525 0 0)
(147.675 0 0)
(147.825 0 0)
(147.975 0 0)
(148.125 0 0)
(148.275 0 0)
(148.425 0 0)
(148.575 0 0)
(148.725 0 0)
(148.876 0 0)
(149.026 0 0)
(149.176 0 0)
(149.326 0 0)
(149.477 0 0)
(149.627 0 0)
(149.778 0 0)
(149.928 0 0)
(150.078 0 0)
(150.229 0 0)
(150.379 0 0)
(150.53 0 0)
(150.681 0 0)
(150.831 0 0)
(150.982 0 0)
(151.133 0 0)
(151.283 0 0)
(151.434 0 0)
(151.585 0 0)
(151.736 0 0)
(151.887 0 0)
(152.038 0 0)
(152.189 0 0)
(152.34 0 0)
(152.491 0 0)
(152.642 0 0)
(152.793 0 0)
(152.944 0 0)
(153.095 0 0)
(153.246 0 0)
(153.398 0 0)
(153.549 0 0)
(153.7 0 0)
(153.851 0 0)
(154.003 0 0)
(154.154 0 0)
(154.306 0 0)
(154.457 0 0)
(154.609 0 0)
(154.76 0 0)
(154.912 0 0)
(155.063 0 0)
(155.215 0 0)
(155.367 0 0)
(155.518 0 0)
(155.67 0 0)
(155.822 0 0)
(155.974 0 0)
(156.126 0 0)
(156.277 0 0)
(156.429 0 0)
(156.581 0 0)
(156.733 0 0)
(156.885 0 0)
(157.037 0 0)
(157.189 0 0)
(157.341 0 0)
(157.494 0 0)
(157.646 0 0)
(157.798 0 0)
(157.95 0 0)
(158.102 0 0)
(158.255 0 0)
(158.407 0 0)
(158.559 0 0)
(158.712 0 0)
(158.864 0 0)
(159.017 0 0)
(159.169 0 0)
(159.322 0 0)
(159.474 0 0)
(159.627 0 0)
(159.78 0 0)
(159.932 0 0)
(160.085 0 0)
(160.238 0 0)
(160.391 0 0)
(160.543 0 0)
(160.696 0 0)
(160.849 0 0)
(161.002 0 0)
(161.155 0 0)
(161.308 0 0)
(161.461 0 0)
(161.614 0 0)
(161.767 0 0)
(161.92 0 0)
(162.073 0 0)
(162.226 0 0)
(162.379 0 0)
(162.533 0 0)
(162.686 0 0)
(162.839 0 0)
(162.992 0 0)
(163.146 0 0)
(163.299 0 0)
(163.452 0 0)
(163.606 0 0)
(163.759 0 0)
(163.912 0 0)
(164.066 0 0)
(164.219 0 0)
(164.373 0 0)
(164.526 0 0)
(164.68 0 0)
(164.833 0 0)
(164.986 0 0)
(165.14 0 0)
(165.293 0 0)
(165.447 0 0)
(165.6 0 0)
(165.753 0 0)
(165.907 0 0)
(166.06 0 0)
(166.213 0 0)
(166.366 0 0)
(166.519 0 0)
(166.673 0 0)
(166.825 0 0)
(166.978 0 0)
(167.131 0 0)
(167.284 0 0)
(167.436 0 0)
(167.589 0 0)
(167.741 0 0)
(167.893 0 0)
(168.045 0 0)
(168.196 0 0)
(168.348 0 0)
(168.499 0 0)
(168.65 0 0)
(168.8 0 0)
(168.951 0 0)
(169.101 0 0)
(169.251 0 0)
(169.4 0 0)
(169.549 0 0)
(169.697 0 0)
(169.846 0 0)
(169.993 0 0)
(170.14 0 0)
(170.287 0 0)
(170.433 0 0)
(170.579 0 0)
(170.724 0 0)
(170.868 0 0)
(171.012 0 0)
(171.155 0 0)
(171.298 0 0)
(171.439 0 0)
(171.58 0 0)
(171.721 0 0)
(171.86 0 0)
(171.999 0 0)
(172.137 0 0)
(172.274 0 0)
(172.411 0 0)
(172.546 0 0)
(172.681 0 0)
(172.815 0 0)
(172.948 0 0)
(173.081 0 0)
(173.212 0 0)
(173.343 0 0)
(173.473 0 0)
(173.602 0 0)
(173.73 0 0)
(173.858 0 0)
(173.985 0 0)
(174.111 0 0)
(174.237 0 0)
(174.362 0 0)
(174.487 0 0)
(174.611 0 0)
(174.734 0 0)
(174.858 0 0)
(174.98 0 0)
(175.103 0 0)
(175.225 0 0)
(175.347 0 0)
(175.469 0 0)
(175.591 0 0)
(175.713 0 0)
(175.835 0 0)
(175.957 0 0)
(176.079 0 0)
(176.201 0 0)
(176.324 0 0)
(176.447 0 0)
(176.57 0 0)
(176.694 0 0)
(176.818 0 0)
(176.943 0 0)
(177.069 0 0)
(177.195 0 0)
(177.322 0 0)
(177.45 0 0)
(177.578 0 0)
(177.707 0 0)
(177.837 0 0)
(177.968 0 0)
(178.1 0 0)
(178.232 0 0)
(178.366 0 0)
(178.5 0 0)
(178.635 0 0)
(178.772 0 0)
(178.909 0 0)
(179.047 0 0)
(179.186 0 0)
(179.326 0 0)
(179.466 0 0)
(179.608 0 0)
(179.751 0 0)
(179.894 0 0)
(180.038 0 0)
(180.183 0 0)
(180.329 0 0)
(180.475 0 0)
(180.623 0 0)
(180.771 0 0)
(180.92 0 0)
(181.069 0 0)
(181.219 0 0)
(181.37 0 0)
(181.521 0 0)
(181.673 0 0)
(181.825 0 0)
(181.978 0 0)
(182.132 0 0)
(182.286 0 0)
(182.44 0 0)
(182.595 0 0)
(182.751 0 0)
(182.906 0 0)
(183.062 0 0)
(183.219 0 0)
(183.376 0 0)
(183.533 0 0)
(183.69 0 0)
(183.848 0 0)
(184.006 0 0)
(184.164 0 0)
(184.323 0 0)
(184.481 0 0)
(184.64 0 0)
(184.799 0 0)
(184.959 0 0)
(185.118 0 0)
(185.278 0 0)
(185.437 0 0)
(185.597 0 0)
(185.757 0 0)
(185.917 0 0)
(186.077 0 0)
(186.237 0 0)
(186.397 0 0)
(186.558 0 0)
(186.718 0 0)
(186.878 0 0)
(187.038 0 0)
(187.198 0 0)
(187.358 0 0)
(187.518 0 0)
(187.678 0 0)
(187.837 0 0)
(187.997 0 0)
(188.155 0 0)
(188.314 0 0)
(188.472 0 0)
(188.63 0 0)
(188.787 0 0)
(188.944 0 0)
(189.1 0 0)
(189.255 0 0)
(189.409 0 0)
(189.562 0 0)
(189.714 0 0)
(189.864 0 0)
(190.013 0 0)
(190.161 0 0)
(190.306 0 0)
(190.45 0 0)
(190.592 0 0)
(190.731 0 0)
(190.868 0 0)
(191.003 0 0)
(191.135 0 0)
(191.264 0 0)
(191.39 0 0)
(191.513 0 0)
(191.633 0 0)
(191.75 0 0)
(191.864 0 0)
(191.974 0 0)
(192.081 0 0)
(192.185 0 0)
(192.286 0 0)
(192.384 0 0)
(192.48 0 0)
(192.572 0 0)
(192.662 0 0)
(192.75 0 0)
(192.836 0 0)
(192.921 0 0)
(193.003 0 0)
(193.085 0 0)
(193.166 0 0)
(193.246 0 0)
(193.326 0 0)
(193.405 0 0)
(193.485 0 0)
(193.566 0 0)
(193.647 0 0)
(193.729 0 0)
(193.813 0 0)
(193.897 0 0)
(193.983 0 0)
(194.071 0 0)
(194.16 0 0)
(194.251 0 0)
(194.343 0 0)
(194.438 0 0)
(194.534 0 0)
(194.632 0 0)
(194.732 0 0)
(194.833 0 0)
(194.937 0 0)
(195.042 0 0)
(195.149 0 0)
(195.257 0 0)
(195.368 0 0)
(195.48 0 0)
(195.593 0 0)
(195.708 0 0)
(195.824 0 0)
(195.942 0 0)
(196.061 0 0)
(196.182 0 0)
(196.304 0 0)
(196.427 0 0)
(196.552 0 0)
(196.677 0 0)
(196.804 0 0)
(196.933 0 0)
(197.062 0 0)
(197.192 0 0)
(197.324 0 0)
(197.457 0 0)
(197.59 0 0)
(197.725 0 0)
(197.861 0 0)
(197.998 0 0)
(198.136 0 0)
(198.276 0 0)
(198.416 0 0)
(198.56 0 0)
(198.844 0 0)
)
;

boundaryField
{
    sides
    {
        type            zeroGradient;
    }
    empty
    {
        type            empty;
    }
}


// ************************************************************************* //
