/*--------------------------------*- C++ -*----------------------------------*\
| =========                 |                                                 |
| \\      /  F ield         | OpenFOAM: The Open Source CFD Toolbox           |
|  \\    /   O peration     | Version:  2406                                  |
|   \\  /    A nd           | Website:  www.openfoam.com                      |
|    \\/     M anipulation  |                                                 |
\*---------------------------------------------------------------------------*/
FoamFile
{
    version     2.0;
    format      ascii;
    arch        "LSB;label=32;scalar=64";
    class       volScalarField;
    location    "0.012";
    object      mag(U);
}
// * * * * * * * * * * * * * * * * * * * * * * * * * * * * * * * * * * * * * //

dimensions      [0 1 -1 0 0 0 0];

internalField   nonuniform List<scalar> 
1000
(
0.00197186
0.00488356
0.0070348
0.00964773
0.01271
0.016358
0.020736
0.0260081
0.0323605
0.0400046
0.0491801
0.0601571
0.0732389
0.0887641
0.107108
0.128683
0.153941
0.183372
0.217501
0.256888
0.302128
0.353839
0.412664
0.479263
0.554306
0.638466
0.732411
0.836795
0.952253
1.07939
1.21877
1.37092
1.5363
1.71535
1.90841
2.11577
2.33767
2.57426
2.82564
3.09183
3.37281
3.66847
3.97868
4.30324
4.64189
4.99437
5.36033
5.73945
6.13133
6.53559
6.95181
7.37957
7.81846
8.26802
8.72785
9.19751
9.67659
10.1647
10.6613
11.1662
11.6789
12.1991
12.7263
13.2604
13.8009
14.3475
14.8999
15.4579
16.0212
16.5895
17.1626
17.7403
18.3223
18.9085
19.4985
20.0924
20.6898
21.2906
21.8947
22.502
23.1121
23.7252
24.341
24.9593
25.5802
26.2035
26.829
27.4568
28.0866
28.7185
29.3523
29.988
30.6255
31.2647
31.9056
32.5481
33.1921
33.8376
34.4845
35.1328
35.7824
36.4332
37.0854
37.7387
38.3931
39.0486
39.7053
40.3629
41.0215
41.6811
42.3417
43.0031
43.6654
44.3285
44.9924
45.6571
46.3226
46.9888
47.6557
48.3233
48.9915
49.6604
50.3299
51
51.6707
52.342
53.0138
53.6861
54.3589
55.0323
55.7061
56.3804
57.0551
57.7303
58.4059
59.0819
59.7583
60.4351
61.1123
61.7899
62.4678
63.146
63.8246
64.5035
65.1828
65.8623
66.5422
67.2223
67.9027
68.5834
69.2644
69.9457
70.6272
71.3089
71.9909
72.6731
73.3556
74.0382
74.7211
75.4042
76.0875
76.771
77.4548
78.1387
78.8228
79.507
80.1915
80.8761
81.5609
82.2458
82.931
83.6162
84.3017
84.9872
85.673
86.3588
87.0448
87.731
88.4173
89.1037
89.7902
90.4768
91.1636
91.8505
92.5375
93.2246
93.9118
94.5991
95.2866
95.9741
96.6617
97.3495
98.0373
98.7252
99.4132
100.101
100.789
101.478
102.166
102.854
103.543
104.232
104.92
105.609
106.298
106.986
107.675
108.364
109.053
109.743
110.432
111.121
111.81
112.5
113.189
113.878
114.568
115.257
115.947
116.637
117.326
118.016
118.706
119.396
120.085
120.775
121.465
122.155
122.845
123.535
124.225
124.915
125.605
126.295
126.986
127.676
128.366
129.056
129.747
130.437
131.127
131.817
132.508
133.198
133.889
134.579
135.269
135.96
136.65
137.341
138.031
138.722
139.412
140.103
140.793
141.484
142.174
142.865
143.555
144.246
144.936
145.627
146.317
147.008
147.698
148.389
149.079
149.77
150.461
151.151
151.842
152.532
153.223
153.913
154.603
155.294
155.984
156.675
157.365
158.056
158.746
159.436
160.127
160.817
161.507
162.198
162.888
163.578
164.268
164.959
165.649
166.339
167.029
167.719
168.409
169.099
169.789
170.479
171.169
171.859
172.549
173.239
173.929
174.618
175.308
175.998
176.688
177.377
178.067
178.756
179.446
180.135
180.825
181.514
182.203
182.892
183.581
184.271
184.96
185.649
186.338
187.026
187.715
188.404
189.093
189.781
190.47
191.158
191.847
192.535
193.223
193.912
194.6
195.288
195.976
196.663
197.351
198.039
198.726
199.414
200.101
200.789
201.476
202.163
202.85
203.537
204.223
204.91
205.597
206.283
206.969
207.655
208.341
209.027
209.713
210.399
211.084
211.769
212.455
213.14
213.825
214.509
215.194
215.878
216.562
217.246
217.93
218.614
219.297
219.981
220.664
221.346
222.029
222.711
223.394
224.075
224.757
225.439
226.12
226.801
227.481
228.162
228.842
229.522
230.201
230.88
231.559
232.237
232.916
233.593
234.271
234.948
235.625
236.301
236.977
237.652
238.327
239.002
239.676
240.349
241.022
241.695
242.367
243.038
243.709
244.379
245.049
245.718
246.386
247.053
247.72
248.386
249.052
249.716
250.38
251.043
251.705
252.366
253.026
253.685
254.343
255
255.656
256.31
256.964
257.616
258.266
258.916
259.564
260.21
260.855
261.498
262.139
262.779
263.417
264.053
264.686
265.318
265.948
266.575
267.199
267.821
268.441
269.058
269.671
270.282
270.889
271.494
272.094
272.691
273.284
273.873
274.458
275.039
275.615
276.186
276.752
277.312
277.867
278.417
278.96
279.497
280.027
280.551
281.067
281.575
282.076
282.569
283.053
283.528
283.994
284.451
284.897
285.334
285.759
286.174
286.578
286.97
287.35
287.717
288.073
288.415
288.745
289.061
289.364
289.654
289.93
290.193
290.441
290.677
290.898
291.107
291.302
291.484
291.654
291.811
291.956
292.09
292.213
292.325
292.427
292.519
292.603
292.678
292.745
292.805
292.858
292.905
292.947
292.983
293.015
293.042
293.066
293.087
293.104
293.119
293.132
293.143
293.152
293.16
293.167
293.172
293.177
293.181
293.184
293.186
293.189
293.19
293.192
293.193
293.194
293.195
293.196
293.196
293.197
293.197
293.198
293.198
293.198
293.198
293.198
293.199
293.199
293.199
293.199
293.199
293.199
293.199
293.199
293.199
293.199
293.2
293.2
293.2
293.2
293.2
293.2
293.2
293.2
293.2
293.2
293.2
293.2
293.2
293.2
293.2
293.2
293.2
293.2
293.2
293.2
293.2
293.2
293.201
293.201
293.201
293.201
293.201
293.201
293.201
293.201
293.201
293.201
293.201
293.201
293.201
293.201
293.201
293.201
293.201
293.201
293.201
293.202
293.202
293.202
293.202
293.202
293.202
293.202
293.202
293.202
293.202
293.202
293.202
293.202
293.202
293.202
293.202
293.202
293.202
293.202
293.202
293.202
293.202
293.202
293.202
293.202
293.202
293.202
293.202
293.202
293.202
293.202
293.202
293.202
293.202
293.202
293.202
293.202
293.202
293.202
293.202
293.202
293.202
293.202
293.202
293.202
293.202
293.202
293.202
293.202
293.202
293.202
293.202
293.202
293.202
293.202
293.202
293.202
293.202
293.202
293.202
293.202
293.202
293.202
293.202
293.203
293.203
293.203
293.203
293.203
293.203
293.203
293.203
293.203
293.203
293.203
293.203
293.203
293.203
293.203
293.203
293.203
293.203
293.203
293.203
293.203
293.203
293.203
293.203
293.203
293.203
293.203
293.203
293.203
293.203
293.203
293.203
293.203
293.203
293.203
293.203
293.203
293.203
293.203
293.203
293.203
293.203
293.203
293.203
293.203
293.203
293.203
293.203
293.203
293.203
293.203
293.203
293.203
293.203
293.203
293.203
293.203
293.203
293.203
293.203
293.203
293.203
293.203
293.203
293.203
293.203
293.203
293.203
293.203
293.203
293.203
293.203
293.203
293.203
293.203
293.203
293.203
293.203
293.203
293.203
293.203
293.203
293.203
293.203
293.203
293.203
293.203
293.203
293.203
293.203
293.203
293.203
293.203
293.203
293.203
293.203
293.203
293.203
293.203
293.203
293.203
293.203
293.203
293.203
293.203
293.203
293.203
293.203
293.203
293.203
293.203
293.203
293.203
293.203
293.203
293.203
293.203
293.203
293.203
293.203
293.203
293.203
293.203
293.203
293.203
293.203
293.203
293.203
293.203
293.203
293.203
293.203
293.203
293.203
293.203
293.203
293.203
293.203
293.203
293.203
293.203
293.203
293.203
293.203
293.203
293.203
293.203
293.203
293.203
293.203
293.203
293.203
293.203
293.203
293.203
293.203
293.203
293.203
293.203
293.203
293.203
293.203
293.203
293.203
293.203
293.203
293.203
293.203
293.203
293.203
293.203
293.203
293.203
293.203
293.203
293.203
293.203
293.202
293.202
293.202
293.201
293.2
293.199
293.198
293.197
293.196
293.194
293.193
293.191
293.19
293.189
293.188
293.187
293.186
293.186
293.186
293.186
293.187
293.188
293.189
293.19
293.192
293.193
293.194
293.195
293.197
293.198
293.199
293.199
293.2
293.201
293.201
293.201
293.202
293.202
293.202
293.202
293.202
293.202
293.202
293.202
293.202
293.202
293.202
293.202
293.202
293.202
293.202
293.202
293.202
293.202
293.202
293.202
293.202
293.202
293.202
293.202
293.202
293.202
293.202
293.202
293.202
293.202
293.202
293.202
293.202
293.202
293.202
293.202
293.202
293.202
293.202
293.202
293.202
293.202
293.202
293.202
293.202
293.202
293.202
293.202
293.202
293.202
293.202
293.202
293.202
293.202
293.202
293.202
293.202
293.202
293.202
293.202
293.202
293.202
293.202
293.202
293.202
293.202
293.202
293.202
293.202
293.202
293.202
293.202
293.202
293.201
293.201
293.201
293.201
293.2
293.198
293.196
293.193
293.188
293.181
293.171
293.158
293.14
293.116
293.086
293.048
293.002
292.945
292.879
292.801
292.713
292.613
292.504
292.386
292.261
292.131
291.998
291.866
291.735
291.61
291.492
291.383
291.284
291.196
291.119
291.054
291
290.956
290.922
290.895
290.874
290.859
290.849
290.841
290.837
290.834
290.832
290.831
290.83
290.83
290.829
290.829
290.829
290.829
290.829
290.829
290.829
290.829
)
;

boundaryField
{
    sides
    {
        type            calculated;
        value           nonuniform List<scalar> 2(290.829 0.00197186);
    }
    empty
    {
        type            empty;
    }
}


// ************************************************************************* //
