/*--------------------------------*- C++ -*----------------------------------*\
| =========                 |                                                 |
| \\      /  F ield         | OpenFOAM: The Open Source CFD Toolbox           |
|  \\    /   O peration     | Version:  2406                                  |
|   \\  /    A nd           | Website:  www.openfoam.com                      |
|    \\/     M anipulation  |                                                 |
\*---------------------------------------------------------------------------*/
FoamFile
{
    version     2.0;
    format      ascii;
    arch        "LSB;label=32;scalar=64";
    class       volScalarField;
    location    "0.013";
    object      mag(U);
}
// * * * * * * * * * * * * * * * * * * * * * * * * * * * * * * * * * * * * * //

dimensions      [0 1 -1 0 0 0 0];

internalField   nonuniform List<scalar> 
1000
(
0.561494
1.24926
1.61105
2.04551
2.47728
2.91033
3.34525
3.78219
4.22133
4.66284
5.10691
5.55371
6.00343
6.45624
6.9123
7.37178
7.83483
8.30159
8.77217
9.24668
9.72521
10.2078
10.6946
11.1855
11.6807
12.18
12.6835
13.1911
13.7028
14.2186
14.7383
15.2619
15.7892
16.3203
16.8549
17.3931
17.9346
18.4793
19.0273
19.5783
20.1322
20.689
21.2485
21.8106
22.3752
22.9423
23.5117
24.0834
24.6573
25.2332
25.8111
26.3909
26.9726
27.5561
28.1413
28.7282
29.3166
29.9066
30.498
31.0909
31.6851
32.2807
32.8775
33.4756
34.0748
34.6752
35.2767
35.8793
36.4829
37.0875
37.6931
38.2996
38.907
39.5152
40.1243
40.7342
41.3449
41.9564
42.5686
43.1815
43.7951
44.4094
45.0243
45.6399
46.256
46.8727
47.4901
48.1079
48.7263
49.3452
49.9647
50.5846
51.2049
51.8258
52.4471
53.0688
53.6909
54.3135
54.9364
55.5598
56.1835
56.8075
57.432
58.0567
58.6818
59.3073
59.933
60.559
61.1854
61.812
62.4389
63.0661
63.6936
64.3213
64.9493
65.5775
66.206
66.8347
67.4636
68.0928
68.7222
69.3518
69.9816
70.6116
71.2418
71.8721
72.5027
73.1335
73.7644
74.3955
75.0268
75.6583
76.2899
76.9216
77.5536
78.1856
78.8179
79.4502
80.0827
80.7154
81.3482
81.9811
82.6141
83.2473
83.8806
84.514
85.1475
85.7812
86.4149
87.0488
87.6827
88.3168
88.951
89.5853
90.2196
90.8541
91.4887
92.1233
92.7581
93.3929
94.0278
94.6628
95.2979
95.933
96.5683
97.2036
97.839
98.4744
99.11
99.7456
100.381
101.017
101.653
102.289
102.925
103.561
104.197
104.833
105.469
106.105
106.741
107.378
108.014
108.65
109.287
109.923
110.56
111.197
111.833
112.47
113.107
113.743
114.38
115.017
115.654
116.291
116.928
117.565
118.202
118.839
119.476
120.113
120.75
121.388
122.025
122.662
123.299
123.937
124.574
125.211
125.849
126.486
127.123
127.761
128.398
129.036
129.673
130.311
130.948
131.586
132.223
132.861
133.499
134.136
134.774
135.411
136.049
136.687
137.324
137.962
138.6
139.237
139.875
140.513
141.15
141.788
142.426
143.063
143.701
144.339
144.977
145.614
146.252
146.89
147.527
148.165
148.803
149.441
150.078
150.716
151.354
151.991
152.629
153.267
153.904
154.542
155.18
155.817
156.455
157.093
157.73
158.368
159.005
159.643
160.28
160.918
161.556
162.193
162.831
163.468
164.105
164.743
165.38
166.018
166.655
167.292
167.93
168.567
169.204
169.842
170.479
171.116
171.753
172.39
173.028
173.665
174.302
174.939
175.576
176.213
176.85
177.487
178.123
178.76
179.397
180.034
180.671
181.307
181.944
182.58
183.217
183.854
184.49
185.126
185.763
186.399
187.035
187.672
188.308
188.944
189.58
190.216
190.852
191.488
192.124
192.76
193.395
194.031
194.667
195.302
195.938
196.573
197.208
197.844
198.479
199.114
199.749
200.384
201.019
201.654
202.288
202.923
203.557
204.192
204.826
205.461
206.095
206.729
207.363
207.997
208.631
209.264
209.898
210.531
211.165
211.798
212.431
213.064
213.697
214.329
214.962
215.595
216.227
216.859
217.491
218.123
218.755
219.386
220.018
220.649
221.28
221.911
222.542
223.172
223.803
224.433
225.063
225.693
226.322
226.952
227.581
228.21
228.838
229.467
230.095
230.723
231.351
231.978
232.605
233.232
233.859
234.485
235.111
235.737
236.362
236.987
237.612
238.236
238.86
239.484
240.107
240.73
241.352
241.974
242.596
243.217
243.837
244.457
245.077
245.696
246.315
246.932
247.55
248.167
248.783
249.398
250.013
250.628
251.241
251.854
252.466
253.077
253.687
254.297
254.906
255.513
256.12
256.726
257.331
257.934
258.537
259.139
259.739
260.338
260.936
261.532
262.127
262.72
263.312
263.903
264.491
265.078
265.664
266.247
266.828
267.408
267.985
268.56
269.133
269.703
270.27
270.835
271.398
271.957
272.513
273.067
273.617
274.163
274.706
275.245
275.78
276.311
276.838
277.36
277.878
278.391
278.898
279.401
279.897
280.388
280.873
281.352
281.824
282.289
282.747
283.197
283.64
284.075
284.502
284.92
285.329
285.729
286.12
286.501
286.872
287.233
287.583
287.922
288.25
288.567
288.873
289.166
289.448
289.719
289.977
290.223
290.457
290.679
290.889
291.087
291.274
291.449
291.612
291.765
291.906
292.038
292.159
292.27
292.372
292.465
292.55
292.627
292.696
292.759
292.815
292.865
292.909
292.948
292.983
293.013
293.04
293.063
293.084
293.101
293.116
293.129
293.14
293.15
293.158
293.164
293.17
293.175
293.179
293.182
293.185
293.188
293.19
293.191
293.193
293.194
293.195
293.196
293.196
293.197
293.197
293.198
293.198
293.198
293.198
293.199
293.199
293.199
293.199
293.199
293.199
293.199
293.199
293.2
293.2
293.2
293.2
293.2
293.2
293.2
293.2
293.2
293.2
293.2
293.2
293.2
293.2
293.2
293.2
293.2
293.2
293.2
293.201
293.201
293.201
293.201
293.201
293.201
293.201
293.201
293.201
293.201
293.201
293.201
293.201
293.201
293.201
293.201
293.201
293.201
293.201
293.201
293.202
293.202
293.202
293.202
293.202
293.202
293.202
293.202
293.202
293.202
293.202
293.202
293.202
293.202
293.202
293.202
293.202
293.202
293.202
293.202
293.202
293.202
293.202
293.202
293.203
293.203
293.203
293.203
293.202
293.202
293.202
293.202
293.202
293.202
293.202
293.202
293.202
293.202
293.202
293.202
293.202
293.202
293.202
293.202
293.202
293.202
293.202
293.202
293.202
293.202
293.202
293.202
293.202
293.202
293.202
293.203
293.203
293.203
293.203
293.203
293.203
293.203
293.203
293.203
293.203
293.203
293.203
293.203
293.203
293.203
293.203
293.203
293.203
293.203
293.203
293.203
293.203
293.203
293.203
293.203
293.203
293.203
293.203
293.203
293.203
293.203
293.203
293.203
293.203
293.203
293.203
293.203
293.203
293.203
293.203
293.203
293.203
293.203
293.203
293.203
293.203
293.203
293.203
293.203
293.203
293.203
293.203
293.203
293.203
293.203
293.203
293.203
293.203
293.203
293.203
293.203
293.203
293.204
293.204
293.204
293.204
293.204
293.204
293.204
293.204
293.204
293.204
293.204
293.204
293.204
293.204
293.204
293.204
293.204
293.204
293.204
293.204
293.204
293.204
293.204
293.204
293.204
293.204
293.204
293.204
293.204
293.204
293.204
293.204
293.204
293.204
293.204
293.204
293.204
293.204
293.204
293.204
293.204
293.204
293.204
293.204
293.204
293.204
293.204
293.204
293.204
293.204
293.204
293.204
293.204
293.204
293.204
293.204
293.204
293.204
293.204
293.204
293.204
293.204
293.204
293.204
293.204
293.204
293.204
293.204
293.204
293.204
293.204
293.204
293.204
293.204
293.204
293.204
293.204
293.204
293.204
293.204
293.204
293.204
293.204
293.204
293.204
293.204
293.204
293.204
293.204
293.204
293.204
293.204
293.204
293.204
293.204
293.204
293.204
293.204
293.204
293.204
293.204
293.204
293.204
293.204
293.204
293.204
293.204
293.204
293.204
293.204
293.204
293.204
293.204
293.204
293.204
293.204
293.204
293.204
293.204
293.204
293.204
293.204
293.204
293.204
293.204
293.204
293.204
293.204
293.204
293.204
293.204
293.204
293.204
293.204
293.204
293.204
293.204
293.204
293.204
293.204
293.204
293.204
293.204
293.204
293.204
293.204
293.204
293.204
293.204
293.204
293.204
293.204
293.204
293.204
293.204
293.204
293.203
293.203
293.203
293.203
293.203
293.202
293.202
293.201
293.2
293.199
293.198
293.197
293.195
293.194
293.193
293.192
293.191
293.19
293.189
293.188
293.188
293.188
293.188
293.188
293.189
293.19
293.191
293.192
293.193
293.195
293.196
293.197
293.198
293.199
293.2
293.2
293.201
293.201
293.202
293.202
293.202
293.203
293.203
293.203
293.203
293.203
293.203
293.203
293.203
293.203
293.203
293.203
293.203
293.203
293.203
293.203
293.203
293.203
293.203
293.203
293.203
293.203
293.203
293.203
293.203
293.203
293.203
293.203
293.203
293.202
293.202
293.202
293.201
293.2
293.198
293.196
293.193
293.189
293.183
293.175
293.165
293.152
293.136
293.116
293.091
293.06
293.024
292.98
292.93
292.871
292.805
292.73
292.648
292.558
292.461
292.358
292.251
292.139
292.026
291.912
291.8
291.69
291.584
291.484
291.391
291.305
291.228
291.158
291.097
291.045
291
290.963
290.932
290.907
290.887
290.872
290.86
290.851
290.845
290.84
290.837
290.835
290.834
290.833
290.832
290.832
290.832
290.831
290.831
290.831
290.831
290.831
290.831
290.831
290.831
290.831
290.831
290.831
290.831
290.831
290.831
)
;

boundaryField
{
    sides
    {
        type            calculated;
        value           nonuniform List<scalar> 2(290.831 0.561494);
    }
    empty
    {
        type            empty;
    }
}


// ************************************************************************* //
