/*--------------------------------*- C++ -*----------------------------------*\
| =========                 |                                                 |
| \\      /  F ield         | OpenFOAM: The Open Source CFD Toolbox           |
|  \\    /   O peration     | Version:  2406                                  |
|   \\  /    A nd           | Website:  www.openfoam.com                      |
|    \\/     M anipulation  |                                                 |
\*---------------------------------------------------------------------------*/
FoamFile
{
    version     2.0;
    format      ascii;
    arch        "LSB;label=32;scalar=64";
    class       volScalarField;
    location    "0.028";
    object      mag(U);
}
// * * * * * * * * * * * * * * * * * * * * * * * * * * * * * * * * * * * * * //

dimensions      [0 1 -1 0 0 0 0];

internalField   nonuniform List<scalar> 
1000
(
11.9855
12.5491
13.1304
13.6095
14.0542
14.5057
14.966
15.4284
15.8899
16.3508
16.8118
17.2731
17.7345
18.196
18.6574
19.1187
19.5801
20.0414
20.5029
20.9643
21.4259
21.8875
22.3491
22.8107
23.2724
23.7341
24.1959
24.6578
25.1196
25.5816
26.0436
26.5056
26.9677
27.4298
27.892
28.3542
28.8165
29.2789
29.7412
30.2037
30.6662
31.1287
31.5913
32.0539
32.5166
32.9793
33.4421
33.9049
34.3678
34.8307
35.2936
35.7567
36.2197
36.6828
37.146
37.6092
38.0724
38.5357
38.9991
39.4625
39.9259
40.3894
40.853
41.3165
41.7802
42.2439
42.7076
43.1714
43.6352
44.0991
44.563
45.027
45.491
45.955
46.4191
46.8833
47.3475
47.8118
48.276
48.7404
49.2048
49.6692
50.1337
50.5982
51.0628
51.5274
51.9921
52.4568
52.9215
53.3863
53.8511
54.316
54.7809
55.2459
55.7109
56.176
56.6411
57.1062
57.5714
58.0366
58.5019
58.9672
59.4326
59.898
60.3634
60.8289
61.2944
61.76
62.2256
62.6912
63.1569
63.6227
64.0884
64.5542
65.0201
65.486
65.9519
66.4179
66.8839
67.35
67.8161
68.2822
68.7484
69.2146
69.6809
70.1472
70.6135
71.0799
71.5463
72.0127
72.4792
72.9457
73.4123
73.8789
74.3455
74.8122
75.2789
75.7457
76.2125
76.6793
77.1462
77.6131
78.08
78.547
79.014
79.481
79.9481
80.4152
80.8824
81.3496
81.8168
82.284
82.7513
83.2187
83.686
84.1534
84.6208
85.0883
85.5558
86.0233
86.4909
86.9585
87.4261
87.8937
88.3614
88.8291
89.2969
89.7647
90.2325
90.7003
91.1682
91.6361
92.104
92.572
93.04
93.508
93.976
94.4441
94.9122
95.3803
95.8485
96.3167
96.7849
97.2531
97.7214
98.1897
98.658
99.1264
99.5947
100.063
100.532
101
101.468
101.937
102.405
102.874
103.343
103.811
104.28
104.748
105.217
105.686
106.154
106.623
107.092
107.561
108.029
108.498
108.967
109.436
109.905
110.373
110.842
111.311
111.78
112.249
112.718
113.187
113.656
114.125
114.594
115.063
115.532
116.001
116.47
116.939
117.408
117.877
118.346
118.815
119.284
119.753
120.222
120.691
121.16
121.629
122.098
122.567
123.037
123.506
123.975
124.444
124.913
125.382
125.851
126.32
126.789
127.258
127.727
128.196
128.665
129.134
129.603
130.072
130.541
131.01
131.479
131.948
132.417
132.886
133.355
133.824
134.293
134.761
135.23
135.699
136.168
136.636
137.105
137.574
138.042
138.511
138.979
139.448
139.916
140.385
140.853
141.322
141.79
142.258
142.726
143.194
143.663
144.131
144.599
145.067
145.534
146.002
146.47
146.938
147.405
147.873
148.34
148.808
149.275
149.742
150.209
150.676
151.143
151.61
152.077
152.544
153.01
153.477
153.943
154.409
154.875
155.341
155.807
156.273
156.739
157.204
157.67
158.135
158.6
159.065
159.53
159.995
160.459
160.923
161.388
161.852
162.315
162.779
163.242
163.706
164.169
164.632
165.094
165.557
166.019
166.481
166.943
167.404
167.865
168.326
168.787
169.247
169.708
170.167
170.627
171.086
171.545
172.004
172.462
172.92
173.378
173.835
174.292
174.749
175.205
175.66
176.116
176.571
177.025
177.479
177.933
178.386
178.838
179.29
179.742
180.193
180.644
181.094
181.543
181.992
182.44
182.887
183.334
183.78
184.226
184.671
185.115
185.558
186.001
186.443
186.884
187.324
187.763
188.201
188.639
189.075
189.511
189.945
190.379
190.811
191.242
191.673
192.102
192.529
192.956
193.382
193.807
194.232
194.654
195.075
195.494
195.912
196.328
196.742
197.155
197.567
197.976
198.384
198.79
199.195
199.598
199.998
200.397
200.794
201.189
201.582
201.973
202.361
202.748
203.132
203.514
203.893
204.271
204.645
205.018
205.387
205.755
206.119
206.481
206.84
207.197
207.55
207.901
208.249
208.594
208.937
209.276
209.612
209.945
210.276
210.603
210.927
211.248
211.566
211.881
212.192
212.501
212.807
213.109
213.409
213.705
213.998
214.289
214.576
214.86
215.142
215.42
215.696
215.969
216.24
216.507
216.772
217.035
217.295
217.552
217.808
218.061
218.312
218.56
218.807
219.052
219.295
219.536
219.775
220.013
220.249
220.483
220.717
220.949
221.179
221.409
221.637
221.864
222.091
222.316
222.541
222.765
222.988
223.21
223.432
223.653
223.874
224.094
224.314
224.533
224.752
224.971
225.189
225.407
225.625
225.843
226.061
226.278
226.495
226.712
226.929
227.146
227.363
227.579
227.796
228.013
228.229
228.446
228.662
228.879
229.095
229.312
229.529
229.745
229.962
230.178
230.395
230.611
230.828
231.045
231.261
231.478
231.695
231.912
232.129
232.345
232.562
232.779
232.996
233.213
233.43
233.647
233.864
234.082
234.299
234.516
234.733
234.95
235.168
235.385
235.602
235.82
236.037
236.255
236.472
236.69
236.907
237.125
237.343
237.56
237.778
237.996
238.214
238.431
238.649
238.867
239.085
239.303
239.521
239.739
239.957
240.175
240.393
240.611
240.829
241.047
241.265
241.483
241.702
241.92
242.138
242.356
242.575
242.793
243.011
243.23
243.448
243.666
243.885
244.103
244.322
244.54
244.759
244.977
245.196
245.414
245.633
245.851
246.07
246.289
246.507
246.726
246.944
247.163
247.382
247.6
247.819
248.038
248.257
248.475
248.694
248.913
249.131
249.35
249.569
249.788
250.006
250.225
250.444
250.663
250.881
251.1
251.319
251.538
251.756
251.975
252.194
252.413
252.631
252.85
253.069
253.287
253.506
253.725
253.943
254.162
254.381
254.599
254.818
255.036
255.255
255.473
255.692
255.91
256.129
256.347
256.566
256.784
257.002
257.221
257.439
257.657
257.876
258.094
258.312
258.53
258.748
258.966
259.184
259.402
259.62
259.838
260.055
260.273
260.491
260.708
260.926
261.144
261.361
261.578
261.796
262.013
262.23
262.447
262.664
262.881
263.098
263.315
263.532
263.748
263.965
264.181
264.398
264.614
264.83
265.046
265.262
265.478
265.694
265.909
266.125
266.34
266.556
266.771
266.986
267.201
267.415
267.63
267.844
268.059
268.273
268.487
268.701
268.915
269.128
269.341
269.555
269.768
269.98
270.193
270.405
270.618
270.83
271.042
271.253
271.464
271.676
271.886
272.097
272.308
272.518
272.728
272.937
273.147
273.356
273.564
273.773
273.981
274.189
274.396
274.604
274.81
275.017
275.223
275.429
275.634
275.839
276.044
276.248
276.452
276.655
276.858
277.06
277.262
277.464
277.665
277.865
278.065
278.265
278.464
278.662
278.86
279.057
279.254
279.45
279.645
279.84
280.034
280.227
280.42
280.612
280.803
280.994
281.183
281.372
281.56
281.748
281.934
282.12
282.304
282.488
282.671
282.853
283.034
283.214
283.393
283.571
283.747
283.923
284.098
284.271
284.443
284.614
284.784
284.953
285.12
285.286
285.451
285.615
285.777
285.937
286.097
286.255
286.411
286.566
286.719
286.871
287.021
287.17
287.317
287.462
287.606
287.748
287.888
288.026
288.163
288.298
288.431
288.562
288.691
288.819
288.945
289.068
289.19
289.31
289.427
289.543
289.657
289.769
289.879
289.986
290.092
290.195
290.297
290.396
290.494
290.589
290.682
290.773
290.862
290.949
291.034
291.116
291.197
291.275
291.352
291.426
291.499
291.569
291.637
291.704
291.768
291.83
291.891
291.949
292.006
292.061
292.114
292.165
292.214
292.262
292.308
292.352
292.394
292.435
292.474
292.512
292.548
292.582
292.615
292.647
292.677
292.705
292.733
292.758
292.783
292.806
292.827
292.848
292.867
292.885
292.901
292.916
292.93
292.942
292.954
292.963
292.972
292.979
292.985
292.989
292.992
292.993
292.992
292.991
292.987
292.982
292.975
292.967
292.956
292.944
292.93
292.914
292.896
292.876
292.854
292.83
292.805
292.777
292.747
292.716
292.682
292.647
292.61
292.572
292.532
292.49
292.448
292.404
292.359
292.313
292.266
292.219
292.172
292.124
292.076
292.029
291.982
291.935
291.889
291.843
291.799
291.756
291.713
291.672
291.633
291.595
291.559
291.524
291.491
291.459
291.429
291.401
291.375
291.35
291.327
291.305
291.285
291.267
291.25
291.234
291.22
291.207
291.195
291.185
291.175
291.166
291.158
291.151
291.145
291.14
291.135
291.131
291.127
291.124
291.122
291.12
291.118
291.117
291.116
291.116
291.116
291.116
291.116
291.117
291.118
291.119
291.121
291.123
291.125
291.127
291.129
291.132
291.135
291.137
291.14
291.143
291.146
291.149
291.152
291.155
291.158
291.161
291.164
291.167
291.17
291.172
291.175
291.177
291.179
291.181
291.183
291.184
291.186
291.187
291.188
291.189
291.19
291.191
291.191
291.192
291.192
291.193
291.193
291.193
291.193
291.193
291.194
291.194
)
;

boundaryField
{
    sides
    {
        type            calculated;
        value           nonuniform List<scalar> 2(291.194 11.9855);
    }
    empty
    {
        type            empty;
    }
}


// ************************************************************************* //
