/*--------------------------------*- C++ -*----------------------------------*\
| =========                 |                                                 |
| \\      /  F ield         | OpenFOAM: The Open Source CFD Toolbox           |
|  \\    /   O peration     | Version:  2406                                  |
|   \\  /    A nd           | Website:  www.openfoam.com                      |
|    \\/     M anipulation  |                                                 |
\*---------------------------------------------------------------------------*/
FoamFile
{
    version     2.0;
    format      ascii;
    arch        "LSB;label=32;scalar=64";
    class       volScalarField;
    location    "0.028";
    object      p;
}
// * * * * * * * * * * * * * * * * * * * * * * * * * * * * * * * * * * * * * //

dimensions      [1 -1 -2 0 0 0 0];

internalField   nonuniform List<scalar> 
1000
(
22591.9
22588
22583.4
22579.3
22575.6
22571.9
22568.1
22564.3
22560.5
22556.7
22552.8
22549
22545.2
22541.4
22537.6
22533.8
22530
22526.2
22522.3
22518.5
22514.7
22510.9
22507
22503.2
22499.4
22495.6
22491.7
22487.9
22484
22480.2
22476.4
22472.5
22468.7
22464.8
22461
22457.1
22453.3
22449.4
22445.6
22441.7
22437.8
22434
22430.1
22426.2
22422.4
22418.5
22414.6
22410.7
22406.9
22403
22399.1
22395.2
22391.3
22387.4
22383.5
22379.6
22375.7
22371.8
22367.9
22364
22360.1
22356.2
22352.3
22348.4
22344.5
22340.6
22336.7
22332.7
22328.8
22324.9
22321
22317
22313.1
22309.2
22305.2
22301.3
22297.3
22293.4
22289.5
22285.5
22281.6
22277.6
22273.7
22269.7
22265.7
22261.8
22257.8
22253.8
22249.9
22245.9
22241.9
22238
22234
22230
22226
22222
22218.1
22214.1
22210.1
22206.1
22202.1
22198.1
22194.1
22190.1
22186.1
22182.1
22178.1
22174
22170
22166
22162
22158
22153.9
22149.9
22145.9
22141.8
22137.8
22133.8
22129.7
22125.7
22121.7
22117.6
22113.6
22109.5
22105.5
22101.4
22097.3
22093.3
22089.2
22085.2
22081.1
22077
22072.9
22068.9
22064.8
22060.7
22056.6
22052.6
22048.5
22044.4
22040.3
22036.2
22032.1
22028
22023.9
22019.8
22015.7
22011.6
22007.5
22003.4
21999.3
21995.2
21991
21986.9
21982.8
21978.7
21974.5
21970.4
21966.3
21962.2
21958
21953.9
21949.7
21945.6
21941.5
21937.3
21933.2
21929
21924.9
21920.7
21916.6
21912.4
21908.2
21904.1
21899.9
21895.8
21891.6
21887.4
21883.3
21879.1
21874.9
21870.7
21866.6
21862.4
21858.2
21854
21849.8
21845.6
21841.5
21837.3
21833.1
21828.9
21824.7
21820.5
21816.3
21812.1
21807.9
21803.7
21799.5
21795.3
21791.1
21786.9
21782.7
21778.5
21774.2
21770
21765.8
21761.6
21757.4
21753.2
21749
21744.7
21740.5
21736.3
21732.1
21727.8
21723.6
21719.4
21715.2
21711
21706.7
21702.5
21698.3
21694
21689.8
21685.6
21681.4
21677.1
21672.9
21668.7
21664.4
21660.2
21656
21651.7
21647.5
21643.3
21639.1
21634.8
21630.6
21626.4
21622.1
21617.9
21613.7
21609.5
21605.2
21601
21596.8
21592.6
21588.3
21584.1
21579.9
21575.7
21571.5
21567.3
21563
21558.8
21554.6
21550.4
21546.2
21542
21537.8
21533.6
21529.4
21525.2
21521
21516.8
21512.6
21508.4
21504.3
21500.1
21495.9
21491.7
21487.6
21483.4
21479.3
21475.1
21470.9
21466.8
21462.7
21458.5
21454.4
21450.3
21446.1
21442
21437.9
21433.8
21429.7
21425.6
21421.5
21417.4
21413.3
21409.3
21405.2
21401.2
21397.1
21393.1
21389
21385
21381
21377
21373
21369
21365
21361.1
21357.1
21353.2
21349.2
21345.3
21341.4
21337.5
21333.6
21329.7
21325.9
21322
21318.2
21314.3
21310.5
21306.7
21303
21299.2
21295.4
21291.7
21288
21284.3
21280.6
21277
21273.3
21269.7
21266.1
21262.5
21259
21255.4
21251.9
21248.4
21245
21241.5
21238.1
21234.7
21231.3
21228
21224.7
21221.4
21218.2
21214.9
21211.8
21208.6
21205.5
21202.4
21199.3
21196.3
21193.4
21190.4
21187.5
21184.7
21181.8
21179.1
21176.3
21173.7
21171
21168.4
21165.9
21163.4
21161
21158.6
21156.3
21154
21151.8
21149.7
21147.6
21145.6
21143.6
21141.7
21139.9
21138.2
21136.5
21134.9
21133.4
21132
21130.7
21129.4
21128.3
21127.2
21126.2
21125.3
21124.6
21123.9
21123.3
21122.9
21122.6
21122.3
21122.2
21122.2
21122.3
21122.4
21122.7
21123.1
21123.7
21124.5
21125.4
21126.5
21127.8
21129.2
21130.8
21132.5
21134.4
21136.5
21138.7
21141.2
21143.8
21146.6
21149.6
21152.9
21156.3
21160
21163.8
21167.9
21172.2
21176.8
21181.6
21186.6
21191.9
21197.4
21203.2
21209.2
21215.5
21222.1
21229
21236.1
21243.6
21251.3
21259.3
21267.6
21276.2
21285.1
21294.3
21303.8
21313.6
21323.8
21334.2
21345
21356.1
21367.5
21379.2
21391.3
21403.7
21416.3
21429.3
21442.7
21456.3
21470.2
21484.5
21499
21513.9
21529.1
21544.5
21560.3
21576.3
21592.6
21609.2
21626
21643.2
21660.5
21678.2
21696
21714.1
21732.4
21751
21769.7
21788.7
21807.9
21827.2
21846.8
21866.5
21886.4
21906.4
21926.6
21946.9
21967.4
21988
22008.8
22029.6
22050.6
22071.7
22092.9
22114.1
22135.5
22157
22178.5
22200.1
22221.8
22243.6
22265.4
22287.3
22309.2
22331.2
22353.3
22375.4
22397.6
22419.8
22442
22464.3
22486.6
22509
22531.4
22553.8
22576.3
22598.8
22621.3
22643.8
22666.4
22689.1
22711.7
22734.4
22757.1
22779.8
22802.6
22825.4
22848.2
22871
22893.9
22916.8
22939.7
22962.7
22985.6
23008.6
23031.6
23054.7
23077.7
23100.8
23123.9
23147.1
23170.2
23193.4
23216.6
23239.9
23263.1
23286.4
23309.7
23333.1
23356.4
23379.8
23403.2
23426.6
23450.1
23473.5
23497
23520.6
23544.1
23567.7
23591.3
23614.9
23638.5
23662.2
23685.9
23709.6
23733.3
23757.1
23780.9
23804.7
23828.5
23852.4
23876.2
23900.1
23924.1
23948
23972
23996
24020
24044.1
24068.1
24092.2
24116.3
24140.5
24164.6
24188.8
24213
24237.2
24261.5
24285.8
24310.1
24334.4
24358.7
24383.1
24407.5
24431.9
24456.3
24480.8
24505.3
24529.8
24554.3
24578.9
24603.4
24628
24652.6
24677.3
24701.9
24726.6
24751.3
24776
24800.8
24825.6
24850.4
24875.2
24900
24924.9
24949.8
24974.7
24999.6
25024.5
25049.5
25074.5
25099.5
25124.5
25149.6
25174.6
25199.7
25224.8
25250
25275.1
25300.3
25325.5
25350.7
25376
25401.2
25426.5
25451.8
25477.1
25502.4
25527.8
25553.2
25578.6
25604
25629.4
25654.9
25680.3
25705.8
25731.3
25756.9
25782.4
25808
25833.6
25859.2
25884.8
25910.4
25936.1
25961.7
25987.4
26013.1
26038.8
26064.6
26090.3
26116.1
26141.9
26167.7
26193.5
26219.3
26245.2
26271
26296.9
26322.8
26348.7
26374.6
26400.6
26426.5
26452.5
26478.5
26504.4
26530.4
26556.5
26582.5
26608.5
26634.6
26660.6
26686.7
26712.8
26738.9
26765
26791.1
26817.2
26843.3
26869.4
26895.6
26921.7
26947.9
26974
27000.2
27026.4
27052.5
27078.7
27104.9
27131.1
27157.3
27183.5
27209.7
27235.9
27262.1
27288.3
27314.5
27340.7
27366.9
27393.1
27419.3
27445.4
27471.6
27497.8
27524
27550.1
27576.3
27602.4
27628.6
27654.7
27680.8
27706.9
27733
27759.1
27785.2
27811.2
27837.3
27863.3
27889.3
27915.3
27941.2
27967.1
27993.1
28018.9
28044.8
28070.6
28096.4
28122.2
28147.9
28173.7
28199.3
28225
28250.6
28276.1
28301.6
28327.1
28352.5
28377.9
28403.3
28428.5
28453.8
28479
28504.1
28529.1
28554.1
28579.1
28604
28628.8
28653.5
28678.2
28702.8
28727.3
28751.7
28776.1
28800.3
28824.5
28848.6
28872.6
28896.5
28920.3
28944
28967.6
28991.1
29014.5
29037.8
29060.9
29084
29106.9
29129.6
29152.3
29174.8
29197.2
29219.4
29241.5
29263.4
29285.2
29306.9
29328.3
29349.7
29370.8
29391.8
29412.6
29433.2
29453.6
29473.9
29494
29513.8
29533.5
29553
29572.3
29591.3
29610.2
29628.8
29647.2
29665.4
29683.4
29701.2
29718.7
29735.9
29753
29769.8
29786.3
29802.6
29818.7
29834.5
29850
29865.3
29880.3
29895.1
29909.6
29923.8
29937.7
29951.4
29964.9
29978
29990.9
30003.5
30015.8
30027.9
30039.6
30051.1
30062.4
30073.3
30084
30094.4
30104.5
30114.4
30124
30133.3
30142.4
30151.2
30159.7
30168
30176
30183.8
30191.3
30198.6
30205.6
30212.4
30218.9
30225.2
30231.3
30237.2
30242.9
30248.3
30253.5
30258.6
30263.4
30268.1
30272.5
30276.8
30280.9
30284.9
30288.7
30292.3
30295.8
30299.1
30302.4
30305.5
30308.5
30311.4
30314.2
30316.9
30319.6
30322.2
30324.7
30327.2
30329.7
30332.1
30334.6
30337
30339.5
30342
30344.5
30347.2
30349.9
30352.6
30355.5
30358.5
30361.6
30364.8
30368.2
30371.7
30375.4
30379.2
30383.3
30387.5
30392
30396.6
30401.4
30406.4
30411.6
30417
30422.5
30428.3
30434.2
30440.2
30446.4
30452.8
30459.2
30465.7
30472.3
30479
30485.6
30492.3
30499
30505.7
30512.2
30518.8
30525.2
30531.5
30537.6
30543.7
30549.5
30555.2
30560.6
30565.9
30570.9
30575.7
30580.3
30584.7
30588.8
30592.7
30596.3
30599.8
30603
30605.9
30608.7
30611.3
30613.6
30615.8
30617.7
30619.6
30621.2
30622.7
30624
30625.2
30626.3
30627.3
30628.1
30628.9
30629.6
30630.1
30630.6
30631.1
30631.4
30631.7
30631.9
30632.1
30632.2
30632.3
30632.3
30632.3
30632.2
30632.2
30632.1
30631.9
30631.7
30631.4
30631.2
30630.9
30630.5
30630.2
30629.8
30629.4
30629
30628.6
30628.2
30627.8
30627.4
30627
30626.6
30626.2
30625.8
30625.4
30625.1
30624.7
30624.4
30624.1
30623.8
30623.5
30623.3
30623.1
30622.9
30622.7
30622.5
30622.4
30622.3
30622.1
30622.1
30622
30621.9
30621.9
30621.8
30621.8
30621.8
30621.8
30621.8
30621.7
)
;

boundaryField
{
    sides
    {
        type            zeroGradient;
    }
    empty
    {
        type            empty;
    }
}


// ************************************************************************* //
