/*--------------------------------*- C++ -*----------------------------------*\
| =========                 |                                                 |
| \\      /  F ield         | OpenFOAM: The Open Source CFD Toolbox           |
|  \\    /   O peration     | Version:  2406                                  |
|   \\  /    A nd           | Website:  www.openfoam.com                      |
|    \\/     M anipulation  |                                                 |
\*---------------------------------------------------------------------------*/
FoamFile
{
    version     2.0;
    format      ascii;
    arch        "LSB;label=32;scalar=64";
    class       surfaceScalarField;
    location    "0.028";
    object      phi;
}
// * * * * * * * * * * * * * * * * * * * * * * * * * * * * * * * * * * * * * //

dimensions      [1 0 -1 0 0 0 0];

oriented        oriented;

internalField   nonuniform List<scalar> 
999
(
17.2193
17.8503
18.4808
19.1109
19.7409
20.3708
21.0005
21.6296
22.2578
22.8852
23.5124
24.1397
24.7675
25.3962
26.0256
26.6557
27.2862
27.9168
28.5473
29.178
29.8095
30.4411
31.0726
31.7041
32.3355
32.9668
33.598
34.2291
34.8601
35.491
36.1218
36.7526
37.3832
38.0138
38.6443
39.2746
39.9049
40.5352
41.1653
41.7953
42.4252
43.0551
43.6848
44.3145
44.9441
45.5735
46.2029
46.8322
47.4614
48.0905
48.7195
49.3484
49.9772
50.6059
51.2346
51.8631
52.4915
53.1199
53.7481
54.3763
55.0043
55.6323
56.2601
56.8879
57.5156
58.1431
58.7706
59.398
60.0253
60.6525
61.2795
61.9065
62.5334
63.1602
63.7869
64.4134
65.0399
65.6663
66.2926
66.9188
67.5448
68.1708
68.7967
69.4224
70.0481
70.6736
71.2991
71.9244
72.5497
73.1748
73.7999
74.4247
75.0496
75.6742
76.2988
76.9233
77.5477
78.1719
78.7961
79.4202
80.0441
80.6679
81.2916
81.9152
82.5387
83.1621
83.7852
84.4086
85.0314
85.6545
86.2772
86.8998
87.5226
88.1448
88.7674
89.3895
90.0115
90.6337
91.2554
91.8772
92.4989
93.1203
93.7418
94.3631
94.9842
95.6053
96.2262
96.8469
97.4677
98.0882
98.7086
99.329
99.9491
100.569
101.189
101.809
102.429
103.048
103.668
104.287
104.906
105.525
106.144
106.763
107.382
108
108.619
109.237
109.855
110.473
111.091
111.709
112.327
112.944
113.561
114.179
114.796
115.413
116.03
116.646
117.263
117.879
118.496
119.112
119.728
120.344
120.96
121.575
122.191
122.806
123.421
124.036
124.651
125.266
125.881
126.495
127.11
127.724
128.338
128.952
129.566
130.179
130.793
131.406
132.019
132.632
133.245
133.858
134.471
135.083
135.696
136.308
136.92
137.532
138.144
138.755
139.367
139.978
140.589
141.2
141.811
142.421
143.032
143.642
144.253
144.863
145.473
146.082
146.692
147.301
147.911
148.52
149.129
149.737
150.346
150.955
151.563
152.171
152.779
153.387
153.995
154.602
155.209
155.817
156.424
157.03
157.637
158.244
158.85
159.456
160.062
160.668
161.274
161.879
162.484
163.089
163.694
164.299
164.904
165.508
166.113
166.717
167.321
167.924
168.528
169.131
169.734
170.337
170.94
171.543
172.145
172.748
173.35
173.952
174.554
175.155
175.756
176.358
176.959
177.559
178.16
178.76
179.361
179.961
180.561
181.16
181.76
182.359
182.958
183.557
184.155
184.754
185.352
185.95
186.548
187.146
187.743
188.34
188.938
189.534
190.131
190.727
191.324
191.92
192.515
193.111
193.706
194.301
194.896
195.491
196.085
196.68
197.274
197.868
198.461
199.055
199.648
200.241
200.833
201.426
202.018
202.61
203.202
203.793
204.384
204.975
205.566
206.157
206.747
207.337
207.927
208.516
209.106
209.695
210.283
210.872
211.46
212.048
212.636
213.224
213.811
214.398
214.984
215.571
216.157
216.743
217.328
217.914
218.499
219.083
219.668
220.252
220.836
221.419
222.003
222.586
223.168
223.751
224.333
224.914
225.496
226.077
226.658
227.238
227.818
228.398
228.978
229.557
230.135
230.714
231.292
231.87
232.447
233.024
233.601
234.177
234.753
235.329
235.904
236.479
237.053
237.627
238.2
238.774
239.346
239.919
240.491
241.062
241.633
242.204
242.774
243.344
243.913
244.482
245.051
245.618
246.186
246.753
247.319
247.885
248.45
249.015
249.58
250.143
250.707
251.269
251.831
252.393
252.954
253.514
254.074
254.633
255.193
255.751
256.309
256.866
257.423
257.978
258.533
259.087
259.641
260.194
260.746
261.297
261.848
262.398
262.947
263.496
264.044
264.591
265.137
265.682
266.227
266.771
267.314
267.856
268.397
268.938
269.478
270.016
270.554
271.091
271.628
272.163
272.698
273.231
273.764
274.296
274.827
275.357
275.886
276.414
276.941
277.468
277.993
278.518
279.042
279.565
280.087
280.608
281.128
281.648
282.167
282.685
283.202
283.718
284.234
284.749
285.264
285.777
286.29
286.803
287.315
287.826
288.337
288.847
289.357
289.866
290.375
290.883
291.392
291.9
292.407
292.915
293.422
293.929
294.436
294.943
295.45
295.957
296.464
296.97
297.477
297.984
298.492
298.999
299.507
300.015
300.523
301.031
301.54
302.049
302.558
303.068
303.578
304.089
304.6
305.111
305.623
306.136
306.649
307.162
307.676
308.191
308.706
309.221
309.738
310.254
310.772
311.29
311.808
312.328
312.847
313.368
313.889
314.411
314.933
315.456
315.979
316.503
317.028
317.554
318.08
318.607
319.134
319.662
320.191
320.72
321.25
321.781
322.312
322.844
323.377
323.91
324.444
324.979
325.514
326.05
326.587
327.124
327.662
328.2
328.74
329.279
329.82
330.361
330.903
331.446
331.989
332.533
333.077
333.622
334.168
334.714
335.262
335.809
336.358
336.907
337.457
338.007
338.558
339.11
339.662
340.215
340.769
341.324
341.879
342.434
342.991
343.548
344.105
344.664
345.223
345.782
346.342
346.903
347.465
348.027
348.59
349.154
349.718
350.283
350.848
351.414
351.981
352.549
353.117
353.686
354.255
354.825
355.396
355.967
356.539
357.112
357.685
358.259
358.834
359.409
359.985
360.561
361.138
361.716
362.295
362.874
363.454
364.034
364.615
365.196
365.779
366.362
366.945
367.529
368.114
368.699
369.286
369.872
370.459
371.047
371.636
372.225
372.815
373.405
373.996
374.588
375.18
375.773
376.366
376.96
377.555
378.15
378.746
379.343
379.94
380.537
381.136
381.734
382.334
382.934
383.534
384.136
384.737
385.34
385.943
386.546
387.15
387.755
388.36
388.965
389.572
390.178
390.786
391.393
392.002
392.611
393.22
393.83
394.441
395.052
395.663
396.275
396.888
397.501
398.114
398.728
399.343
399.958
400.573
401.189
401.805
402.422
403.039
403.657
404.275
404.894
405.513
406.132
406.752
407.372
407.993
408.614
409.235
409.857
410.479
411.101
411.724
412.347
412.971
413.595
414.219
414.843
415.468
416.093
416.718
417.344
417.97
418.596
419.222
419.849
420.475
421.102
421.729
422.357
422.984
423.612
424.239
424.867
425.495
426.123
426.751
427.38
428.008
428.636
429.264
429.893
430.521
431.149
431.777
432.405
433.033
433.661
434.288
434.916
435.543
436.17
436.797
437.424
438.05
438.676
439.302
439.927
440.552
441.176
441.8
442.424
443.047
443.67
444.291
444.913
445.533
446.153
446.773
447.391
448.009
448.626
449.242
449.857
450.471
451.084
451.696
452.307
452.917
453.526
454.133
454.74
455.345
455.948
456.55
457.151
457.75
458.347
458.943
459.537
460.129
460.719
461.308
461.894
462.478
463.061
463.641
464.219
464.794
465.367
465.938
466.506
467.071
467.634
468.194
468.751
469.305
469.856
470.404
470.949
471.49
472.028
472.563
473.094
473.622
474.145
474.665
475.181
475.693
476.201
476.704
477.204
477.699
478.189
478.675
479.157
479.633
480.105
480.571
481.033
481.49
481.941
482.387
482.828
483.263
483.693
484.117
484.535
484.948
485.355
485.755
486.15
486.539
486.921
487.297
487.668
488.031
488.389
488.739
489.084
489.422
489.753
490.078
490.396
490.708
491.012
491.311
491.602
491.887
492.165
492.437
492.702
492.96
493.211
493.456
493.694
493.926
494.152
494.37
494.583
494.789
494.989
495.182
495.37
495.551
495.726
495.896
496.06
496.217
496.37
496.516
496.657
496.793
496.924
497.049
497.17
497.285
497.396
497.502
497.604
497.701
497.793
497.882
497.966
498.047
498.123
498.196
498.265
498.331
498.393
498.453
498.509
498.561
498.611
498.658
498.703
498.745
498.784
498.82
498.855
498.888
498.918
498.945
498.971
498.995
499.017
499.038
499.056
499.074
499.089
499.103
499.116
499.127
499.137
499.146
499.154
499.161
499.166
499.171
499.174
499.177
499.179
499.18
499.18
499.18
499.179
499.178
499.176
499.174
499.171
499.168
499.165
499.161
499.157
499.153
499.149
499.145
499.141
499.136
499.132
499.128
499.124
499.12
499.116
499.112
499.108
499.104
499.101
499.098
499.094
499.091
499.089
499.086
499.083
499.081
499.079
499.077
499.075
499.073
499.071
499.07
499.068
499.067
499.066
499.065
499.064
499.062
499.062
499.061
499.06
499.059
499.058
499.058
499.057
499.056
499.056
499.055
499.055
499.054
499.054
499.053
499.053
499.053
499.052
499.052
499.052
499.051
499.051
499.051
499.051
499.051
499.05
499.05
499.05
499.05
499.05
499.049
499.049
499.049
499.049
499.048
499.048
499.048
499.047
499.047
499.047
499.046
499.046
499.045
499.045
499.044
499.044
499.043
499.042
499.042
499.041
499.04
499.04
499.039
499.038
499.038
499.037
499.036
499.035
499.035
499.034
499.033
)
;

boundaryField
{
    sides
    {
        type            calculated;
        value           nonuniform List<scalar> 2(499.032 -16.588);
    }
    empty
    {
        type            empty;
    }
}


// ************************************************************************* //
