/*--------------------------------*- C++ -*----------------------------------*\
| =========                 |                                                 |
| \\      /  F ield         | OpenFOAM: The Open Source CFD Toolbox           |
|  \\    /   O peration     | Version:  2406                                  |
|   \\  /    A nd           | Website:  www.openfoam.com                      |
|    \\/     M anipulation  |                                                 |
\*---------------------------------------------------------------------------*/
FoamFile
{
    version     2.0;
    format      ascii;
    arch        "LSB;label=32;scalar=64";
    class       volScalarField;
    location    "0.028";
    object      T;
}
// * * * * * * * * * * * * * * * * * * * * * * * * * * * * * * * * * * * * * //

dimensions      [0 0 0 1 0 0 0];

internalField   nonuniform List<scalar> 
1000
(
226.849
226.876
226.919
226.966
227.012
227.052
227.089
227.128
227.171
227.219
227.269
227.316
227.355
227.385
227.404
227.415
227.419
227.42
227.42
227.418
227.413
227.402
227.39
227.379
227.367
227.356
227.345
227.333
227.322
227.311
227.299
227.288
227.277
227.266
227.254
227.243
227.232
227.22
227.209
227.198
227.186
227.175
227.164
227.152
227.141
227.13
227.118
227.107
227.096
227.084
227.073
227.061
227.05
227.039
227.027
227.016
227.004
226.993
226.981
226.97
226.958
226.947
226.935
226.924
226.912
226.901
226.889
226.878
226.866
226.855
226.843
226.832
226.82
226.809
226.797
226.785
226.774
226.762
226.751
226.739
226.727
226.716
226.704
226.692
226.681
226.669
226.658
226.646
226.635
226.622
226.612
226.598
226.589
226.574
226.566
226.55
226.542
226.527
226.519
226.503
226.495
226.48
226.472
226.456
226.448
226.433
226.424
226.41
226.399
226.388
226.374
226.364
226.35
226.34
226.328
226.315
226.305
226.292
226.28
226.269
226.256
226.244
226.232
226.22
226.209
226.196
226.184
226.173
226.16
226.148
226.136
226.124
226.112
226.1
226.088
226.076
226.064
226.052
226.04
226.028
226.016
226.004
225.991
225.979
225.967
225.955
225.943
225.931
225.919
225.906
225.894
225.882
225.87
225.858
225.845
225.833
225.821
225.809
225.797
225.784
225.772
225.76
225.748
225.735
225.723
225.711
225.698
225.686
225.674
225.661
225.649
225.637
225.624
225.612
225.6
225.587
225.575
225.563
225.55
225.538
225.526
225.513
225.501
225.488
225.476
225.463
225.451
225.439
225.426
225.414
225.401
225.389
225.376
225.364
225.351
225.339
225.326
225.314
225.301
225.289
225.276
225.264
225.251
225.239
225.226
225.214
225.201
225.189
225.176
225.164
225.151
225.138
225.126
225.113
225.101
225.088
225.076
225.063
225.05
225.038
225.025
225.013
225
224.987
224.975
224.962
224.95
224.937
224.924
224.912
224.899
224.886
224.874
224.861
224.849
224.836
224.823
224.811
224.798
224.785
224.773
224.76
224.748
224.735
224.722
224.71
224.697
224.684
224.672
224.659
224.647
224.634
224.621
224.609
224.596
224.584
224.571
224.558
224.546
224.533
224.521
224.508
224.496
224.483
224.47
224.458
224.445
224.433
224.42
224.408
224.395
224.383
224.37
224.358
224.345
224.333
224.32
224.308
224.296
224.283
224.271
224.258
224.246
224.234
224.221
224.209
224.197
224.184
224.172
224.16
224.148
224.135
224.123
224.111
224.099
224.087
224.075
224.063
224.051
224.039
224.027
224.015
224.003
223.991
223.979
223.967
223.955
223.943
223.932
223.92
223.908
223.897
223.885
223.873
223.862
223.85
223.839
223.827
223.816
223.805
223.793
223.782
223.771
223.76
223.749
223.738
223.727
223.716
223.705
223.694
223.684
223.673
223.663
223.652
223.642
223.631
223.621
223.611
223.601
223.591
223.581
223.571
223.561
223.551
223.542
223.532
223.523
223.514
223.504
223.495
223.486
223.478
223.469
223.46
223.452
223.443
223.435
223.427
223.419
223.412
223.404
223.396
223.389
223.382
223.375
223.368
223.362
223.355
223.349
223.343
223.337
223.332
223.326
223.321
223.316
223.311
223.307
223.303
223.299
223.295
223.292
223.289
223.286
223.283
223.281
223.279
223.278
223.276
223.275
223.275
223.275
223.275
223.275
223.276
223.276
223.278
223.28
223.283
223.286
223.289
223.293
223.298
223.302
223.308
223.314
223.32
223.327
223.335
223.343
223.352
223.361
223.371
223.382
223.393
223.405
223.418
223.431
223.445
223.46
223.475
223.491
223.508
223.526
223.545
223.564
223.584
223.605
223.627
223.65
223.673
223.698
223.723
223.749
223.776
223.805
223.834
223.863
223.894
223.926
223.959
223.993
224.027
224.063
224.099
224.137
224.175
224.215
224.255
224.296
224.338
224.381
224.425
224.47
224.516
224.562
224.61
224.658
224.707
224.756
224.807
224.858
224.91
224.963
225.017
225.071
225.125
225.181
225.237
225.293
225.35
225.408
225.466
225.525
225.584
225.643
225.703
225.763
225.824
225.885
225.946
226.008
226.07
226.132
226.194
226.257
226.32
226.383
226.446
226.51
226.573
226.637
226.701
226.765
226.829
226.893
226.958
227.022
227.087
227.152
227.216
227.281
227.346
227.411
227.476
227.541
227.607
227.672
227.737
227.802
227.868
227.933
227.998
228.064
228.129
228.195
228.26
228.326
228.392
228.457
228.523
228.589
228.654
228.72
228.786
228.852
228.917
228.983
229.049
229.115
229.181
229.247
229.313
229.379
229.445
229.511
229.577
229.643
229.709
229.775
229.841
229.908
229.974
230.04
230.106
230.172
230.239
230.305
230.371
230.438
230.504
230.57
230.637
230.703
230.77
230.836
230.902
230.969
231.035
231.102
231.169
231.235
231.302
231.368
231.435
231.502
231.568
231.635
231.702
231.768
231.835
231.902
231.968
232.035
232.102
232.169
232.236
232.303
232.369
232.436
232.503
232.57
232.637
232.704
232.771
232.838
232.905
232.972
233.039
233.106
233.173
233.24
233.307
233.374
233.441
233.508
233.575
233.642
233.709
233.776
233.843
233.911
233.978
234.045
234.112
234.179
234.246
234.314
234.381
234.448
234.515
234.582
234.649
234.717
234.784
234.851
234.918
234.985
235.053
235.12
235.187
235.254
235.322
235.389
235.456
235.523
235.591
235.658
235.725
235.792
235.859
235.927
235.994
236.061
236.128
236.195
236.263
236.33
236.397
236.464
236.532
236.599
236.666
236.733
236.8
236.867
236.935
237.002
237.069
237.136
237.203
237.27
237.338
237.405
237.472
237.539
237.606
237.673
237.74
237.807
237.874
237.941
238.008
238.075
238.142
238.209
238.276
238.343
238.41
238.477
238.544
238.611
238.678
238.745
238.812
238.878
238.945
239.012
239.079
239.145
239.212
239.279
239.345
239.412
239.479
239.545
239.612
239.678
239.745
239.811
239.878
239.944
240.01
240.077
240.143
240.209
240.275
240.341
240.407
240.473
240.539
240.605
240.671
240.737
240.803
240.868
240.934
241
241.065
241.131
241.196
241.261
241.327
241.392
241.457
241.522
241.587
241.651
241.716
241.781
241.846
241.91
241.974
242.039
242.103
242.167
242.231
242.295
242.359
242.422
242.486
242.549
242.613
242.676
242.739
242.801
242.864
242.927
242.989
243.051
243.114
243.175
243.237
243.299
243.36
243.422
243.483
243.543
243.604
243.665
243.725
243.785
243.845
243.904
243.964
244.023
244.082
244.14
244.199
244.257
244.315
244.372
244.43
244.487
244.543
244.6
244.656
244.712
244.767
244.822
244.877
244.931
244.986
245.039
245.093
245.146
245.198
245.25
245.302
245.354
245.405
245.455
245.505
245.555
245.604
245.653
245.701
245.749
245.796
245.843
245.889
245.935
245.98
246.025
246.069
246.113
246.156
246.199
246.241
246.282
246.323
246.363
246.403
246.442
246.481
246.518
246.556
246.592
246.628
246.664
246.698
246.733
246.766
246.799
246.831
246.862
246.893
246.924
246.953
246.982
247.01
247.038
247.065
247.091
247.117
247.142
247.166
247.19
247.213
247.235
247.257
247.278
247.299
247.319
247.338
247.357
247.375
247.392
247.409
247.426
247.442
247.457
247.472
247.486
247.5
247.513
247.526
247.538
247.55
247.561
247.572
247.582
247.592
247.602
247.611
247.62
247.629
247.637
247.645
247.652
247.66
247.667
247.674
247.68
247.687
247.693
247.699
247.705
247.711
247.717
247.723
247.729
247.735
247.741
247.747
247.753
247.76
247.766
247.773
247.78
247.787
247.795
247.803
247.811
247.82
247.829
247.838
247.848
247.858
247.869
247.88
247.892
247.904
247.916
247.929
247.943
247.956
247.971
247.985
248
248.015
248.03
248.046
248.061
248.077
248.093
248.109
248.125
248.14
248.156
248.171
248.186
248.201
248.215
248.229
248.243
248.256
248.269
248.281
248.293
248.304
248.315
248.325
248.335
248.344
248.352
248.36
248.368
248.375
248.381
248.387
248.393
248.398
248.402
248.407
248.411
248.414
248.418
248.42
248.423
248.426
248.428
248.43
248.431
248.433
248.434
248.435
248.436
248.437
248.438
248.439
248.439
248.44
248.44
248.44
248.44
248.44
248.44
248.44
248.44
248.44
248.439
248.439
248.439
248.438
248.437
248.437
248.436
248.436
248.435
248.434
248.434
248.433
248.433
248.432
248.431
248.431
248.43
248.43
248.429
248.429
248.429
248.429
248.428
248.428
248.428
248.428
248.428
248.428
248.428
248.428
248.428
248.429
248.429
248.429
248.429
248.43
248.43
248.431
248.431
248.431
)
;

boundaryField
{
    sides
    {
        type            zeroGradient;
    }
    empty
    {
        type            empty;
    }
}


// ************************************************************************* //
