/*--------------------------------*- C++ -*----------------------------------*\
| =========                 |                                                 |
| \\      /  F ield         | OpenFOAM: The Open Source CFD Toolbox           |
|  \\    /   O peration     | Version:  2406                                  |
|   \\  /    A nd           | Website:  www.openfoam.com                      |
|    \\/     M anipulation  |                                                 |
\*---------------------------------------------------------------------------*/
FoamFile
{
    version     2.0;
    format      ascii;
    arch        "LSB;label=32;scalar=64";
    class       volVectorField;
    location    "0.028";
    object      U;
}
// * * * * * * * * * * * * * * * * * * * * * * * * * * * * * * * * * * * * * //

dimensions      [0 1 -1 0 0 0 0];

internalField   nonuniform List<vector> 
1000
(
(11.9855 0 0)
(12.5491 0 0)
(13.1304 0 0)
(13.6095 0 0)
(14.0542 0 0)
(14.5057 0 0)
(14.966 0 0)
(15.4284 0 0)
(15.8899 0 0)
(16.3508 0 0)
(16.8118 0 0)
(17.2731 0 0)
(17.7345 0 0)
(18.196 0 0)
(18.6574 0 0)
(19.1187 0 0)
(19.5801 0 0)
(20.0414 0 0)
(20.5029 0 0)
(20.9643 0 0)
(21.4259 0 0)
(21.8875 0 0)
(22.3491 0 0)
(22.8107 0 0)
(23.2724 0 0)
(23.7341 0 0)
(24.1959 0 0)
(24.6578 0 0)
(25.1196 0 0)
(25.5816 0 0)
(26.0436 0 0)
(26.5056 0 0)
(26.9677 0 0)
(27.4298 0 0)
(27.892 0 0)
(28.3542 0 0)
(28.8165 0 0)
(29.2789 0 0)
(29.7412 0 0)
(30.2037 0 0)
(30.6662 0 0)
(31.1287 0 0)
(31.5913 0 0)
(32.0539 0 0)
(32.5166 0 0)
(32.9793 0 0)
(33.4421 0 0)
(33.9049 0 0)
(34.3678 0 0)
(34.8307 0 0)
(35.2936 0 0)
(35.7567 0 0)
(36.2197 0 0)
(36.6828 0 0)
(37.146 0 0)
(37.6092 0 0)
(38.0724 0 0)
(38.5357 0 0)
(38.9991 0 0)
(39.4625 0 0)
(39.9259 0 0)
(40.3894 0 0)
(40.853 0 0)
(41.3165 0 0)
(41.7802 0 0)
(42.2439 0 0)
(42.7076 0 0)
(43.1714 0 0)
(43.6352 0 0)
(44.0991 0 0)
(44.563 0 0)
(45.027 0 0)
(45.491 0 0)
(45.955 0 0)
(46.4191 0 0)
(46.8833 0 0)
(47.3475 0 0)
(47.8118 0 0)
(48.276 0 0)
(48.7404 0 0)
(49.2048 0 0)
(49.6692 0 0)
(50.1337 0 0)
(50.5982 0 0)
(51.0628 0 0)
(51.5274 0 0)
(51.9921 0 0)
(52.4568 0 0)
(52.9215 0 0)
(53.3863 0 0)
(53.8511 0 0)
(54.316 0 0)
(54.7809 0 0)
(55.2459 0 0)
(55.7109 0 0)
(56.176 0 0)
(56.6411 0 0)
(57.1062 0 0)
(57.5714 0 0)
(58.0366 0 0)
(58.5019 0 0)
(58.9672 0 0)
(59.4326 0 0)
(59.898 0 0)
(60.3634 0 0)
(60.8289 0 0)
(61.2944 0 0)
(61.76 0 0)
(62.2256 0 0)
(62.6912 0 0)
(63.1569 0 0)
(63.6227 0 0)
(64.0884 0 0)
(64.5542 0 0)
(65.0201 0 0)
(65.486 0 0)
(65.9519 0 0)
(66.4179 0 0)
(66.8839 0 0)
(67.35 0 0)
(67.8161 0 0)
(68.2822 0 0)
(68.7484 0 0)
(69.2146 0 0)
(69.6809 0 0)
(70.1472 0 0)
(70.6135 0 0)
(71.0799 0 0)
(71.5463 0 0)
(72.0127 0 0)
(72.4792 0 0)
(72.9457 0 0)
(73.4123 0 0)
(73.8789 0 0)
(74.3455 0 0)
(74.8122 0 0)
(75.2789 0 0)
(75.7457 0 0)
(76.2125 0 0)
(76.6793 0 0)
(77.1462 0 0)
(77.6131 0 0)
(78.08 0 0)
(78.547 0 0)
(79.014 0 0)
(79.481 0 0)
(79.9481 0 0)
(80.4152 0 0)
(80.8824 0 0)
(81.3496 0 0)
(81.8168 0 0)
(82.284 0 0)
(82.7513 0 0)
(83.2187 0 0)
(83.686 0 0)
(84.1534 0 0)
(84.6208 0 0)
(85.0883 0 0)
(85.5558 0 0)
(86.0233 0 0)
(86.4909 0 0)
(86.9585 0 0)
(87.4261 0 0)
(87.8937 0 0)
(88.3614 0 0)
(88.8291 0 0)
(89.2969 0 0)
(89.7647 0 0)
(90.2325 0 0)
(90.7003 0 0)
(91.1682 0 0)
(91.6361 0 0)
(92.104 0 0)
(92.572 0 0)
(93.04 0 0)
(93.508 0 0)
(93.976 0 0)
(94.4441 0 0)
(94.9122 0 0)
(95.3803 0 0)
(95.8485 0 0)
(96.3167 0 0)
(96.7849 0 0)
(97.2531 0 0)
(97.7214 0 0)
(98.1897 0 0)
(98.658 0 0)
(99.1264 0 0)
(99.5947 0 0)
(100.063 0 0)
(100.532 0 0)
(101 0 0)
(101.468 0 0)
(101.937 0 0)
(102.405 0 0)
(102.874 0 0)
(103.343 0 0)
(103.811 0 0)
(104.28 0 0)
(104.748 0 0)
(105.217 0 0)
(105.686 0 0)
(106.154 0 0)
(106.623 0 0)
(107.092 0 0)
(107.561 0 0)
(108.029 0 0)
(108.498 0 0)
(108.967 0 0)
(109.436 0 0)
(109.905 0 0)
(110.373 0 0)
(110.842 0 0)
(111.311 0 0)
(111.78 0 0)
(112.249 0 0)
(112.718 0 0)
(113.187 0 0)
(113.656 0 0)
(114.125 0 0)
(114.594 0 0)
(115.063 0 0)
(115.532 0 0)
(116.001 0 0)
(116.47 0 0)
(116.939 0 0)
(117.408 0 0)
(117.877 0 0)
(118.346 0 0)
(118.815 0 0)
(119.284 0 0)
(119.753 0 0)
(120.222 0 0)
(120.691 0 0)
(121.16 0 0)
(121.629 0 0)
(122.098 0 0)
(122.567 0 0)
(123.037 0 0)
(123.506 0 0)
(123.975 0 0)
(124.444 0 0)
(124.913 0 0)
(125.382 0 0)
(125.851 0 0)
(126.32 0 0)
(126.789 0 0)
(127.258 0 0)
(127.727 0 0)
(128.196 0 0)
(128.665 0 0)
(129.134 0 0)
(129.603 0 0)
(130.072 0 0)
(130.541 0 0)
(131.01 0 0)
(131.479 0 0)
(131.948 0 0)
(132.417 0 0)
(132.886 0 0)
(133.355 0 0)
(133.824 0 0)
(134.293 0 0)
(134.761 0 0)
(135.23 0 0)
(135.699 0 0)
(136.168 0 0)
(136.636 0 0)
(137.105 0 0)
(137.574 0 0)
(138.042 0 0)
(138.511 0 0)
(138.979 0 0)
(139.448 0 0)
(139.916 0 0)
(140.385 0 0)
(140.853 0 0)
(141.322 0 0)
(141.79 0 0)
(142.258 0 0)
(142.726 0 0)
(143.194 0 0)
(143.663 0 0)
(144.131 0 0)
(144.599 0 0)
(145.067 0 0)
(145.534 0 0)
(146.002 0 0)
(146.47 0 0)
(146.938 0 0)
(147.405 0 0)
(147.873 0 0)
(148.34 0 0)
(148.808 0 0)
(149.275 0 0)
(149.742 0 0)
(150.209 0 0)
(150.676 0 0)
(151.143 0 0)
(151.61 0 0)
(152.077 0 0)
(152.544 0 0)
(153.01 0 0)
(153.477 0 0)
(153.943 0 0)
(154.409 0 0)
(154.875 0 0)
(155.341 0 0)
(155.807 0 0)
(156.273 0 0)
(156.739 0 0)
(157.204 0 0)
(157.67 0 0)
(158.135 0 0)
(158.6 0 0)
(159.065 0 0)
(159.53 0 0)
(159.995 0 0)
(160.459 0 0)
(160.923 0 0)
(161.388 0 0)
(161.852 0 0)
(162.315 0 0)
(162.779 0 0)
(163.242 0 0)
(163.706 0 0)
(164.169 0 0)
(164.632 0 0)
(165.094 0 0)
(165.557 0 0)
(166.019 0 0)
(166.481 0 0)
(166.943 0 0)
(167.404 0 0)
(167.865 0 0)
(168.326 0 0)
(168.787 0 0)
(169.247 0 0)
(169.708 0 0)
(170.167 0 0)
(170.627 0 0)
(171.086 0 0)
(171.545 0 0)
(172.004 0 0)
(172.462 0 0)
(172.92 0 0)
(173.378 0 0)
(173.835 0 0)
(174.292 0 0)
(174.749 0 0)
(175.205 0 0)
(175.66 0 0)
(176.116 0 0)
(176.571 0 0)
(177.025 0 0)
(177.479 0 0)
(177.933 0 0)
(178.386 0 0)
(178.838 0 0)
(179.29 0 0)
(179.742 0 0)
(180.193 0 0)
(180.644 0 0)
(181.094 0 0)
(181.543 0 0)
(181.992 0 0)
(182.44 0 0)
(182.887 0 0)
(183.334 0 0)
(183.78 0 0)
(184.226 0 0)
(184.671 0 0)
(185.115 0 0)
(185.558 0 0)
(186.001 0 0)
(186.443 0 0)
(186.884 0 0)
(187.324 0 0)
(187.763 0 0)
(188.201 0 0)
(188.639 0 0)
(189.075 0 0)
(189.511 0 0)
(189.945 0 0)
(190.379 0 0)
(190.811 0 0)
(191.242 0 0)
(191.673 0 0)
(192.102 0 0)
(192.529 0 0)
(192.956 0 0)
(193.382 0 0)
(193.807 0 0)
(194.232 0 0)
(194.654 0 0)
(195.075 0 0)
(195.494 0 0)
(195.912 0 0)
(196.328 0 0)
(196.742 0 0)
(197.155 0 0)
(197.567 0 0)
(197.976 0 0)
(198.384 0 0)
(198.79 0 0)
(199.195 0 0)
(199.598 0 0)
(199.998 0 0)
(200.397 0 0)
(200.794 0 0)
(201.189 0 0)
(201.582 0 0)
(201.973 0 0)
(202.361 0 0)
(202.748 0 0)
(203.132 0 0)
(203.514 0 0)
(203.893 0 0)
(204.271 0 0)
(204.645 0 0)
(205.018 0 0)
(205.387 0 0)
(205.755 0 0)
(206.119 0 0)
(206.481 0 0)
(206.84 0 0)
(207.197 0 0)
(207.55 0 0)
(207.901 0 0)
(208.249 0 0)
(208.594 0 0)
(208.937 0 0)
(209.276 0 0)
(209.612 0 0)
(209.945 0 0)
(210.276 0 0)
(210.603 0 0)
(210.927 0 0)
(211.248 0 0)
(211.566 0 0)
(211.881 0 0)
(212.192 0 0)
(212.501 0 0)
(212.807 0 0)
(213.109 0 0)
(213.409 0 0)
(213.705 0 0)
(213.998 0 0)
(214.289 0 0)
(214.576 0 0)
(214.86 0 0)
(215.142 0 0)
(215.42 0 0)
(215.696 0 0)
(215.969 0 0)
(216.24 0 0)
(216.507 0 0)
(216.772 0 0)
(217.035 0 0)
(217.295 0 0)
(217.552 0 0)
(217.808 0 0)
(218.061 0 0)
(218.312 0 0)
(218.56 0 0)
(218.807 0 0)
(219.052 0 0)
(219.295 0 0)
(219.536 0 0)
(219.775 0 0)
(220.013 0 0)
(220.249 0 0)
(220.483 0 0)
(220.717 0 0)
(220.949 0 0)
(221.179 0 0)
(221.409 0 0)
(221.637 0 0)
(221.864 0 0)
(222.091 0 0)
(222.316 0 0)
(222.541 0 0)
(222.765 0 0)
(222.988 0 0)
(223.21 0 0)
(223.432 0 0)
(223.653 0 0)
(223.874 0 0)
(224.094 0 0)
(224.314 0 0)
(224.533 0 0)
(224.752 0 0)
(224.971 0 0)
(225.189 0 0)
(225.407 0 0)
(225.625 0 0)
(225.843 0 0)
(226.061 0 0)
(226.278 0 0)
(226.495 0 0)
(226.712 0 0)
(226.929 0 0)
(227.146 0 0)
(227.363 0 0)
(227.579 0 0)
(227.796 0 0)
(228.013 0 0)
(228.229 0 0)
(228.446 0 0)
(228.662 0 0)
(228.879 0 0)
(229.095 0 0)
(229.312 0 0)
(229.529 0 0)
(229.745 0 0)
(229.962 0 0)
(230.178 0 0)
(230.395 0 0)
(230.611 0 0)
(230.828 0 0)
(231.045 0 0)
(231.261 0 0)
(231.478 0 0)
(231.695 0 0)
(231.912 0 0)
(232.129 0 0)
(232.345 0 0)
(232.562 0 0)
(232.779 0 0)
(232.996 0 0)
(233.213 0 0)
(233.43 0 0)
(233.647 0 0)
(233.864 0 0)
(234.082 0 0)
(234.299 0 0)
(234.516 0 0)
(234.733 0 0)
(234.95 0 0)
(235.168 0 0)
(235.385 0 0)
(235.602 0 0)
(235.82 0 0)
(236.037 0 0)
(236.255 0 0)
(236.472 0 0)
(236.69 0 0)
(236.907 0 0)
(237.125 0 0)
(237.343 0 0)
(237.56 0 0)
(237.778 0 0)
(237.996 0 0)
(238.214 0 0)
(238.431 0 0)
(238.649 0 0)
(238.867 0 0)
(239.085 0 0)
(239.303 0 0)
(239.521 0 0)
(239.739 0 0)
(239.957 0 0)
(240.175 0 0)
(240.393 0 0)
(240.611 0 0)
(240.829 0 0)
(241.047 0 0)
(241.265 0 0)
(241.483 0 0)
(241.702 0 0)
(241.92 0 0)
(242.138 0 0)
(242.356 0 0)
(242.575 0 0)
(242.793 0 0)
(243.011 0 0)
(243.23 0 0)
(243.448 0 0)
(243.666 0 0)
(243.885 0 0)
(244.103 0 0)
(244.322 0 0)
(244.54 0 0)
(244.759 0 0)
(244.977 0 0)
(245.196 0 0)
(245.414 0 0)
(245.633 0 0)
(245.851 0 0)
(246.07 0 0)
(246.289 0 0)
(246.507 0 0)
(246.726 0 0)
(246.944 0 0)
(247.163 0 0)
(247.382 0 0)
(247.6 0 0)
(247.819 0 0)
(248.038 0 0)
(248.257 0 0)
(248.475 0 0)
(248.694 0 0)
(248.913 0 0)
(249.131 0 0)
(249.35 0 0)
(249.569 0 0)
(249.788 0 0)
(250.006 0 0)
(250.225 0 0)
(250.444 0 0)
(250.663 0 0)
(250.881 0 0)
(251.1 0 0)
(251.319 0 0)
(251.538 0 0)
(251.756 0 0)
(251.975 0 0)
(252.194 0 0)
(252.413 0 0)
(252.631 0 0)
(252.85 0 0)
(253.069 0 0)
(253.287 0 0)
(253.506 0 0)
(253.725 0 0)
(253.943 0 0)
(254.162 0 0)
(254.381 0 0)
(254.599 0 0)
(254.818 0 0)
(255.036 0 0)
(255.255 0 0)
(255.473 0 0)
(255.692 0 0)
(255.91 0 0)
(256.129 0 0)
(256.347 0 0)
(256.566 0 0)
(256.784 0 0)
(257.002 0 0)
(257.221 0 0)
(257.439 0 0)
(257.657 0 0)
(257.876 0 0)
(258.094 0 0)
(258.312 0 0)
(258.53 0 0)
(258.748 0 0)
(258.966 0 0)
(259.184 0 0)
(259.402 0 0)
(259.62 0 0)
(259.838 0 0)
(260.055 0 0)
(260.273 0 0)
(260.491 0 0)
(260.708 0 0)
(260.926 0 0)
(261.144 0 0)
(261.361 0 0)
(261.578 0 0)
(261.796 0 0)
(262.013 0 0)
(262.23 0 0)
(262.447 0 0)
(262.664 0 0)
(262.881 0 0)
(263.098 0 0)
(263.315 0 0)
(263.532 0 0)
(263.748 0 0)
(263.965 0 0)
(264.181 0 0)
(264.398 0 0)
(264.614 0 0)
(264.83 0 0)
(265.046 0 0)
(265.262 0 0)
(265.478 0 0)
(265.694 0 0)
(265.909 0 0)
(266.125 0 0)
(266.34 0 0)
(266.556 0 0)
(266.771 0 0)
(266.986 0 0)
(267.201 0 0)
(267.415 0 0)
(267.63 0 0)
(267.844 0 0)
(268.059 0 0)
(268.273 0 0)
(268.487 0 0)
(268.701 0 0)
(268.915 0 0)
(269.128 0 0)
(269.341 0 0)
(269.555 0 0)
(269.768 0 0)
(269.98 0 0)
(270.193 0 0)
(270.405 0 0)
(270.618 0 0)
(270.83 0 0)
(271.042 0 0)
(271.253 0 0)
(271.464 0 0)
(271.676 0 0)
(271.886 0 0)
(272.097 0 0)
(272.308 0 0)
(272.518 0 0)
(272.728 0 0)
(272.937 0 0)
(273.147 0 0)
(273.356 0 0)
(273.564 0 0)
(273.773 0 0)
(273.981 0 0)
(274.189 0 0)
(274.396 0 0)
(274.604 0 0)
(274.81 0 0)
(275.017 0 0)
(275.223 0 0)
(275.429 0 0)
(275.634 0 0)
(275.839 0 0)
(276.044 0 0)
(276.248 0 0)
(276.452 0 0)
(276.655 0 0)
(276.858 0 0)
(277.06 0 0)
(277.262 0 0)
(277.464 0 0)
(277.665 0 0)
(277.865 0 0)
(278.065 0 0)
(278.265 0 0)
(278.464 0 0)
(278.662 0 0)
(278.86 0 0)
(279.057 0 0)
(279.254 0 0)
(279.45 0 0)
(279.645 0 0)
(279.84 0 0)
(280.034 0 0)
(280.227 0 0)
(280.42 0 0)
(280.612 0 0)
(280.803 0 0)
(280.994 0 0)
(281.183 0 0)
(281.372 0 0)
(281.56 0 0)
(281.748 0 0)
(281.934 0 0)
(282.12 0 0)
(282.304 0 0)
(282.488 0 0)
(282.671 0 0)
(282.853 0 0)
(283.034 0 0)
(283.214 0 0)
(283.393 0 0)
(283.571 0 0)
(283.747 0 0)
(283.923 0 0)
(284.098 0 0)
(284.271 0 0)
(284.443 0 0)
(284.614 0 0)
(284.784 0 0)
(284.953 0 0)
(285.12 0 0)
(285.286 0 0)
(285.451 0 0)
(285.615 0 0)
(285.777 0 0)
(285.937 0 0)
(286.097 0 0)
(286.255 0 0)
(286.411 0 0)
(286.566 0 0)
(286.719 0 0)
(286.871 0 0)
(287.021 0 0)
(287.17 0 0)
(287.317 0 0)
(287.462 0 0)
(287.606 0 0)
(287.748 0 0)
(287.888 0 0)
(288.026 0 0)
(288.163 0 0)
(288.298 0 0)
(288.431 0 0)
(288.562 0 0)
(288.691 0 0)
(288.819 0 0)
(288.945 0 0)
(289.068 0 0)
(289.19 0 0)
(289.31 0 0)
(289.427 0 0)
(289.543 0 0)
(289.657 0 0)
(289.769 0 0)
(289.879 0 0)
(289.986 0 0)
(290.092 0 0)
(290.195 0 0)
(290.297 0 0)
(290.396 0 0)
(290.494 0 0)
(290.589 0 0)
(290.682 0 0)
(290.773 0 0)
(290.862 0 0)
(290.949 0 0)
(291.034 0 0)
(291.116 0 0)
(291.197 0 0)
(291.275 0 0)
(291.352 0 0)
(291.426 0 0)
(291.499 0 0)
(291.569 0 0)
(291.637 0 0)
(291.704 0 0)
(291.768 0 0)
(291.83 0 0)
(291.891 0 0)
(291.949 0 0)
(292.006 0 0)
(292.061 0 0)
(292.114 0 0)
(292.165 0 0)
(292.214 0 0)
(292.262 0 0)
(292.308 0 0)
(292.352 0 0)
(292.394 0 0)
(292.435 0 0)
(292.474 0 0)
(292.512 0 0)
(292.548 0 0)
(292.582 0 0)
(292.615 0 0)
(292.647 0 0)
(292.677 0 0)
(292.705 0 0)
(292.733 0 0)
(292.758 0 0)
(292.783 0 0)
(292.806 0 0)
(292.827 0 0)
(292.848 0 0)
(292.867 0 0)
(292.885 0 0)
(292.901 0 0)
(292.916 0 0)
(292.93 0 0)
(292.942 0 0)
(292.954 0 0)
(292.963 0 0)
(292.972 0 0)
(292.979 0 0)
(292.985 0 0)
(292.989 0 0)
(292.992 0 0)
(292.993 0 0)
(292.992 0 0)
(292.991 0 0)
(292.987 0 0)
(292.982 0 0)
(292.975 0 0)
(292.967 0 0)
(292.956 0 0)
(292.944 0 0)
(292.93 0 0)
(292.914 0 0)
(292.896 0 0)
(292.876 0 0)
(292.854 0 0)
(292.83 0 0)
(292.805 0 0)
(292.777 0 0)
(292.747 0 0)
(292.716 0 0)
(292.682 0 0)
(292.647 0 0)
(292.61 0 0)
(292.572 0 0)
(292.532 0 0)
(292.49 0 0)
(292.448 0 0)
(292.404 0 0)
(292.359 0 0)
(292.313 0 0)
(292.266 0 0)
(292.219 0 0)
(292.172 0 0)
(292.124 0 0)
(292.076 0 0)
(292.029 0 0)
(291.982 0 0)
(291.935 0 0)
(291.889 0 0)
(291.843 0 0)
(291.799 0 0)
(291.756 0 0)
(291.713 0 0)
(291.672 0 0)
(291.633 0 0)
(291.595 0 0)
(291.559 0 0)
(291.524 0 0)
(291.491 0 0)
(291.459 0 0)
(291.429 0 0)
(291.401 0 0)
(291.375 0 0)
(291.35 0 0)
(291.327 0 0)
(291.305 0 0)
(291.285 0 0)
(291.267 0 0)
(291.25 0 0)
(291.234 0 0)
(291.22 0 0)
(291.207 0 0)
(291.195 0 0)
(291.185 0 0)
(291.175 0 0)
(291.166 0 0)
(291.158 0 0)
(291.151 0 0)
(291.145 0 0)
(291.14 0 0)
(291.135 0 0)
(291.131 0 0)
(291.127 0 0)
(291.124 0 0)
(291.122 0 0)
(291.12 0 0)
(291.118 0 0)
(291.117 0 0)
(291.116 0 0)
(291.116 0 0)
(291.116 0 0)
(291.116 0 0)
(291.116 0 0)
(291.117 0 0)
(291.118 0 0)
(291.119 0 0)
(291.121 0 0)
(291.123 0 0)
(291.125 0 0)
(291.127 0 0)
(291.129 0 0)
(291.132 0 0)
(291.135 0 0)
(291.137 0 0)
(291.14 0 0)
(291.143 0 0)
(291.146 0 0)
(291.149 0 0)
(291.152 0 0)
(291.155 0 0)
(291.158 0 0)
(291.161 0 0)
(291.164 0 0)
(291.167 0 0)
(291.17 0 0)
(291.172 0 0)
(291.175 0 0)
(291.177 0 0)
(291.179 0 0)
(291.181 0 0)
(291.183 0 0)
(291.184 0 0)
(291.186 0 0)
(291.187 0 0)
(291.188 0 0)
(291.189 0 0)
(291.19 0 0)
(291.191 0 0)
(291.191 0 0)
(291.192 0 0)
(291.192 0 0)
(291.193 0 0)
(291.193 0 0)
(291.193 0 0)
(291.193 0 0)
(291.193 0 0)
(291.194 0 0)
(291.194 0 0)
)
;

boundaryField
{
    sides
    {
        type            zeroGradient;
    }
    empty
    {
        type            empty;
    }
}


// ************************************************************************* //
