/*--------------------------------*- C++ -*----------------------------------*\
| =========                 |                                                 |
| \\      /  F ield         | OpenFOAM: The Open Source CFD Toolbox           |
|  \\    /   O peration     | Version:  2406                                  |
|   \\  /    A nd           | Website:  www.openfoam.com                      |
|    \\/     M anipulation  |                                                 |
\*---------------------------------------------------------------------------*/
FoamFile
{
    version     2.0;
    format      ascii;
    arch        "LSB;label=32;scalar=64";
    class       volScalarField;
    location    "0.039";
    object      mag(U);
}
// * * * * * * * * * * * * * * * * * * * * * * * * * * * * * * * * * * * * * //

dimensions      [0 1 -1 0 0 0 0];

internalField   nonuniform List<scalar> 
1000
(
16.9527
17.2862
17.6926
18.0264
18.322
18.617
18.919
19.2241
19.529
19.8332
20.1372
20.4412
20.7454
21.0496
21.3538
21.658
21.9623
22.2665
22.5707
22.875
23.1793
23.4836
23.788
24.0923
24.3967
24.7011
25.0055
25.3099
25.6143
25.9187
26.2231
26.5275
26.832
27.1365
27.441
27.7455
28.0501
28.3547
28.6592
28.9638
29.2684
29.573
29.8776
30.1822
30.4868
30.7914
31.0959
31.4005
31.7051
32.0098
32.3145
32.6191
32.9237
33.2283
33.533
33.8376
34.1423
34.4469
34.7515
35.0562
35.3608
35.6655
35.9701
36.2748
36.5794
36.884
37.1887
37.4933
37.7979
38.1026
38.4072
38.7118
39.0164
39.321
39.6256
39.9302
40.2348
40.5393
40.8439
41.1484
41.453
41.7575
42.062
42.3665
42.671
42.9755
43.28
43.5844
43.8888
44.1932
44.4976
44.802
45.1063
45.4107
45.715
46.0193
46.3236
46.6278
46.932
47.2362
47.5404
47.8445
48.1486
48.4527
48.7568
49.0608
49.3648
49.6687
49.9727
50.2766
50.5804
50.8842
51.188
51.4918
51.7955
52.0991
52.4027
52.7063
53.0098
53.3133
53.6168
53.9201
54.2235
54.5268
54.83
55.1332
55.4363
55.7394
56.0424
56.3453
56.6482
56.9511
57.2538
57.5565
57.8592
58.1617
58.4642
58.7666
59.069
59.3713
59.6735
59.9756
60.2776
60.5796
60.8814
61.1832
61.4849
61.7865
62.088
62.3894
62.6907
62.992
63.2931
63.5941
63.895
64.1958
64.4965
64.797
65.0975
65.3978
65.698
65.9981
66.2981
66.5979
66.8976
67.1972
67.4966
67.7959
68.095
68.394
68.6929
68.9916
69.2901
69.5885
69.8867
70.1847
70.4826
70.7802
71.0777
71.3751
71.6722
71.9691
72.2659
72.5624
72.8587
73.1549
73.4508
73.7465
74.0419
74.3372
74.6322
74.9269
75.2214
75.5157
75.8097
76.1034
76.3969
76.6901
76.983
77.2757
77.568
77.86
78.1518
78.4432
78.7343
79.0251
79.3156
79.6057
79.8955
80.1849
80.4739
80.7626
81.051
81.3389
81.6265
81.9136
82.2004
82.4867
82.7726
83.0581
83.3432
83.6278
83.912
84.1957
84.4789
84.7616
85.0439
85.3256
85.6068
85.8875
86.1679
86.448
86.7275
87.0063
87.2841
87.5612
87.8376
88.1133
88.3883
88.6626
88.9363
89.2092
89.4815
89.753
90.0239
90.2939
90.5632
90.8318
91.0995
91.3664
91.6325
91.8978
92.1621
92.4256
92.6882
92.9499
93.2106
93.4704
93.7292
93.987
94.2438
94.4996
94.7543
95.0079
95.2605
95.5119
95.7623
96.0115
96.2595
96.5064
96.752
96.9965
97.2397
97.4816
97.7223
97.9617
98.1997
98.4365
98.6719
98.9059
99.1386
99.3699
99.5997
99.8282
100.055
100.281
100.505
100.727
100.948
101.168
101.386
101.603
101.818
102.031
102.243
102.454
102.662
102.87
103.075
103.28
103.482
103.683
103.883
104.081
104.277
104.472
104.665
104.857
105.047
105.236
105.423
105.609
105.793
105.976
106.157
106.338
106.516
106.693
106.869
107.044
107.217
107.39
107.56
107.73
107.899
108.066
108.232
108.397
108.561
108.724
108.887
109.048
109.208
109.367
109.526
109.683
109.84
109.996
110.152
110.306
110.46
110.614
110.767
110.919
111.07
111.222
111.372
111.523
111.672
111.822
111.971
112.119
112.268
112.416
112.563
112.711
112.858
113.005
113.152
113.298
113.445
113.591
113.737
113.883
114.029
114.174
114.32
114.465
114.611
114.756
114.902
115.047
115.192
115.337
115.482
115.627
115.772
115.917
116.062
116.207
116.352
116.497
116.642
116.787
116.932
117.078
117.223
117.368
117.513
117.658
117.803
117.948
118.094
118.239
118.384
118.529
118.675
118.82
118.965
119.111
119.256
119.402
119.547
119.693
119.839
119.984
120.13
120.276
120.421
120.567
120.713
120.859
121.005
121.151
121.297
121.443
121.589
121.735
121.881
122.027
122.174
122.32
122.466
122.612
122.759
122.905
123.052
123.198
123.345
123.491
123.638
123.785
123.931
124.078
124.225
124.372
124.518
124.665
124.812
124.959
125.106
125.253
125.4
125.547
125.695
125.842
125.989
126.136
126.284
126.431
126.578
126.726
126.873
127.021
127.168
127.316
127.463
127.611
127.759
127.906
128.054
128.202
128.35
128.498
128.646
128.794
128.942
129.09
129.238
129.386
129.534
129.682
129.83
129.979
130.127
130.275
130.424
130.572
130.72
130.869
131.018
131.166
131.315
131.463
131.612
131.761
131.91
132.058
132.207
132.356
132.505
132.654
132.803
132.952
133.101
133.25
133.399
133.548
133.698
133.847
133.996
134.146
134.295
134.444
134.594
134.743
134.893
135.042
135.192
135.342
135.491
135.641
135.791
135.941
136.09
136.24
136.39
136.54
136.69
136.84
136.99
137.14
137.291
137.441
137.591
137.741
137.891
138.042
138.192
138.343
138.493
138.643
138.794
138.945
139.095
139.246
139.396
139.547
139.698
139.849
139.999
140.15
140.301
140.452
140.603
140.754
140.905
141.056
141.207
141.358
141.51
141.661
141.812
141.963
142.115
142.266
142.417
142.569
142.72
142.872
143.023
143.175
143.327
143.478
143.63
143.782
143.934
144.085
144.237
144.389
144.541
144.693
144.845
144.997
145.149
145.301
145.453
145.606
145.758
145.91
146.062
146.215
146.367
146.519
146.672
146.824
146.977
147.129
147.282
147.435
147.587
147.74
147.893
148.045
148.198
148.351
148.504
148.657
148.81
148.963
149.116
149.269
149.422
149.575
149.728
149.881
150.035
150.188
150.341
150.495
150.648
150.801
150.955
151.108
151.262
151.415
151.569
151.723
151.876
152.03
152.184
152.337
152.491
152.645
152.799
152.953
153.107
153.261
153.415
153.569
153.723
153.877
154.031
154.186
154.34
154.494
154.648
154.803
154.957
155.112
155.266
155.421
155.575
155.73
155.884
156.039
156.194
156.348
156.503
156.658
156.813
156.967
157.122
157.277
157.432
157.587
157.742
157.897
158.052
158.208
158.363
158.518
158.673
158.828
158.984
159.139
159.294
159.45
159.605
159.761
159.916
160.072
160.227
160.383
160.539
160.694
160.85
161.006
161.162
161.318
161.473
161.629
161.785
161.941
162.097
162.253
162.409
162.566
162.722
162.878
163.034
163.19
163.347
163.503
163.659
163.816
163.972
164.129
164.285
164.442
164.598
164.755
164.912
165.068
165.225
165.382
165.538
165.695
165.852
166.009
166.166
166.323
166.48
166.637
166.794
166.951
167.108
167.265
167.423
167.58
167.737
167.894
168.052
168.209
168.366
168.524
168.681
168.839
168.996
169.154
169.312
169.469
169.627
169.785
169.942
170.1
170.258
170.416
170.574
170.731
170.889
171.047
171.205
171.363
171.521
171.679
171.838
171.996
172.154
172.312
172.47
172.628
172.787
172.945
173.103
173.262
173.42
173.578
173.737
173.895
174.053
174.212
174.37
174.528
174.686
174.845
175.003
175.161
175.319
175.477
175.635
175.793
175.951
176.109
176.267
176.424
176.582
176.739
176.896
177.053
177.21
177.367
177.523
177.679
177.835
177.99
178.146
178.301
178.455
178.61
178.763
178.917
179.07
179.222
179.374
179.526
179.677
179.827
179.977
180.126
180.275
180.422
180.57
180.716
180.862
181.006
181.151
181.294
181.436
181.578
181.719
181.859
181.998
182.136
182.274
182.41
182.546
182.681
182.815
182.948
183.081
183.212
183.344
183.474
183.604
183.733
183.861
183.989
184.117
184.244
184.371
184.498
184.624
184.75
184.876
185.002
185.128
185.254
185.381
185.507
185.634
185.761
185.889
186.017
186.145
186.274
186.404
186.534
186.666
186.797
186.93
187.063
187.198
187.333
187.469
187.606
187.744
187.883
188.023
188.163
188.305
188.448
188.591
188.736
188.882
189.028
189.175
189.323
189.472
189.622
189.773
189.924
190.077
190.23
190.383
190.538
190.693
190.849
191.005
191.162
191.319
191.477
191.636
191.795
191.954
192.114
192.275
192.436
192.597
192.758
192.92
193.082
193.245
193.408
193.571
193.734
193.898
194.061
194.225
194.389
194.554
194.718
194.883
195.048
195.212
195.377
195.542
195.707
195.873
196.038
196.203
196.368
196.534
196.699
196.864
197.029
197.194
197.358
197.523
197.687
197.851
198.015
198.178
198.341
198.503
198.665
198.826
198.986
199.145
199.303
199.459
199.615
199.768
199.92
200.07
200.218
200.364
200.507
200.648
200.786
200.921
201.053
201.182
201.307
201.429
201.548
201.663
201.774
201.883
201.987
202.089
202.188
202.284
202.377
202.468
202.556
202.643
202.729
202.813
202.896
202.979
203.061
203.144
203.227
203.31
203.395
203.48
203.567
203.655
203.745
203.837
203.93
204.025
204.122
204.221
204.322
204.425
204.529
204.635
204.744
204.854
204.965
205.079
205.194
205.311
205.429
205.549
205.67
205.793
205.917
206.043
206.169
206.298
206.427
206.558
206.69
206.824
206.96
207.098
207.382
)
;

boundaryField
{
    sides
    {
        type            calculated;
        value           nonuniform List<scalar> 2(207.382 16.9527);
    }
    empty
    {
        type            empty;
    }
}


// ************************************************************************* //
