/*--------------------------------*- C++ -*----------------------------------*\
| =========                 |                                                 |
| \\      /  F ield         | OpenFOAM: The Open Source CFD Toolbox           |
|  \\    /   O peration     | Version:  2406                                  |
|   \\  /    A nd           | Website:  www.openfoam.com                      |
|    \\/     M anipulation  |                                                 |
\*---------------------------------------------------------------------------*/
FoamFile
{
    version     2.0;
    format      ascii;
    arch        "LSB;label=32;scalar=64";
    class       volScalarField;
    location    "0.039";
    object      p;
}
// * * * * * * * * * * * * * * * * * * * * * * * * * * * * * * * * * * * * * //

dimensions      [1 -1 -2 0 0 0 0];

internalField   nonuniform List<scalar> 
1000
(
12756.7
12755
12752.4
12750.1
12748.1
12746.1
12744.1
12742.1
12740.1
12738.1
12736.1
12734.1
12732.1
12730.1
12728.1
12726.1
12724.1
12722.1
12720.1
12718.2
12716.2
12714.2
12712.2
12710.3
12708.3
12706.3
12704.4
12702.4
12700.4
12698.5
12696.5
12694.6
12692.6
12690.7
12688.7
12686.8
12684.8
12682.9
12681
12679
12677.1
12675.2
12673.3
12671.3
12669.4
12667.5
12665.6
12663.7
12661.8
12659.9
12658
12656.1
12654.2
12652.3
12650.4
12648.5
12646.6
12644.7
12642.8
12640.9
12639.1
12637.2
12635.3
12633.4
12631.6
12629.7
12627.8
12626
12624.1
12622.3
12620.4
12618.6
12616.7
12614.9
12613.1
12611.2
12609.4
12607.6
12605.7
12603.9
12602.1
12600.3
12598.5
12596.7
12594.8
12593
12591.2
12589.4
12587.7
12585.9
12584.1
12582.3
12580.5
12578.7
12577
12575.2
12573.4
12571.7
12569.9
12568.2
12566.4
12564.7
12562.9
12561.2
12559.5
12557.7
12556
12554.3
12552.6
12550.9
12549.2
12547.5
12545.8
12544.1
12542.4
12540.7
12539
12537.4
12535.7
12534
12532.4
12530.7
12529.1
12527.4
12525.8
12524.2
12522.5
12520.9
12519.3
12517.7
12516.1
12514.5
12512.9
12511.3
12509.8
12508.2
12506.6
12505.1
12503.5
12502
12500.4
12498.9
12497.4
12495.9
12494.4
12492.9
12491.4
12489.9
12488.4
12486.9
12485.5
12484
12482.6
12481.1
12479.7
12478.3
12476.9
12475.5
12474.1
12472.7
12471.3
12470
12468.6
12467.3
12465.9
12464.6
12463.3
12462
12460.7
12459.4
12458.2
12456.9
12455.7
12454.4
12453.2
12452
12450.8
12449.6
12448.5
12447.3
12446.2
12445
12443.9
12442.8
12441.7
12440.7
12439.6
12438.6
12437.5
12436.5
12435.5
12434.6
12433.6
12432.7
12431.8
12430.9
12430
12429.1
12428.3
12427.4
12426.6
12425.8
12425.1
12424.3
12423.6
12422.9
12422.2
12421.6
12421
12420.3
12419.8
12419.2
12418.7
12418.2
12417.7
12417.2
12416.8
12416.4
12416
12415.7
12415.4
12415.1
12414.8
12414.6
12414.4
12414.3
12414.1
12414
12414
12414
12414
12414
12414
12414.1
12414.3
12414.5
12414.8
12415.1
12415.4
12415.8
12416.2
12416.7
12417.3
12417.8
12418.5
12419.1
12419.8
12420.6
12421.4
12422.3
12423.3
12424.2
12425.3
12426.4
12427.5
12428.8
12430
12431.4
12432.8
12434.3
12435.8
12437.4
12439.1
12440.8
12442.6
12444.5
12446.5
12448.5
12450.6
12452.8
12455.1
12457.4
12459.8
12462.3
12464.9
12467.6
12470.3
12473.2
12476.1
12479.1
12482.2
12485.4
12488.7
12492.1
12495.6
12499.2
12502.9
12506.6
12510.5
12514.5
12518.5
12522.7
12527
12531.3
12535.8
12540.4
12545.1
12549.8
12554.7
12559.7
12564.8
12570
12575.3
12580.7
12586.2
12591.8
12597.5
12603.4
12609.3
12615.3
12621.4
12627.7
12634
12640.4
12646.9
12653.6
12660.3
12667.1
12674
12681
12688.1
12695.2
12702.5
12709.8
12717.2
12724.8
12732.3
12740
12747.7
12755.6
12763.4
12771.4
12779.4
12787.5
12795.7
12803.9
12812.2
12820.5
12828.9
12837.4
12845.9
12854.4
12863
12871.7
12880.3
12889.1
12897.9
12906.7
12915.5
12924.4
12933.3
12942.3
12951.3
12960.3
12969.4
12978.5
12987.6
12996.7
13005.9
13015
13024.2
13033.5
13042.7
13052
13061.3
13070.6
13079.9
13089.2
13098.6
13108
13117.4
13126.8
13136.2
13145.6
13155
13164.5
13174
13183.4
13192.9
13202.4
13212
13221.5
13231
13240.6
13250.1
13259.7
13269.3
13278.9
13288.5
13298.1
13307.7
13317.3
13327
13336.6
13346.3
13355.9
13365.6
13375.3
13385
13394.7
13404.4
13414.1
13423.8
13433.6
13443.3
13453.1
13462.8
13472.6
13482.4
13492.2
13502
13511.8
13521.6
13531.4
13541.3
13551.1
13561
13570.8
13580.7
13590.6
13600.5
13610.4
13620.3
13630.2
13640.1
13650.1
13660
13669.9
13679.9
13689.9
13699.9
13709.8
13719.8
13729.8
13739.9
13749.9
13759.9
13770
13780
13790.1
13800.1
13810.2
13820.3
13830.4
13840.5
13850.6
13860.7
13870.9
13881
13891.2
13901.3
13911.5
13921.7
13931.8
13942
13952.2
13962.5
13972.7
13982.9
13993.1
14003.4
14013.7
14023.9
14034.2
14044.5
14054.8
14065.1
14075.4
14085.7
14096
14106.4
14116.7
14127.1
14137.5
14147.8
14158.2
14168.6
14179
14189.4
14199.9
14210.3
14220.7
14231.2
14241.7
14252.1
14262.6
14273.1
14283.6
14294.1
14304.6
14315.1
14325.7
14336.2
14346.8
14357.3
14367.9
14378.5
14389.1
14399.7
14410.3
14420.9
14431.5
14442.2
14452.8
14463.5
14474.2
14484.8
14495.5
14506.2
14516.9
14527.6
14538.4
14549.1
14559.8
14570.6
14581.3
14592.1
14602.9
14613.7
14624.5
14635.3
14646.1
14656.9
14667.8
14678.6
14689.5
14700.4
14711.2
14722.1
14733
14743.9
14754.8
14765.8
14776.7
14787.6
14798.6
14809.6
14820.5
14831.5
14842.5
14853.5
14864.5
14875.5
14886.6
14897.6
14908.7
14919.7
14930.8
14941.9
14953
14964.1
14975.2
14986.3
14997.4
15008.6
15019.7
15030.9
15042
15053.2
15064.4
15075.6
15086.8
15098
15109.3
15120.5
15131.7
15143
15154.3
15165.5
15176.8
15188.1
15199.4
15210.7
15222.1
15233.4
15244.8
15256.1
15267.5
15278.9
15290.2
15301.6
15313
15324.5
15335.9
15347.3
15358.8
15370.2
15381.7
15393.2
15404.7
15416.2
15427.7
15439.2
15450.7
15462.3
15473.8
15485.4
15496.9
15508.5
15520.1
15531.7
15543.3
15554.9
15566.6
15578.2
15589.8
15601.5
15613.2
15624.9
15636.5
15648.2
15660
15671.7
15683.4
15695.2
15706.9
15718.7
15730.4
15742.2
15754
15765.8
15777.6
15789.5
15801.3
15813.1
15825
15836.9
15848.7
15860.6
15872.5
15884.4
15896.4
15908.3
15920.2
15932.2
15944.1
15956.1
15968.1
15980.1
15992.1
16004.1
16016.1
16028.1
16040.2
16052.2
16064.3
16076.4
16088.5
16100.6
16112.7
16124.8
16136.9
16149.1
16161.2
16173.4
16185.5
16197.7
16209.9
16222.1
16234.3
16246.6
16258.8
16271
16283.3
16295.6
16307.8
16320.1
16332.4
16344.7
16357.1
16369.4
16381.7
16394.1
16406.4
16418.8
16431.2
16443.6
16456
16468.4
16480.9
16493.3
16505.7
16518.2
16530.7
16543.2
16555.7
16568.2
16580.7
16593.2
16605.7
16618.3
16630.8
16643.4
16656
16668.6
16681.2
16693.8
16706.4
16719.1
16731.7
16744.4
16757
16769.7
16782.4
16795.1
16807.8
16820.6
16833.3
16846
16858.8
16871.6
16884.3
16897.1
16909.9
16922.7
16935.6
16948.4
16961.3
16974.1
16987
16999.9
17012.7
17025.7
17038.6
17051.5
17064.4
17077.4
17090.3
17103.3
17116.3
17129.3
17142.3
17155.3
17168.3
17181.4
17194.4
17207.5
17220.5
17233.6
17246.7
17259.8
17273
17286.1
17299.2
17312.4
17325.5
17338.7
17351.9
17365.1
17378.3
17391.6
17404.8
17418
17431.3
17444.6
17457.9
17471.2
17484.5
17497.8
17511.2
17524.5
17537.9
17551.3
17564.7
17578.1
17591.6
17605
17618.5
17632
17645.5
17659
17672.6
17686.1
17699.7
17713.3
17727
17740.7
17754.3
17768.1
17781.8
17795.6
17809.4
17823.3
17837.1
17851.1
17865
17879
17893.1
17907.1
17921.3
17935.5
17949.7
17964
17978.3
17992.7
18007.2
18021.7
18036.3
18050.9
18065.7
18080.5
18095.3
18110.3
18125.3
18140.4
18155.6
18170.9
18186.3
18201.7
18217.3
18232.9
18248.6
18264.5
18280.4
18296.4
18312.5
18328.6
18344.9
18361.3
18377.8
18394.3
18410.9
18427.6
18444.4
18461.3
18478.3
18495.3
18512.3
18529.5
18546.7
18563.9
18581.2
18598.6
18615.9
18633.3
18650.8
18668.2
18685.7
18703.2
18720.6
18738.1
18755.6
18773
18790.4
18807.8
18825.2
18842.5
18859.8
18877.1
18894.3
18911.5
18928.6
18945.6
18962.6
18979.5
18996.4
19013.2
19030
19046.6
19063.2
19079.8
19096.2
19112.6
19129
19145.2
19161.5
19177.6
19193.7
19209.7
19225.7
19241.6
19257.4
19273.2
19289
19304.7
19320.3
19335.9
19351.5
19367
19382.5
19397.9
19413.3
19428.7
19444.1
19459.4
19474.7
19490
19505.2
19520.5
19535.7
19550.9
19566.1
19581.3
19596.4
19611.6
19626.7
19641.9
19657
19672.2
19687.3
19702.4
19717.6
19732.7
19747.8
19763
19778.1
19793.3
19808.5
19823.6
19838.8
19854
19869.2
19884.5
19899.7
19915
19930.3
19945.6
19961
19976.3
19991.8
20007.2
20022.7
20038.3
20053.9
20069.6
20085.4
20101.2
20117.2
20133.2
20149.4
20165.7
20182.2
20198.8
20215.6
20232.6
20249.8
20267.3
20285
20302.9
20321.2
20339.7
20358.6
20377.8
20397.3
20417.2
20437.4
20458
20478.9
20500.2
20521.8
20543.8
20566.1
20588.7
20611.6
20634.7
20658.1
20681.7
20705.5
20729.5
20753.5
20777.7
20801.9
20826.1
20850.4
20874.6
20898.8
20922.8
20946.8
20970.7
20994.5
21018.2
21041.7
21065
21088.2
21111.3
21134.2
21156.9
21179.5
21201.9
21224.1
21246.3
21268.2
21290.1
21311.7
21333.3
21354.7
21376
21397.2
21418.3
21439.2
21460
21480.7
21501.4
21521.9
21542.3
21562.6
21582.8
21602.7
21622.8
21642.2
)
;

boundaryField
{
    sides
    {
        type            zeroGradient;
    }
    empty
    {
        type            empty;
    }
}


// ************************************************************************* //
