/*--------------------------------*- C++ -*----------------------------------*\
| =========                 |                                                 |
| \\      /  F ield         | OpenFOAM: The Open Source CFD Toolbox           |
|  \\    /   O peration     | Version:  2406                                  |
|   \\  /    A nd           | Website:  www.openfoam.com                      |
|    \\/     M anipulation  |                                                 |
\*---------------------------------------------------------------------------*/
FoamFile
{
    version     2.0;
    format      ascii;
    arch        "LSB;label=32;scalar=64";
    class       surfaceScalarField;
    location    "0.039";
    object      phi;
}
// * * * * * * * * * * * * * * * * * * * * * * * * * * * * * * * * * * * * * //

dimensions      [1 0 -1 0 0 0 0];

oriented        oriented;

internalField   nonuniform List<scalar> 
999
(
15.9348
16.2109
16.487
16.7629
17.0386
17.3143
17.5897
17.8651
18.1403
18.4155
18.6905
18.9653
19.24
19.5145
19.7889
20.0633
20.3377
20.6119
20.8859
21.1596
21.4331
21.7065
21.9798
22.2531
22.5266
22.8001
23.0735
23.3468
23.6197
23.8924
24.1647
24.4366
24.7083
24.9799
25.2514
25.5231
25.795
26.0672
26.3398
26.6127
26.8861
27.1596
27.4334
27.7073
27.9812
28.2551
28.5289
28.8029
29.0771
29.3518
29.6265
29.9013
30.176
30.4506
30.7252
30.9998
31.2744
31.5489
31.8232
32.0977
32.3719
32.6462
32.9204
33.1945
33.4687
33.7427
34.0167
34.2906
34.5644
34.8383
35.112
35.3857
35.6594
35.9329
36.2065
36.48
36.7533
37.0267
37.3
37.5732
37.8464
38.1195
38.3925
38.6655
38.9385
39.2113
39.4841
39.7569
40.0295
40.3021
40.5747
40.8471
41.1195
41.3919
41.6642
41.9364
42.2085
42.4806
42.7526
43.0245
43.2964
43.5682
43.8399
44.1116
44.3832
44.6547
44.9262
45.1975
45.4688
45.7401
46.0112
46.2823
46.5533
46.8242
47.0951
47.3658
47.6365
47.9071
48.1777
48.4481
48.7185
48.9888
49.259
49.5291
49.7991
50.0691
50.339
50.6088
50.8785
51.1481
51.4176
51.687
51.9564
52.2256
52.4948
52.7638
53.0328
53.3017
53.5705
53.8392
54.1078
54.3763
54.6446
54.9129
55.1811
55.4492
55.7172
55.9851
56.2529
56.5205
56.7881
57.0555
57.3229
57.5901
57.8572
58.1242
58.3911
58.6579
58.9245
59.1911
59.4575
59.7238
59.9899
60.256
60.5219
60.7877
61.0533
61.3189
61.5842
61.8495
62.1146
62.3796
62.6444
62.9091
63.1737
63.4381
63.7024
63.9665
64.2304
64.4942
64.7579
65.0214
65.2847
65.5479
65.8109
66.0737
66.3364
66.5989
66.8612
67.1233
67.3853
67.6471
67.9087
68.1701
68.4313
68.6923
68.9532
69.2138
69.4742
69.7344
69.9944
70.2542
70.5138
70.7732
71.0323
71.2912
71.5499
71.8083
72.0666
72.3245
72.5823
72.8398
73.097
73.354
73.6107
73.8672
74.1234
74.3794
74.6351
74.8905
75.1456
75.4004
75.6549
75.9092
76.1632
76.4168
76.6702
76.9232
77.1759
77.4283
77.6805
77.9325
78.1842
78.4353
78.6859
78.9361
79.1859
79.4352
79.6842
79.9328
80.1809
80.4287
80.676
80.923
81.1695
81.4156
81.6612
81.9064
82.1511
82.3954
82.6392
82.8826
83.1254
83.3677
83.6096
83.8509
84.0917
84.332
84.5717
84.8109
85.0495
85.2876
85.5251
85.762
85.9983
86.234
86.4691
86.7036
86.9375
87.1707
87.4033
87.6353
87.8666
88.0972
88.3272
88.5564
88.785
89.0129
89.2401
89.4666
89.6924
89.9175
90.1418
90.3654
90.5882
90.8103
91.0317
91.2523
91.4722
91.6913
91.9096
92.1272
92.344
92.56
92.7753
92.9898
93.2035
93.4165
93.6287
93.8401
94.0508
94.2607
94.4698
94.6783
94.8859
95.0929
95.2991
95.5046
95.7094
95.9135
96.1169
96.3196
96.5216
96.723
96.9238
97.1239
97.3234
97.5223
97.7206
97.9184
98.1156
98.3122
98.5084
98.704
98.8992
99.0938
99.2881
99.4819
99.6753
99.8684
100.061
100.253
100.445
100.637
100.828
101.019
101.21
101.401
101.591
101.781
101.972
102.161
102.351
102.541
102.73
102.92
103.109
103.298
103.487
103.677
103.866
104.055
104.244
104.433
104.622
104.812
105.001
105.19
105.38
105.569
105.759
105.949
106.138
106.328
106.519
106.709
106.899
107.09
107.28
107.471
107.662
107.853
108.044
108.236
108.428
108.619
108.811
109.004
109.196
109.389
109.581
109.774
109.967
110.161
110.354
110.548
110.742
110.936
111.131
111.325
111.52
111.715
111.91
112.106
112.302
112.497
112.694
112.89
113.086
113.283
113.48
113.677
113.875
114.072
114.27
114.468
114.667
114.865
115.064
115.263
115.462
115.661
115.861
116.061
116.261
116.461
116.662
116.862
117.063
117.265
117.466
117.668
117.869
118.072
118.274
118.476
118.679
118.882
119.085
119.289
119.492
119.696
119.9
120.105
120.309
120.514
120.719
120.925
121.13
121.336
121.542
121.748
121.954
122.161
122.368
122.575
122.782
122.99
123.198
123.406
123.614
123.822
124.031
124.24
124.449
124.659
124.868
125.078
125.288
125.499
125.709
125.92
126.131
126.342
126.554
126.766
126.978
127.19
127.402
127.615
127.828
128.041
128.254
128.468
128.682
128.896
129.11
129.325
129.54
129.755
129.97
130.186
130.401
130.617
130.834
131.05
131.267
131.484
131.701
131.918
132.136
132.354
132.572
132.791
133.009
133.228
133.447
133.667
133.886
134.106
134.326
134.547
134.767
134.988
135.209
135.43
135.652
135.874
136.096
136.318
136.541
136.763
136.986
137.21
137.433
137.657
137.881
138.105
138.33
138.555
138.78
139.005
139.23
139.456
139.682
139.908
140.135
140.362
140.588
140.816
141.043
141.271
141.499
141.727
141.956
142.184
142.413
142.643
142.872
143.102
143.332
143.562
143.793
144.023
144.254
144.486
144.717
144.949
145.181
145.413
145.646
145.878
146.111
146.345
146.578
146.812
147.046
147.28
147.515
147.75
147.985
148.22
148.456
148.691
148.928
149.164
149.4
149.637
149.874
150.112
150.349
150.587
150.826
151.064
151.303
151.542
151.781
152.02
152.26
152.5
152.74
152.981
153.221
153.462
153.704
153.945
154.187
154.429
154.671
154.914
155.157
155.4
155.643
155.887
156.131
156.375
156.619
156.864
157.109
157.354
157.6
157.846
158.092
158.338
158.585
158.831
159.078
159.326
159.573
159.821
160.07
160.318
160.567
160.816
161.065
161.314
161.564
161.814
162.065
162.315
162.566
162.817
163.069
163.32
163.572
163.824
164.077
164.33
164.583
164.836
165.09
165.343
165.597
165.852
166.107
166.362
166.617
166.872
167.128
167.384
167.64
167.897
168.154
168.411
168.668
168.926
169.184
169.442
169.701
169.96
170.219
170.478
170.738
170.998
171.258
171.518
171.779
172.04
172.301
172.563
172.825
173.087
173.349
173.612
173.875
174.138
174.402
174.666
174.93
175.194
175.459
175.724
175.989
176.255
176.521
176.787
177.053
177.32
177.587
177.854
178.122
178.389
178.658
178.926
179.195
179.464
179.733
180.002
180.272
180.542
180.813
181.083
181.354
181.626
181.897
182.169
182.441
182.714
182.986
183.259
183.533
183.806
184.08
184.354
184.629
184.903
185.178
185.454
185.729
186.005
186.282
186.558
186.835
187.112
187.389
187.667
187.945
188.223
188.502
188.781
189.06
189.339
189.619
189.899
190.179
190.46
190.741
191.022
191.304
191.586
191.868
192.15
192.433
192.716
192.999
193.283
193.567
193.851
194.135
194.42
194.705
194.991
195.276
195.562
195.849
196.135
196.422
196.71
196.997
197.285
197.573
197.861
198.15
198.439
198.728
199.018
199.308
199.598
199.888
200.179
200.47
200.762
201.053
201.345
201.637
201.93
202.223
202.516
202.809
203.102
203.396
203.69
203.985
204.279
204.574
204.869
205.164
205.46
205.756
206.052
206.348
206.644
206.941
207.237
207.534
207.831
208.129
208.426
208.723
209.021
209.319
209.617
209.915
210.213
210.511
210.809
211.107
211.406
211.704
212.002
212.3
212.599
212.897
213.195
213.493
213.792
214.09
214.388
214.686
214.984
215.282
215.58
215.878
216.176
216.473
216.771
217.068
217.366
217.664
217.961
218.259
218.556
218.854
219.151
219.449
219.747
220.045
220.343
220.641
220.939
221.237
221.536
221.835
222.134
222.434
222.734
223.034
223.335
223.636
223.938
224.24
224.543
224.846
225.15
225.454
225.759
226.065
226.371
226.678
226.986
227.294
227.603
227.913
228.223
228.535
228.847
229.16
229.473
229.788
230.103
230.419
230.736
231.053
231.371
231.69
232.01
232.33
232.651
232.973
233.296
233.619
233.943
234.268
234.593
234.919
235.245
235.573
235.9
236.229
236.558
236.887
237.217
237.548
237.879
238.211
238.543
238.876
239.209
239.543
239.877
240.212
240.547
240.883
241.219
241.556
241.892
242.23
242.568
242.906
243.245
243.584
243.923
244.263
244.603
244.944
245.285
245.626
245.968
246.31
246.652
246.995
247.338
247.682
248.025
248.369
248.714
249.058
249.403
249.748
250.093
250.439
250.784
251.13
251.476
251.822
252.168
252.514
252.86
253.206
253.551
253.897
254.242
254.586
254.931
255.274
255.618
255.96
256.302
256.643
256.983
257.322
257.661
257.998
258.334
258.669
259.003
259.336
259.668
259.999
260.329
260.658
260.987
261.314
261.642
261.968
262.294
262.62
262.946
263.272
263.598
263.924
264.251
264.578
264.906
265.235
265.565
265.895
266.227
266.56
266.893
267.228
267.564
267.902
268.24
268.58
268.921
269.263
269.606
269.95
270.296
270.643
270.991
271.34
271.69
272.041
272.393
272.746
273.1
273.455
273.811
274.169
274.527
274.886
275.246
275.606
275.968
276.331
276.694
277.059
)
;

boundaryField
{
    sides
    {
        type            calculated;
        value           nonuniform List<scalar> 2(277.424 -15.6585);
    }
    empty
    {
        type            empty;
    }
}


// ************************************************************************* //
