/*--------------------------------*- C++ -*----------------------------------*\
| =========                 |                                                 |
| \\      /  F ield         | OpenFOAM: The Open Source CFD Toolbox           |
|  \\    /   O peration     | Version:  2406                                  |
|   \\  /    A nd           | Website:  www.openfoam.com                      |
|    \\/     M anipulation  |                                                 |
\*---------------------------------------------------------------------------*/
FoamFile
{
    version     2.0;
    format      ascii;
    arch        "LSB;label=32;scalar=64";
    class       volScalarField;
    location    "0.039";
    object      T;
}
// * * * * * * * * * * * * * * * * * * * * * * * * * * * * * * * * * * * * * //

dimensions      [0 0 0 1 0 0 0];

internalField   nonuniform List<scalar> 
1000
(
191.98
191.995
192.017
192.041
192.064
192.088
192.112
192.136
192.16
192.183
192.206
192.229
192.253
192.278
192.302
192.325
192.347
192.368
192.39
192.414
192.438
192.464
192.488
192.512
192.533
192.553
192.572
192.59
192.61
192.631
192.654
192.678
192.704
192.731
192.757
192.781
192.803
192.822
192.837
192.849
192.858
192.863
192.866
192.868
192.868
192.868
192.868
192.868
192.866
192.859
192.854
192.843
192.838
192.827
192.821
192.81
192.804
192.793
192.787
192.777
192.769
192.762
192.752
192.745
192.736
192.728
192.72
192.711
192.704
192.695
192.686
192.679
192.67
192.662
192.655
192.646
192.638
192.63
192.622
192.614
192.606
192.597
192.59
192.582
192.573
192.566
192.558
192.55
192.542
192.534
192.526
192.518
192.51
192.502
192.494
192.487
192.479
192.471
192.463
192.456
192.448
192.44
192.432
192.425
192.417
192.409
192.402
192.394
192.386
192.379
192.371
192.364
192.356
192.349
192.341
192.334
192.326
192.319
192.311
192.304
192.296
192.289
192.282
192.275
192.267
192.26
192.253
192.246
192.238
192.231
192.224
192.217
192.21
192.203
192.196
192.189
192.182
192.175
192.168
192.161
192.154
192.147
192.141
192.134
192.127
192.121
192.114
192.107
192.101
192.094
192.088
192.081
192.075
192.068
192.062
192.056
192.049
192.043
192.037
192.031
192.024
192.018
192.012
192.006
192
191.994
191.989
191.983
191.977
191.971
191.966
191.96
191.954
191.949
191.943
191.938
191.933
191.927
191.922
191.917
191.912
191.907
191.902
191.897
191.892
191.887
191.882
191.878
191.873
191.869
191.864
191.86
191.856
191.851
191.847
191.843
191.839
191.835
191.831
191.828
191.824
191.821
191.817
191.814
191.81
191.807
191.804
191.801
191.798
191.796
191.793
191.79
191.788
191.786
191.784
191.781
191.78
191.778
191.776
191.774
191.773
191.772
191.77
191.769
191.768
191.768
191.767
191.767
191.766
191.766
191.766
191.766
191.766
191.767
191.767
191.768
191.769
191.771
191.772
191.774
191.776
191.778
191.78
191.782
191.785
191.788
191.791
191.795
191.798
191.802
191.806
191.81
191.815
191.82
191.825
191.83
191.836
191.842
191.848
191.854
191.861
191.868
191.875
191.883
191.891
191.899
191.908
191.917
191.926
191.936
191.946
191.956
191.967
191.978
191.989
192.001
192.013
192.025
192.038
192.052
192.065
192.079
192.094
192.109
192.124
192.14
192.156
192.172
192.189
192.207
192.225
192.243
192.262
192.281
192.301
192.321
192.341
192.362
192.384
192.405
192.428
192.451
192.474
192.497
192.522
192.546
192.571
192.597
192.622
192.649
192.676
192.703
192.73
192.758
192.787
192.816
192.845
192.875
192.905
192.935
192.966
192.997
193.029
193.061
193.093
193.126
193.159
193.192
193.226
193.259
193.294
193.328
193.363
193.398
193.433
193.469
193.505
193.541
193.577
193.613
193.65
193.687
193.724
193.761
193.799
193.836
193.874
193.912
193.95
193.988
194.027
194.065
194.104
194.142
194.181
194.22
194.259
194.298
194.337
194.377
194.416
194.455
194.495
194.535
194.574
194.614
194.654
194.693
194.733
194.773
194.813
194.853
194.893
194.933
194.973
195.013
195.053
195.093
195.134
195.174
195.214
195.254
195.295
195.335
195.375
195.416
195.456
195.497
195.537
195.578
195.618
195.659
195.699
195.74
195.78
195.821
195.861
195.902
195.943
195.983
196.024
196.065
196.105
196.146
196.187
196.227
196.268
196.309
196.35
196.391
196.432
196.472
196.513
196.554
196.595
196.636
196.677
196.718
196.759
196.8
196.841
196.882
196.923
196.964
197.005
197.046
197.087
197.128
197.169
197.211
197.252
197.293
197.334
197.375
197.416
197.458
197.499
197.54
197.581
197.623
197.664
197.706
197.747
197.788
197.83
197.871
197.912
197.954
197.995
198.037
198.078
198.12
198.161
198.203
198.244
198.286
198.327
198.369
198.411
198.452
198.494
198.536
198.577
198.619
198.661
198.702
198.744
198.786
198.827
198.869
198.911
198.953
198.995
199.037
199.078
199.12
199.162
199.204
199.246
199.288
199.33
199.372
199.414
199.456
199.498
199.54
199.582
199.624
199.666
199.708
199.75
199.792
199.834
199.877
199.919
199.961
200.003
200.045
200.088
200.13
200.172
200.214
200.257
200.299
200.341
200.384
200.426
200.469
200.511
200.553
200.596
200.638
200.681
200.723
200.766
200.808
200.851
200.893
200.936
200.978
201.021
201.063
201.106
201.149
201.191
201.234
201.277
201.319
201.362
201.405
201.447
201.49
201.533
201.576
201.619
201.661
201.704
201.747
201.79
201.833
201.876
201.919
201.962
202.005
202.047
202.09
202.133
202.177
202.219
202.263
202.306
202.349
202.392
202.435
202.478
202.521
202.564
202.607
202.651
202.694
202.737
202.78
202.823
202.867
202.91
202.953
202.997
203.04
203.083
203.127
203.17
203.213
203.257
203.3
203.344
203.387
203.431
203.474
203.518
203.561
203.605
203.648
203.692
203.735
203.779
203.823
203.866
203.91
203.954
203.997
204.041
204.085
204.128
204.172
204.216
204.26
204.303
204.347
204.391
204.435
204.479
204.523
204.566
204.61
204.654
204.698
204.742
204.786
204.83
204.874
204.918
204.962
205.006
205.05
205.094
205.138
205.182
205.226
205.271
205.315
205.359
205.403
205.447
205.491
205.536
205.58
205.624
205.668
205.713
205.757
205.801
205.846
205.89
205.934
205.979
206.023
206.068
206.112
206.156
206.201
206.245
206.29
206.334
206.379
206.423
206.468
206.513
206.557
206.602
206.646
206.691
206.736
206.78
206.825
206.87
206.914
206.959
207.004
207.049
207.093
207.138
207.183
207.228
207.273
207.318
207.362
207.407
207.452
207.497
207.542
207.587
207.632
207.677
207.722
207.767
207.812
207.857
207.902
207.947
207.992
208.037
208.083
208.128
208.173
208.218
208.263
208.308
208.354
208.399
208.444
208.489
208.535
208.58
208.625
208.671
208.716
208.761
208.807
208.852
208.898
208.943
208.988
209.034
209.079
209.125
209.17
209.216
209.261
209.307
209.353
209.398
209.444
209.489
209.535
209.581
209.626
209.672
209.718
209.763
209.809
209.855
209.901
209.946
209.992
210.038
210.084
210.13
210.175
210.221
210.267
210.313
210.359
210.405
210.451
210.497
210.543
210.589
210.635
210.681
210.727
210.773
210.819
210.865
210.911
210.957
211.004
211.05
211.096
211.142
211.188
211.235
211.281
211.327
211.373
211.42
211.466
211.512
211.559
211.605
211.652
211.698
211.745
211.791
211.838
211.884
211.931
211.977
212.024
212.071
212.118
212.164
212.211
212.258
212.305
212.352
212.399
212.446
212.494
212.54
212.589
212.635
212.684
212.73
212.779
212.825
212.875
212.921
212.971
213.017
213.068
213.114
213.166
213.211
213.264
213.309
213.363
213.407
213.463
213.506
213.563
213.606
213.665
213.707
213.767
213.809
213.87
213.912
213.975
214.016
214.08
214.121
214.187
214.227
214.295
214.334
214.403
214.442
214.513
214.552
214.624
214.662
214.736
214.774
214.849
214.886
214.962
215
215.076
215.114
215.191
215.229
215.306
215.344
215.422
215.46
215.537
215.576
215.653
215.692
215.769
215.808
215.885
215.923
216
216.038
216.114
216.152
216.228
216.266
216.342
216.379
216.454
216.491
216.566
216.603
216.676
216.713
216.786
216.822
216.895
216.93
217.002
217.038
217.109
217.144
217.214
217.249
217.319
217.353
217.423
217.457
217.525
217.559
217.627
217.661
217.729
217.762
217.829
217.863
217.929
217.962
218.029
218.061
218.127
218.16
218.226
218.258
218.324
218.356
218.421
218.454
218.519
218.551
218.616
218.648
218.713
218.745
218.809
218.841
218.906
218.938
219.002
219.034
219.098
219.13
219.195
219.227
219.291
219.323
219.387
219.419
219.483
219.516
219.58
219.612
219.676
219.709
219.773
219.806
219.871
219.903
219.968
220.001
220.066
220.099
220.165
220.199
220.265
220.299
220.367
220.401
220.47
220.505
220.575
220.61
220.682
220.719
220.792
220.83
220.906
220.945
221.023
221.063
221.144
221.186
221.269
221.312
221.399
221.443
221.532
221.578
221.67
221.717
221.811
221.859
221.955
222.004
222.101
222.151
222.248
222.299
222.397
222.447
222.545
222.595
222.693
222.743
222.839
222.889
222.984
223.033
223.127
223.175
223.268
223.315
223.407
223.453
223.544
223.589
223.678
223.723
223.811
223.855
223.942
223.985
224.071
224.113
224.198
224.24
224.324
224.365
224.448
224.489
224.571
224.611
224.693
224.731
224.82
224.842
224.959
)
;

boundaryField
{
    sides
    {
        type            zeroGradient;
    }
    empty
    {
        type            empty;
    }
}


// ************************************************************************* //
