/*--------------------------------*- C++ -*----------------------------------*\
| =========                 |                                                 |
| \\      /  F ield         | OpenFOAM: The Open Source CFD Toolbox           |
|  \\    /   O peration     | Version:  2406                                  |
|   \\  /    A nd           | Website:  www.openfoam.com                      |
|    \\/     M anipulation  |                                                 |
\*---------------------------------------------------------------------------*/
FoamFile
{
    version     2.0;
    format      ascii;
    arch        "LSB;label=32;scalar=64";
    class       volVectorField;
    location    "0.039";
    object      U;
}
// * * * * * * * * * * * * * * * * * * * * * * * * * * * * * * * * * * * * * //

dimensions      [0 1 -1 0 0 0 0];

internalField   nonuniform List<vector> 
1000
(
(16.9527 0 0)
(17.2862 0 0)
(17.6926 0 0)
(18.0264 0 0)
(18.322 0 0)
(18.617 0 0)
(18.919 0 0)
(19.2241 0 0)
(19.529 0 0)
(19.8332 0 0)
(20.1372 0 0)
(20.4412 0 0)
(20.7454 0 0)
(21.0496 0 0)
(21.3538 0 0)
(21.658 0 0)
(21.9623 0 0)
(22.2665 0 0)
(22.5707 0 0)
(22.875 0 0)
(23.1793 0 0)
(23.4836 0 0)
(23.788 0 0)
(24.0923 0 0)
(24.3967 0 0)
(24.7011 0 0)
(25.0055 0 0)
(25.3099 0 0)
(25.6143 0 0)
(25.9187 0 0)
(26.2231 0 0)
(26.5275 0 0)
(26.832 0 0)
(27.1365 0 0)
(27.441 0 0)
(27.7455 0 0)
(28.0501 0 0)
(28.3547 0 0)
(28.6592 0 0)
(28.9638 0 0)
(29.2684 0 0)
(29.573 0 0)
(29.8776 0 0)
(30.1822 0 0)
(30.4868 0 0)
(30.7914 0 0)
(31.0959 0 0)
(31.4005 0 0)
(31.7051 0 0)
(32.0098 0 0)
(32.3145 0 0)
(32.6191 0 0)
(32.9237 0 0)
(33.2283 0 0)
(33.533 0 0)
(33.8376 0 0)
(34.1423 0 0)
(34.4469 0 0)
(34.7515 0 0)
(35.0562 0 0)
(35.3608 0 0)
(35.6655 0 0)
(35.9701 0 0)
(36.2748 0 0)
(36.5794 0 0)
(36.884 0 0)
(37.1887 0 0)
(37.4933 0 0)
(37.7979 0 0)
(38.1026 0 0)
(38.4072 0 0)
(38.7118 0 0)
(39.0164 0 0)
(39.321 0 0)
(39.6256 0 0)
(39.9302 0 0)
(40.2348 0 0)
(40.5393 0 0)
(40.8439 0 0)
(41.1484 0 0)
(41.453 0 0)
(41.7575 0 0)
(42.062 0 0)
(42.3665 0 0)
(42.671 0 0)
(42.9755 0 0)
(43.28 0 0)
(43.5844 0 0)
(43.8888 0 0)
(44.1932 0 0)
(44.4976 0 0)
(44.802 0 0)
(45.1063 0 0)
(45.4107 0 0)
(45.715 0 0)
(46.0193 0 0)
(46.3236 0 0)
(46.6278 0 0)
(46.932 0 0)
(47.2362 0 0)
(47.5404 0 0)
(47.8445 0 0)
(48.1486 0 0)
(48.4527 0 0)
(48.7568 0 0)
(49.0608 0 0)
(49.3648 0 0)
(49.6687 0 0)
(49.9727 0 0)
(50.2766 0 0)
(50.5804 0 0)
(50.8842 0 0)
(51.188 0 0)
(51.4918 0 0)
(51.7955 0 0)
(52.0991 0 0)
(52.4027 0 0)
(52.7063 0 0)
(53.0098 0 0)
(53.3133 0 0)
(53.6168 0 0)
(53.9201 0 0)
(54.2235 0 0)
(54.5268 0 0)
(54.83 0 0)
(55.1332 0 0)
(55.4363 0 0)
(55.7394 0 0)
(56.0424 0 0)
(56.3453 0 0)
(56.6482 0 0)
(56.9511 0 0)
(57.2538 0 0)
(57.5565 0 0)
(57.8592 0 0)
(58.1617 0 0)
(58.4642 0 0)
(58.7666 0 0)
(59.069 0 0)
(59.3713 0 0)
(59.6735 0 0)
(59.9756 0 0)
(60.2776 0 0)
(60.5796 0 0)
(60.8814 0 0)
(61.1832 0 0)
(61.4849 0 0)
(61.7865 0 0)
(62.088 0 0)
(62.3894 0 0)
(62.6907 0 0)
(62.992 0 0)
(63.2931 0 0)
(63.5941 0 0)
(63.895 0 0)
(64.1958 0 0)
(64.4965 0 0)
(64.797 0 0)
(65.0975 0 0)
(65.3978 0 0)
(65.698 0 0)
(65.9981 0 0)
(66.2981 0 0)
(66.5979 0 0)
(66.8976 0 0)
(67.1972 0 0)
(67.4966 0 0)
(67.7959 0 0)
(68.095 0 0)
(68.394 0 0)
(68.6929 0 0)
(68.9916 0 0)
(69.2901 0 0)
(69.5885 0 0)
(69.8867 0 0)
(70.1847 0 0)
(70.4826 0 0)
(70.7802 0 0)
(71.0777 0 0)
(71.3751 0 0)
(71.6722 0 0)
(71.9691 0 0)
(72.2659 0 0)
(72.5624 0 0)
(72.8587 0 0)
(73.1549 0 0)
(73.4508 0 0)
(73.7465 0 0)
(74.0419 0 0)
(74.3372 0 0)
(74.6322 0 0)
(74.9269 0 0)
(75.2214 0 0)
(75.5157 0 0)
(75.8097 0 0)
(76.1034 0 0)
(76.3969 0 0)
(76.6901 0 0)
(76.983 0 0)
(77.2757 0 0)
(77.568 0 0)
(77.86 0 0)
(78.1518 0 0)
(78.4432 0 0)
(78.7343 0 0)
(79.0251 0 0)
(79.3156 0 0)
(79.6057 0 0)
(79.8955 0 0)
(80.1849 0 0)
(80.4739 0 0)
(80.7626 0 0)
(81.051 0 0)
(81.3389 0 0)
(81.6265 0 0)
(81.9136 0 0)
(82.2004 0 0)
(82.4867 0 0)
(82.7726 0 0)
(83.0581 0 0)
(83.3432 0 0)
(83.6278 0 0)
(83.912 0 0)
(84.1957 0 0)
(84.4789 0 0)
(84.7616 0 0)
(85.0439 0 0)
(85.3256 0 0)
(85.6068 0 0)
(85.8875 0 0)
(86.1679 0 0)
(86.448 0 0)
(86.7275 0 0)
(87.0063 0 0)
(87.2841 0 0)
(87.5612 0 0)
(87.8376 0 0)
(88.1133 0 0)
(88.3883 0 0)
(88.6626 0 0)
(88.9363 0 0)
(89.2092 0 0)
(89.4815 0 0)
(89.753 0 0)
(90.0239 0 0)
(90.2939 0 0)
(90.5632 0 0)
(90.8318 0 0)
(91.0995 0 0)
(91.3664 0 0)
(91.6325 0 0)
(91.8978 0 0)
(92.1621 0 0)
(92.4256 0 0)
(92.6882 0 0)
(92.9499 0 0)
(93.2106 0 0)
(93.4704 0 0)
(93.7292 0 0)
(93.987 0 0)
(94.2438 0 0)
(94.4996 0 0)
(94.7543 0 0)
(95.0079 0 0)
(95.2605 0 0)
(95.5119 0 0)
(95.7623 0 0)
(96.0115 0 0)
(96.2595 0 0)
(96.5064 0 0)
(96.752 0 0)
(96.9965 0 0)
(97.2397 0 0)
(97.4816 0 0)
(97.7223 0 0)
(97.9617 0 0)
(98.1997 0 0)
(98.4365 0 0)
(98.6719 0 0)
(98.9059 0 0)
(99.1386 0 0)
(99.3699 0 0)
(99.5997 0 0)
(99.8282 0 0)
(100.055 0 0)
(100.281 0 0)
(100.505 0 0)
(100.727 0 0)
(100.948 0 0)
(101.168 0 0)
(101.386 0 0)
(101.603 0 0)
(101.818 0 0)
(102.031 0 0)
(102.243 0 0)
(102.454 0 0)
(102.662 0 0)
(102.87 0 0)
(103.075 0 0)
(103.28 0 0)
(103.482 0 0)
(103.683 0 0)
(103.883 0 0)
(104.081 0 0)
(104.277 0 0)
(104.472 0 0)
(104.665 0 0)
(104.857 0 0)
(105.047 0 0)
(105.236 0 0)
(105.423 0 0)
(105.609 0 0)
(105.793 0 0)
(105.976 0 0)
(106.157 0 0)
(106.338 0 0)
(106.516 0 0)
(106.693 0 0)
(106.869 0 0)
(107.044 0 0)
(107.217 0 0)
(107.39 0 0)
(107.56 0 0)
(107.73 0 0)
(107.899 0 0)
(108.066 0 0)
(108.232 0 0)
(108.397 0 0)
(108.561 0 0)
(108.724 0 0)
(108.887 0 0)
(109.048 0 0)
(109.208 0 0)
(109.367 0 0)
(109.526 0 0)
(109.683 0 0)
(109.84 0 0)
(109.996 0 0)
(110.152 0 0)
(110.306 0 0)
(110.46 0 0)
(110.614 0 0)
(110.767 0 0)
(110.919 0 0)
(111.07 0 0)
(111.222 0 0)
(111.372 0 0)
(111.523 0 0)
(111.672 0 0)
(111.822 0 0)
(111.971 0 0)
(112.119 0 0)
(112.268 0 0)
(112.416 0 0)
(112.563 0 0)
(112.711 0 0)
(112.858 0 0)
(113.005 0 0)
(113.152 0 0)
(113.298 0 0)
(113.445 0 0)
(113.591 0 0)
(113.737 0 0)
(113.883 0 0)
(114.029 0 0)
(114.174 0 0)
(114.32 0 0)
(114.465 0 0)
(114.611 0 0)
(114.756 0 0)
(114.902 0 0)
(115.047 0 0)
(115.192 0 0)
(115.337 0 0)
(115.482 0 0)
(115.627 0 0)
(115.772 0 0)
(115.917 0 0)
(116.062 0 0)
(116.207 0 0)
(116.352 0 0)
(116.497 0 0)
(116.642 0 0)
(116.787 0 0)
(116.932 0 0)
(117.078 0 0)
(117.223 0 0)
(117.368 0 0)
(117.513 0 0)
(117.658 0 0)
(117.803 0 0)
(117.948 0 0)
(118.094 0 0)
(118.239 0 0)
(118.384 0 0)
(118.529 0 0)
(118.675 0 0)
(118.82 0 0)
(118.965 0 0)
(119.111 0 0)
(119.256 0 0)
(119.402 0 0)
(119.547 0 0)
(119.693 0 0)
(119.839 0 0)
(119.984 0 0)
(120.13 0 0)
(120.276 0 0)
(120.421 0 0)
(120.567 0 0)
(120.713 0 0)
(120.859 0 0)
(121.005 0 0)
(121.151 0 0)
(121.297 0 0)
(121.443 0 0)
(121.589 0 0)
(121.735 0 0)
(121.881 0 0)
(122.027 0 0)
(122.174 0 0)
(122.32 0 0)
(122.466 0 0)
(122.612 0 0)
(122.759 0 0)
(122.905 0 0)
(123.052 0 0)
(123.198 0 0)
(123.345 0 0)
(123.491 0 0)
(123.638 0 0)
(123.785 0 0)
(123.931 0 0)
(124.078 0 0)
(124.225 0 0)
(124.372 0 0)
(124.518 0 0)
(124.665 0 0)
(124.812 0 0)
(124.959 0 0)
(125.106 0 0)
(125.253 0 0)
(125.4 0 0)
(125.547 0 0)
(125.695 0 0)
(125.842 0 0)
(125.989 0 0)
(126.136 0 0)
(126.284 0 0)
(126.431 0 0)
(126.578 0 0)
(126.726 0 0)
(126.873 0 0)
(127.021 0 0)
(127.168 0 0)
(127.316 0 0)
(127.463 0 0)
(127.611 0 0)
(127.759 0 0)
(127.906 0 0)
(128.054 0 0)
(128.202 0 0)
(128.35 0 0)
(128.498 0 0)
(128.646 0 0)
(128.794 0 0)
(128.942 0 0)
(129.09 0 0)
(129.238 0 0)
(129.386 0 0)
(129.534 0 0)
(129.682 0 0)
(129.83 0 0)
(129.979 0 0)
(130.127 0 0)
(130.275 0 0)
(130.424 0 0)
(130.572 0 0)
(130.72 0 0)
(130.869 0 0)
(131.018 0 0)
(131.166 0 0)
(131.315 0 0)
(131.463 0 0)
(131.612 0 0)
(131.761 0 0)
(131.91 0 0)
(132.058 0 0)
(132.207 0 0)
(132.356 0 0)
(132.505 0 0)
(132.654 0 0)
(132.803 0 0)
(132.952 0 0)
(133.101 0 0)
(133.25 0 0)
(133.399 0 0)
(133.548 0 0)
(133.698 0 0)
(133.847 0 0)
(133.996 0 0)
(134.146 0 0)
(134.295 0 0)
(134.444 0 0)
(134.594 0 0)
(134.743 0 0)
(134.893 0 0)
(135.042 0 0)
(135.192 0 0)
(135.342 0 0)
(135.491 0 0)
(135.641 0 0)
(135.791 0 0)
(135.941 0 0)
(136.09 0 0)
(136.24 0 0)
(136.39 0 0)
(136.54 0 0)
(136.69 0 0)
(136.84 0 0)
(136.99 0 0)
(137.14 0 0)
(137.291 0 0)
(137.441 0 0)
(137.591 0 0)
(137.741 0 0)
(137.891 0 0)
(138.042 0 0)
(138.192 0 0)
(138.343 0 0)
(138.493 0 0)
(138.643 0 0)
(138.794 0 0)
(138.945 0 0)
(139.095 0 0)
(139.246 0 0)
(139.396 0 0)
(139.547 0 0)
(139.698 0 0)
(139.849 0 0)
(139.999 0 0)
(140.15 0 0)
(140.301 0 0)
(140.452 0 0)
(140.603 0 0)
(140.754 0 0)
(140.905 0 0)
(141.056 0 0)
(141.207 0 0)
(141.358 0 0)
(141.51 0 0)
(141.661 0 0)
(141.812 0 0)
(141.963 0 0)
(142.115 0 0)
(142.266 0 0)
(142.417 0 0)
(142.569 0 0)
(142.72 0 0)
(142.872 0 0)
(143.023 0 0)
(143.175 0 0)
(143.327 0 0)
(143.478 0 0)
(143.63 0 0)
(143.782 0 0)
(143.934 0 0)
(144.085 0 0)
(144.237 0 0)
(144.389 0 0)
(144.541 0 0)
(144.693 0 0)
(144.845 0 0)
(144.997 0 0)
(145.149 0 0)
(145.301 0 0)
(145.453 0 0)
(145.606 0 0)
(145.758 0 0)
(145.91 0 0)
(146.062 0 0)
(146.215 0 0)
(146.367 0 0)
(146.519 0 0)
(146.672 0 0)
(146.824 0 0)
(146.977 0 0)
(147.129 0 0)
(147.282 0 0)
(147.435 0 0)
(147.587 0 0)
(147.74 0 0)
(147.893 0 0)
(148.045 0 0)
(148.198 0 0)
(148.351 0 0)
(148.504 0 0)
(148.657 0 0)
(148.81 0 0)
(148.963 0 0)
(149.116 0 0)
(149.269 0 0)
(149.422 0 0)
(149.575 0 0)
(149.728 0 0)
(149.881 0 0)
(150.035 0 0)
(150.188 0 0)
(150.341 0 0)
(150.495 0 0)
(150.648 0 0)
(150.801 0 0)
(150.955 0 0)
(151.108 0 0)
(151.262 0 0)
(151.415 0 0)
(151.569 0 0)
(151.723 0 0)
(151.876 0 0)
(152.03 0 0)
(152.184 0 0)
(152.337 0 0)
(152.491 0 0)
(152.645 0 0)
(152.799 0 0)
(152.953 0 0)
(153.107 0 0)
(153.261 0 0)
(153.415 0 0)
(153.569 0 0)
(153.723 0 0)
(153.877 0 0)
(154.031 0 0)
(154.186 0 0)
(154.34 0 0)
(154.494 0 0)
(154.648 0 0)
(154.803 0 0)
(154.957 0 0)
(155.112 0 0)
(155.266 0 0)
(155.421 0 0)
(155.575 0 0)
(155.73 0 0)
(155.884 0 0)
(156.039 0 0)
(156.194 0 0)
(156.348 0 0)
(156.503 0 0)
(156.658 0 0)
(156.813 0 0)
(156.967 0 0)
(157.122 0 0)
(157.277 0 0)
(157.432 0 0)
(157.587 0 0)
(157.742 0 0)
(157.897 0 0)
(158.052 0 0)
(158.208 0 0)
(158.363 0 0)
(158.518 0 0)
(158.673 0 0)
(158.828 0 0)
(158.984 0 0)
(159.139 0 0)
(159.294 0 0)
(159.45 0 0)
(159.605 0 0)
(159.761 0 0)
(159.916 0 0)
(160.072 0 0)
(160.227 0 0)
(160.383 0 0)
(160.539 0 0)
(160.694 0 0)
(160.85 0 0)
(161.006 0 0)
(161.162 0 0)
(161.318 0 0)
(161.473 0 0)
(161.629 0 0)
(161.785 0 0)
(161.941 0 0)
(162.097 0 0)
(162.253 0 0)
(162.409 0 0)
(162.566 0 0)
(162.722 0 0)
(162.878 0 0)
(163.034 0 0)
(163.19 0 0)
(163.347 0 0)
(163.503 0 0)
(163.659 0 0)
(163.816 0 0)
(163.972 0 0)
(164.129 0 0)
(164.285 0 0)
(164.442 0 0)
(164.598 0 0)
(164.755 0 0)
(164.912 0 0)
(165.068 0 0)
(165.225 0 0)
(165.382 0 0)
(165.538 0 0)
(165.695 0 0)
(165.852 0 0)
(166.009 0 0)
(166.166 0 0)
(166.323 0 0)
(166.48 0 0)
(166.637 0 0)
(166.794 0 0)
(166.951 0 0)
(167.108 0 0)
(167.265 0 0)
(167.423 0 0)
(167.58 0 0)
(167.737 0 0)
(167.894 0 0)
(168.052 0 0)
(168.209 0 0)
(168.366 0 0)
(168.524 0 0)
(168.681 0 0)
(168.839 0 0)
(168.996 0 0)
(169.154 0 0)
(169.312 0 0)
(169.469 0 0)
(169.627 0 0)
(169.785 0 0)
(169.942 0 0)
(170.1 0 0)
(170.258 0 0)
(170.416 0 0)
(170.574 0 0)
(170.731 0 0)
(170.889 0 0)
(171.047 0 0)
(171.205 0 0)
(171.363 0 0)
(171.521 0 0)
(171.679 0 0)
(171.838 0 0)
(171.996 0 0)
(172.154 0 0)
(172.312 0 0)
(172.47 0 0)
(172.628 0 0)
(172.787 0 0)
(172.945 0 0)
(173.103 0 0)
(173.262 0 0)
(173.42 0 0)
(173.578 0 0)
(173.737 0 0)
(173.895 0 0)
(174.053 0 0)
(174.212 0 0)
(174.37 0 0)
(174.528 0 0)
(174.686 0 0)
(174.845 0 0)
(175.003 0 0)
(175.161 0 0)
(175.319 0 0)
(175.477 0 0)
(175.635 0 0)
(175.793 0 0)
(175.951 0 0)
(176.109 0 0)
(176.267 0 0)
(176.424 0 0)
(176.582 0 0)
(176.739 0 0)
(176.896 0 0)
(177.053 0 0)
(177.21 0 0)
(177.367 0 0)
(177.523 0 0)
(177.679 0 0)
(177.835 0 0)
(177.99 0 0)
(178.146 0 0)
(178.301 0 0)
(178.455 0 0)
(178.61 0 0)
(178.763 0 0)
(178.917 0 0)
(179.07 0 0)
(179.222 0 0)
(179.374 0 0)
(179.526 0 0)
(179.677 0 0)
(179.827 0 0)
(179.977 0 0)
(180.126 0 0)
(180.275 0 0)
(180.422 0 0)
(180.57 0 0)
(180.716 0 0)
(180.862 0 0)
(181.006 0 0)
(181.151 0 0)
(181.294 0 0)
(181.436 0 0)
(181.578 0 0)
(181.719 0 0)
(181.859 0 0)
(181.998 0 0)
(182.136 0 0)
(182.274 0 0)
(182.41 0 0)
(182.546 0 0)
(182.681 0 0)
(182.815 0 0)
(182.948 0 0)
(183.081 0 0)
(183.212 0 0)
(183.344 0 0)
(183.474 0 0)
(183.604 0 0)
(183.733 0 0)
(183.861 0 0)
(183.989 0 0)
(184.117 0 0)
(184.244 0 0)
(184.371 0 0)
(184.498 0 0)
(184.624 0 0)
(184.75 0 0)
(184.876 0 0)
(185.002 0 0)
(185.128 0 0)
(185.254 0 0)
(185.381 0 0)
(185.507 0 0)
(185.634 0 0)
(185.761 0 0)
(185.889 0 0)
(186.017 0 0)
(186.145 0 0)
(186.274 0 0)
(186.404 0 0)
(186.534 0 0)
(186.666 0 0)
(186.797 0 0)
(186.93 0 0)
(187.063 0 0)
(187.198 0 0)
(187.333 0 0)
(187.469 0 0)
(187.606 0 0)
(187.744 0 0)
(187.883 0 0)
(188.023 0 0)
(188.163 0 0)
(188.305 0 0)
(188.448 0 0)
(188.591 0 0)
(188.736 0 0)
(188.882 0 0)
(189.028 0 0)
(189.175 0 0)
(189.323 0 0)
(189.472 0 0)
(189.622 0 0)
(189.773 0 0)
(189.924 0 0)
(190.077 0 0)
(190.23 0 0)
(190.383 0 0)
(190.538 0 0)
(190.693 0 0)
(190.849 0 0)
(191.005 0 0)
(191.162 0 0)
(191.319 0 0)
(191.477 0 0)
(191.636 0 0)
(191.795 0 0)
(191.954 0 0)
(192.114 0 0)
(192.275 0 0)
(192.436 0 0)
(192.597 0 0)
(192.758 0 0)
(192.92 0 0)
(193.082 0 0)
(193.245 0 0)
(193.408 0 0)
(193.571 0 0)
(193.734 0 0)
(193.898 0 0)
(194.061 0 0)
(194.225 0 0)
(194.389 0 0)
(194.554 0 0)
(194.718 0 0)
(194.883 0 0)
(195.048 0 0)
(195.212 0 0)
(195.377 0 0)
(195.542 0 0)
(195.707 0 0)
(195.873 0 0)
(196.038 0 0)
(196.203 0 0)
(196.368 0 0)
(196.534 0 0)
(196.699 0 0)
(196.864 0 0)
(197.029 0 0)
(197.194 0 0)
(197.358 0 0)
(197.523 0 0)
(197.687 0 0)
(197.851 0 0)
(198.015 0 0)
(198.178 0 0)
(198.341 0 0)
(198.503 0 0)
(198.665 0 0)
(198.826 0 0)
(198.986 0 0)
(199.145 0 0)
(199.303 0 0)
(199.459 0 0)
(199.615 0 0)
(199.768 0 0)
(199.92 0 0)
(200.07 0 0)
(200.218 0 0)
(200.364 0 0)
(200.507 0 0)
(200.648 0 0)
(200.786 0 0)
(200.921 0 0)
(201.053 0 0)
(201.182 0 0)
(201.307 0 0)
(201.429 0 0)
(201.548 0 0)
(201.663 0 0)
(201.774 0 0)
(201.883 0 0)
(201.987 0 0)
(202.089 0 0)
(202.188 0 0)
(202.284 0 0)
(202.377 0 0)
(202.468 0 0)
(202.556 0 0)
(202.643 0 0)
(202.729 0 0)
(202.813 0 0)
(202.896 0 0)
(202.979 0 0)
(203.061 0 0)
(203.144 0 0)
(203.227 0 0)
(203.31 0 0)
(203.395 0 0)
(203.48 0 0)
(203.567 0 0)
(203.655 0 0)
(203.745 0 0)
(203.837 0 0)
(203.93 0 0)
(204.025 0 0)
(204.122 0 0)
(204.221 0 0)
(204.322 0 0)
(204.425 0 0)
(204.529 0 0)
(204.635 0 0)
(204.744 0 0)
(204.854 0 0)
(204.965 0 0)
(205.079 0 0)
(205.194 0 0)
(205.311 0 0)
(205.429 0 0)
(205.549 0 0)
(205.67 0 0)
(205.793 0 0)
(205.917 0 0)
(206.043 0 0)
(206.169 0 0)
(206.298 0 0)
(206.427 0 0)
(206.558 0 0)
(206.69 0 0)
(206.824 0 0)
(206.96 0 0)
(207.098 0 0)
(207.382 0 0)
)
;

boundaryField
{
    sides
    {
        type            zeroGradient;
    }
    empty
    {
        type            empty;
    }
}


// ************************************************************************* //
