/*--------------------------------*- C++ -*----------------------------------*\
| =========                 |                                                 |
| \\      /  F ield         | OpenFOAM: The Open Source CFD Toolbox           |
|  \\    /   O peration     | Version:  2406                                  |
|   \\  /    A nd           | Website:  www.openfoam.com                      |
|    \\/     M anipulation  |                                                 |
\*---------------------------------------------------------------------------*/
FoamFile
{
    version     2.0;
    format      ascii;
    arch        "LSB;label=32;scalar=64";
    class       volScalarField;
    location    "0.03";
    object      mag(U);
}
// * * * * * * * * * * * * * * * * * * * * * * * * * * * * * * * * * * * * * //

dimensions      [0 1 -1 0 0 0 0];

internalField   nonuniform List<scalar> 
1000
(
13.052
13.5551
14.0974
14.5429
14.9511
15.3641
15.7859
16.2102
16.6338
17.0566
17.4792
17.9019
18.3249
18.748
19.1711
19.5944
20.0177
20.441
20.8644
21.2877
21.711
22.1344
22.5578
22.9812
23.4047
23.8282
24.2518
24.6754
25.099
25.5227
25.9464
26.3701
26.7939
27.2177
27.6416
28.0655
28.4895
28.9135
29.3375
29.7616
30.1857
30.6099
31.0341
31.4584
31.8827
32.307
32.7314
33.1558
33.5803
34.0048
34.4293
34.8539
35.2785
35.7032
36.1279
36.5526
36.9774
37.4023
37.8271
38.252
38.677
39.102
39.527
39.952
40.3772
40.8023
41.2275
41.6527
42.078
42.5033
42.9286
43.354
43.7794
44.2048
44.6303
45.0559
45.4814
45.907
46.3327
46.7584
47.1841
47.6098
48.0356
48.4615
48.8873
49.3132
49.7392
50.1651
50.5911
51.0172
51.4433
51.8694
52.2955
52.7217
53.148
53.5742
54.0005
54.4269
54.8532
55.2796
55.7061
56.1325
56.559
56.9856
57.4121
57.8387
58.2654
58.692
59.1187
59.5454
59.9722
60.399
60.8258
61.2527
61.6796
62.1065
62.5335
62.9604
63.3874
63.8145
64.2416
64.6687
65.0958
65.523
65.9502
66.3774
66.8046
67.2319
67.6592
68.0866
68.5139
68.9413
69.3688
69.7962
70.2237
70.6512
71.0788
71.5063
71.9339
72.3616
72.7892
73.2169
73.6446
74.0723
74.5001
74.9279
75.3557
75.7835
76.2114
76.6393
77.0672
77.4951
77.9231
78.3511
78.7791
79.2071
79.6351
80.0632
80.4913
80.9194
81.3476
81.7757
82.2039
82.6321
83.0603
83.4886
83.9169
84.3451
84.7734
85.2018
85.6301
86.0585
86.4868
86.9152
87.3436
87.772
88.2005
88.6289
89.0574
89.4859
89.9144
90.3429
90.7714
91.2
91.6285
92.0571
92.4857
92.9142
93.3428
93.7715
94.2001
94.6287
95.0573
95.486
95.9146
96.3433
96.772
97.2007
97.6293
98.058
98.4867
98.9154
99.3441
99.7728
100.202
100.63
101.059
101.488
101.916
102.345
102.774
103.203
103.631
104.06
104.489
104.917
105.346
105.775
106.203
106.632
107.061
107.489
107.918
108.347
108.775
109.204
109.633
110.061
110.49
110.918
111.347
111.775
112.204
112.632
113.061
113.489
113.918
114.346
114.775
115.203
115.631
116.06
116.488
116.916
117.344
117.773
118.201
118.629
119.057
119.485
119.913
120.341
120.769
121.197
121.624
122.052
122.48
122.908
123.335
123.763
124.19
124.618
125.045
125.473
125.9
126.327
126.754
127.181
127.609
128.035
128.462
128.889
129.316
129.743
130.169
130.596
131.022
131.448
131.874
132.301
132.727
133.153
133.578
134.004
134.43
134.855
135.281
135.706
136.131
136.556
136.981
137.406
137.83
138.255
138.679
139.103
139.527
139.951
140.375
140.798
141.222
141.645
142.068
142.491
142.914
143.336
143.758
144.18
144.602
145.024
145.445
145.867
146.288
146.708
147.129
147.549
147.969
148.389
148.809
149.228
149.647
150.065
150.484
150.902
151.319
151.737
152.154
152.571
152.987
153.403
153.819
154.234
154.649
155.063
155.478
155.891
156.304
156.717
157.13
157.541
157.953
158.364
158.774
159.184
159.593
160.002
160.41
160.818
161.225
161.631
162.037
162.442
162.847
163.251
163.654
164.056
164.458
164.859
165.259
165.658
166.056
166.454
166.85
167.246
167.641
168.035
168.428
168.82
169.212
169.603
169.993
170.382
170.769
171.155
171.54
171.923
172.305
172.686
173.065
173.444
173.82
174.196
174.57
174.942
175.313
175.683
176.051
176.417
176.782
177.145
177.506
177.866
178.223
178.579
178.933
179.285
179.635
179.984
180.33
180.674
181.016
181.355
181.693
182.028
182.362
182.692
183.021
183.347
183.671
183.992
184.311
184.628
184.942
185.253
185.562
185.868
186.172
186.473
186.771
187.067
187.36
187.651
187.939
188.224
188.506
188.786
189.063
189.338
189.61
189.879
190.146
190.41
190.672
190.931
191.188
191.442
191.694
191.943
192.191
192.436
192.678
192.919
193.157
193.394
193.628
193.861
194.091
194.32
194.547
194.773
194.997
195.219
195.44
195.659
195.877
196.094
196.309
196.524
196.737
196.949
197.161
197.371
197.58
197.789
197.997
198.204
198.411
198.617
198.822
199.027
199.231
199.435
199.638
199.842
200.044
200.247
200.449
200.651
200.853
201.054
201.256
201.457
201.658
201.859
202.06
202.26
202.461
202.662
202.862
203.063
203.263
203.463
203.664
203.864
204.065
204.265
204.465
204.666
204.866
205.067
205.267
205.468
205.668
205.869
206.069
206.27
206.471
206.671
206.872
207.073
207.274
207.475
207.676
207.877
208.078
208.279
208.48
208.681
208.882
209.084
209.285
209.486
209.688
209.889
210.091
210.292
210.494
210.695
210.897
211.099
211.3
211.502
211.704
211.906
212.108
212.31
212.512
212.714
212.916
213.119
213.321
213.523
213.725
213.928
214.13
214.333
214.535
214.738
214.94
215.143
215.346
215.548
215.751
215.954
216.157
216.36
216.563
216.766
216.969
217.172
217.375
217.578
217.782
217.985
218.188
218.392
218.595
218.798
219.002
219.205
219.409
219.613
219.816
220.02
220.224
220.428
220.632
220.835
221.039
221.243
221.447
221.651
221.856
222.06
222.264
222.468
222.672
222.877
223.081
223.285
223.49
223.694
223.899
224.103
224.308
224.513
224.717
224.922
225.127
225.332
225.537
225.741
225.946
226.151
226.356
226.561
226.766
226.972
227.177
227.382
227.587
227.792
227.998
228.203
228.409
228.614
228.819
229.025
229.23
229.436
229.642
229.847
230.053
230.259
230.464
230.67
230.876
231.082
231.288
231.494
231.7
231.906
232.112
232.318
232.524
232.73
232.936
233.142
233.349
233.555
233.761
233.968
234.174
234.38
234.587
234.793
235
235.206
235.413
235.619
235.826
236.033
236.239
236.446
236.653
236.859
237.066
237.273
237.48
237.687
237.894
238.1
238.307
238.514
238.721
238.928
239.135
239.342
239.55
239.757
239.964
240.171
240.378
240.585
240.793
241
241.207
241.414
241.622
241.829
242.036
242.244
242.451
242.659
242.866
243.074
243.281
243.488
243.696
243.904
244.111
244.319
244.526
244.734
244.941
245.149
245.357
245.564
245.772
245.98
246.187
246.395
246.603
246.81
247.018
247.226
247.434
247.641
247.849
248.057
248.265
248.472
248.68
248.888
249.096
249.304
249.511
249.719
249.927
250.135
250.343
250.55
250.758
250.966
251.174
251.382
251.589
251.797
252.005
252.213
252.421
252.628
252.836
253.044
253.252
253.459
253.667
253.875
254.082
254.29
254.498
254.705
254.913
255.121
255.328
255.536
255.743
255.951
256.159
256.366
256.573
256.781
256.988
257.196
257.403
257.61
257.818
258.025
258.232
258.439
258.647
258.854
259.061
259.268
259.475
259.682
259.889
260.096
260.303
260.509
260.716
260.923
261.129
261.336
261.543
261.749
261.955
262.162
262.368
262.574
262.781
262.987
263.193
263.399
263.604
263.81
264.016
264.222
264.427
264.633
264.838
265.043
265.249
265.454
265.659
265.864
266.068
266.273
266.478
266.682
266.887
267.091
267.295
267.499
267.703
267.907
268.11
268.314
268.517
268.72
268.923
269.126
269.329
269.532
269.734
269.937
270.139
270.341
270.542
270.744
270.945
271.147
271.348
271.548
271.749
271.949
272.149
272.349
272.549
272.748
272.948
273.147
273.345
273.544
273.742
273.94
274.137
274.334
274.531
274.728
274.924
275.12
275.315
275.51
275.705
275.899
276.093
276.286
276.479
276.671
276.862
277.053
277.244
277.433
277.622
277.81
277.998
278.184
278.37
278.555
278.739
278.921
279.103
279.283
279.463
279.641
279.817
279.992
280.166
280.338
280.508
280.677
280.844
281.009
281.172
281.333
281.492
281.649
281.803
281.956
282.106
282.254
282.4
282.543
282.684
282.823
282.959
283.093
283.224
283.353
283.481
283.605
283.728
283.849
283.968
284.085
284.2
284.314
284.426
284.536
284.646
284.754
284.861
284.967
285.072
285.177
285.281
285.384
285.487
285.589
285.691
285.793
285.895
285.997
286.098
286.199
286.3
286.402
286.503
286.603
286.704
286.805
286.905
287.005
287.104
287.204
287.303
287.401
287.499
287.596
287.692
287.787
287.882
287.976
288.069
288.16
288.251
288.34
288.428
288.515
288.601
288.685
288.768
288.85
288.93
289.008
289.085
289.16
289.234
289.307
289.377
289.447
289.514
289.58
289.645
289.707
289.769
289.828
289.886
289.943
289.997
290.051
290.102
290.152
290.201
290.248
290.293
290.337
290.379
290.42
290.459
290.497
290.533
290.568
290.601
290.633
290.664
290.693
290.721
290.748
290.773
290.798
290.821
290.843
290.863
290.883
290.902
290.92
290.937
290.953
290.968
290.982
290.995
291.008
291.019
291.03
291.04
291.048
291.054
291.066
)
;

boundaryField
{
    sides
    {
        type            calculated;
        value           nonuniform List<scalar> 2(291.066 13.052);
    }
    empty
    {
        type            empty;
    }
}


// ************************************************************************* //
