/*--------------------------------*- C++ -*----------------------------------*\
| =========                 |                                                 |
| \\      /  F ield         | OpenFOAM: The Open Source CFD Toolbox           |
|  \\    /   O peration     | Version:  2406                                  |
|   \\  /    A nd           | Website:  www.openfoam.com                      |
|    \\/     M anipulation  |                                                 |
\*---------------------------------------------------------------------------*/
FoamFile
{
    version     2.0;
    format      ascii;
    arch        "LSB;label=32;scalar=64";
    class       volScalarField;
    location    "0.03";
    object      p;
}
// * * * * * * * * * * * * * * * * * * * * * * * * * * * * * * * * * * * * * //

dimensions      [1 -1 -2 0 0 0 0];

internalField   nonuniform List<scalar> 
1000
(
19976
19972.8
19968.7
19965.1
19961.8
19958.5
19955.2
19951.8
19948.5
19945.1
19941.8
19938.4
19935.1
19931.8
19928.4
19925.1
19921.7
19918.4
19915
19911.7
19908.3
19905
19901.6
19898.3
19895
19891.6
19888.3
19884.9
19881.6
19878.2
19874.9
19871.5
19868.2
19864.8
19861.4
19858.1
19854.7
19851.4
19848
19844.7
19841.3
19837.9
19834.6
19831.2
19827.8
19824.5
19821.1
19817.8
19814.4
19811
19807.7
19804.3
19800.9
19797.5
19794.2
19790.8
19787.4
19784
19780.7
19777.3
19773.9
19770.5
19767.2
19763.8
19760.4
19757
19753.6
19750.2
19746.9
19743.5
19740.1
19736.7
19733.3
19729.9
19726.5
19723.1
19719.8
19716.4
19713
19709.6
19706.2
19702.8
19699.4
19696
19692.6
19689.2
19685.8
19682.4
19679
19675.6
19672.2
19668.8
19665.4
19661.9
19658.5
19655.1
19651.7
19648.3
19644.9
19641.5
19638.1
19634.7
19631.2
19627.8
19624.4
19621
19617.6
19614.1
19610.7
19607.3
19603.9
19600.4
19597
19593.6
19590.2
19586.7
19583.3
19579.9
19576.4
19573
19569.6
19566.1
19562.7
19559.3
19555.8
19552.4
19549
19545.5
19542.1
19538.6
19535.2
19531.8
19528.3
19524.9
19521.4
19518
19514.5
19511.1
19507.6
19504.2
19500.8
19497.3
19493.9
19490.4
19487
19483.5
19480.1
19476.6
19473.1
19469.7
19466.2
19462.8
19459.3
19455.9
19452.4
19449
19445.5
19442.1
19438.6
19435.1
19431.7
19428.2
19424.8
19421.3
19417.8
19414.4
19410.9
19407.5
19404
19400.5
19397.1
19393.6
19390.2
19386.7
19383.2
19379.8
19376.3
19372.9
19369.4
19365.9
19362.5
19359
19355.5
19352.1
19348.6
19345.2
19341.7
19338.2
19334.8
19331.3
19327.9
19324.4
19320.9
19317.5
19314
19310.6
19307.1
19303.6
19300.2
19296.7
19293.3
19289.8
19286.4
19282.9
19279.5
19276
19272.6
19269.1
19265.7
19262.2
19258.8
19255.3
19251.9
19248.5
19245
19241.6
19238.1
19234.7
19231.3
19227.8
19224.4
19221
19217.5
19214.1
19210.7
19207.3
19203.9
19200.4
19197
19193.6
19190.2
19186.8
19183.4
19180
19176.6
19173.2
19169.8
19166.4
19163
19159.6
19156.3
19152.9
19149.5
19146.1
19142.8
19139.4
19136
19132.7
19129.3
19126
19122.6
19119.3
19116
19112.6
19109.3
19106
19102.7
19099.4
19096.1
19092.8
19089.5
19086.2
19082.9
19079.6
19076.4
19073.1
19069.8
19066.6
19063.3
19060.1
19056.9
19053.7
19050.4
19047.2
19044
19040.9
19037.7
19034.5
19031.3
19028.2
19025
19021.9
19018.8
19015.7
19012.6
19009.5
19006.4
19003.3
19000.3
18997.2
18994.2
18991.1
18988.1
18985.1
18982.2
18979.2
18976.2
18973.3
18970.4
18967.4
18964.5
18961.7
18958.8
18956
18953.1
18950.3
18947.5
18944.7
18942
18939.2
18936.5
18933.8
18931.2
18928.5
18925.9
18923.3
18920.7
18918.1
18915.6
18913.1
18910.6
18908.1
18905.7
18903.3
18900.9
18898.6
18896.2
18894
18891.7
18889.5
18887.3
18885.1
18883
18880.9
18878.9
18876.9
18874.9
18873
18871.1
18869.3
18867.5
18865.7
18864
18862.3
18860.7
18859.1
18857.6
18856.2
18854.8
18853.4
18852.1
18850.9
18849.7
18848.6
18847.5
18846.6
18845.6
18844.8
18844
18843.3
18842.7
18842.1
18841.7
18841.3
18841
18840.7
18840.6
18840.6
18840.6
18840.6
18840.7
18840.9
18841.3
18841.8
18842.4
18843.2
18844
18845
18846.1
18847.3
18848.6
18850
18851.6
18853.3
18855.2
18857.2
18859.3
18861.6
18864
18866.6
18869.3
18872.2
18875.3
18878.5
18881.9
18885.4
18889.2
18893.1
18897.2
18901.5
18906
18910.7
18915.6
18920.7
18926
18931.5
18937.2
18943.2
18949.3
18955.7
18962.3
18969.2
18976.2
18983.5
18991.1
18998.9
19006.9
19015.2
19023.7
19032.4
19041.4
19050.7
19060.2
19069.9
19079.9
19090.2
19100.7
19111.4
19122.4
19133.7
19145.2
19156.9
19168.9
19181.1
19193.6
19206.3
19219.2
19232.4
19245.8
19259.4
19273.2
19287.3
19301.5
19316
19330.6
19345.5
19360.5
19375.7
19391.1
19406.7
19422.5
19438.4
19454.4
19470.6
19487
19503.5
19520.1
19536.9
19553.8
19570.8
19587.9
19605.1
19622.4
19639.9
19657.4
19675
19692.7
19710.4
19728.3
19746.2
19764.2
19782.3
19800.4
19818.6
19836.8
19855.1
19873.4
19891.8
19910.2
19928.7
19947.2
19965.8
19984.4
20003
20021.6
20040.3
20059.1
20077.8
20096.6
20115.4
20134.3
20153.2
20172.1
20191
20209.9
20228.9
20247.9
20266.9
20286
20305
20324.1
20343.3
20362.4
20381.6
20400.7
20419.9
20439.2
20458.4
20477.7
20497
20516.3
20535.6
20554.9
20574.3
20593.7
20613.1
20632.6
20652
20671.5
20691
20710.5
20730
20749.6
20769.2
20788.8
20808.4
20828
20847.7
20867.4
20887.1
20906.8
20926.5
20946.3
20966.1
20985.9
21005.7
21025.6
21045.4
21065.3
21085.2
21105.2
21125.1
21145.1
21165.1
21185.1
21205.1
21225.2
21245.3
21265.4
21285.5
21305.6
21325.8
21346
21366.2
21386.4
21406.7
21426.9
21447.2
21467.5
21487.8
21508.2
21528.6
21549
21569.4
21589.8
21610.3
21630.7
21651.2
21671.8
21692.3
21712.9
21733.4
21754
21774.7
21795.3
21816
21836.7
21857.4
21878.1
21898.9
21919.6
21940.4
21961.2
21982.1
22002.9
22023.8
22044.7
22065.6
22086.6
22107.5
22128.5
22149.5
22170.5
22191.6
22212.7
22233.8
22254.9
22276
22297.2
22318.3
22339.5
22360.7
22382
22403.2
22424.5
22445.8
22467.2
22488.5
22509.9
22531.3
22552.7
22574.1
22595.6
22617
22638.5
22660
22681.6
22703.1
22724.7
22746.3
22768
22789.6
22811.3
22833
22854.7
22876.4
22898.1
22919.9
22941.7
22963.5
22985.4
23007.2
23029.1
23051
23072.9
23094.9
23116.9
23138.8
23160.9
23182.9
23204.9
23227
23249.1
23271.2
23293.4
23315.5
23337.7
23359.9
23382.1
23404.4
23426.6
23448.9
23471.2
23493.6
23515.9
23538.3
23560.7
23583.1
23605.5
23628
23650.5
23673
23695.5
23718
23740.6
23763.2
23785.8
23808.4
23831.1
23853.7
23876.4
23899.1
23921.9
23944.6
23967.4
23990.2
24013
24035.8
24058.7
24081.6
24104.5
24127.4
24150.3
24173.3
24196.3
24219.3
24242.3
24265.4
24288.4
24311.5
24334.6
24357.8
24380.9
24404.1
24427.3
24450.5
24473.7
24497
24520.2
24543.5
24566.8
24590.2
24613.5
24636.9
24660.3
24683.7
24707.1
24730.6
24754.1
24777.6
24801.1
24824.6
24848.2
24871.7
24895.3
24918.9
24942.6
24966.2
24989.9
25013.6
25037.3
25061
25084.8
25108.5
25132.3
25156.1
25179.9
25203.8
25227.6
25251.5
25275.4
25299.3
25323.3
25347.2
25371.2
25395.2
25419.2
25443.2
25467.3
25491.3
25515.4
25539.5
25563.6
25587.8
25611.9
25636.1
25660.3
25684.5
25708.7
25732.9
25757.2
25781.4
25805.7
25830
25854.3
25878.7
25903
25927.4
25951.8
25976.2
26000.6
26025
26049.5
26073.9
26098.4
26122.9
26147.4
26171.9
26196.4
26221
26245.5
26270.1
26294.7
26319.3
26343.9
26368.5
26393.2
26417.8
26442.5
26467.1
26491.8
26516.5
26541.2
26565.9
26590.7
26615.4
26640.2
26664.9
26689.7
26714.5
26739.3
26764.1
26788.9
26813.7
26838.5
26863.3
26888.2
26913
26937.9
26962.7
26987.6
27012.5
27037.3
27062.2
27087.1
27112
27136.9
27161.8
27186.7
27211.6
27236.5
27261.4
27286.3
27311.2
27336.1
27361
27385.9
27410.8
27435.6
27460.5
27485.4
27510.3
27535.2
27560.1
27584.9
27609.8
27634.6
27659.5
27684.3
27709.1
27733.9
27758.7
27783.5
27808.3
27833.1
27857.8
27882.6
27907.3
27932
27956.7
27981.4
28006.1
28030.7
28055.3
28080
28104.6
28129.2
28153.8
28178.3
28202.9
28227.4
28252
28276.5
28301
28325.5
28350.1
28374.6
28399.1
28423.6
28448.2
28472.7
28497.3
28521.9
28546.5
28571.2
28595.9
28620.6
28645.4
28670.2
28695.1
28720.1
28745.1
28770.2
28795.4
28820.6
28846
28871.4
28897
28922.6
28948.3
28974.2
29000.1
29026.2
29052.3
29078.6
29104.9
29131.3
29157.8
29184.4
29211
29237.7
29264.4
29291.2
29317.9
29344.7
29371.4
29398.1
29424.7
29451.2
29477.6
29503.9
29530
29556
29581.8
29607.4
29632.7
29657.8
29682.6
29707.1
29731.3
29755.2
29778.8
29802
29824.8
29847.2
29869.3
29891
29912.2
29933.1
29953.6
29973.6
29993.2
30012.4
30031.2
30049.6
30067.6
30085.2
30102.4
30119.1
30135.5
30151.5
30167.1
30182.4
30197.2
30211.7
30225.9
30239.7
30253.1
30266.2
30279
30291.4
30303.5
30315.3
30326.7
30337.9
30348.7
30359.2
30369.5
30379.4
30389
30398.4
30407.4
30416.2
30424.7
30433
30440.9
30448.6
30456
30463.2
30470.1
30476.8
30483.3
30489.5
30495.5
30501.2
30506.8
30512.1
30517.3
30522.2
30527
30531.6
30536
30540.2
30544.2
30548.1
30551.9
30555.4
30558.9
30562.2
30565.3
30568.4
30571.3
30574
30576.7
30579.2
30581.6
30583.9
30586.2
30588.3
30590.3
30592.2
30594
30595.7
30597.4
30599
30600.5
30602.1
30603.6
30605.2
30607
)
;

boundaryField
{
    sides
    {
        type            zeroGradient;
    }
    empty
    {
        type            empty;
    }
}


// ************************************************************************* //
