/*--------------------------------*- C++ -*----------------------------------*\
| =========                 |                                                 |
| \\      /  F ield         | OpenFOAM: The Open Source CFD Toolbox           |
|  \\    /   O peration     | Version:  2406                                  |
|   \\  /    A nd           | Website:  www.openfoam.com                      |
|    \\/     M anipulation  |                                                 |
\*---------------------------------------------------------------------------*/
FoamFile
{
    version     2.0;
    format      ascii;
    arch        "LSB;label=32;scalar=64";
    class       surfaceScalarField;
    location    "0.03";
    object      phi;
}
// * * * * * * * * * * * * * * * * * * * * * * * * * * * * * * * * * * * * * //

dimensions      [1 0 -1 0 0 0 0];

oriented        oriented;

internalField   nonuniform List<scalar> 
999
(
17.0864
17.6162
18.1459
18.6752
19.2041
19.7326
20.2608
20.7892
21.3175
21.8456
22.3731
22.8998
23.426
23.9517
24.4775
25.0036
25.5303
26.0577
26.5857
27.1143
27.6432
28.1722
28.7011
29.2301
29.7597
30.2897
30.8197
31.3496
31.8794
32.4092
32.9388
33.4684
33.998
34.5274
35.0568
35.5861
36.1153
36.6444
37.1735
37.7024
38.2313
38.7602
39.2889
39.8176
40.3462
40.8747
41.4031
41.9315
42.4598
42.988
43.5161
44.0441
44.5721
45.1
45.6278
46.1555
46.6831
47.2107
47.7382
48.2656
48.7929
49.3201
49.8473
50.3744
50.9014
51.4283
51.9551
52.4818
53.0085
53.5351
54.0616
54.588
55.1143
55.6405
56.1667
56.6928
57.2188
57.7446
58.2705
58.7962
59.3219
59.8474
60.3729
60.8982
61.4235
61.9488
62.4739
62.9989
63.5238
64.0487
64.5735
65.0981
65.6227
66.1473
66.6716
67.196
67.7201
68.2444
68.7683
69.2923
69.8162
70.3399
70.8637
71.3871
71.9107
72.4341
72.9573
73.4806
74.0037
74.5267
75.0497
75.5724
76.0952
76.6179
77.1403
77.6628
78.1852
78.7074
79.2295
79.7516
80.2735
80.7954
81.3172
81.8388
82.3604
82.8818
83.4032
83.9244
84.4456
84.9667
85.4876
86.0085
86.5292
87.0499
87.5705
88.0909
88.6113
89.1315
89.6517
90.1717
90.6917
91.2115
91.7312
92.2509
92.7704
93.2898
93.8092
94.3284
94.8475
95.3665
95.8854
96.4042
96.9229
97.4415
97.9599
98.4783
98.9965
99.5147
100.033
100.551
101.068
101.586
102.104
102.621
103.139
103.656
104.173
104.69
105.207
105.724
106.241
106.757
107.274
107.79
108.306
108.822
109.338
109.854
110.37
110.886
111.401
111.917
112.432
112.947
113.462
113.977
114.492
115.006
115.521
116.036
116.55
117.064
117.578
118.092
118.606
119.12
119.633
120.147
120.66
121.173
121.686
122.199
122.712
123.225
123.737
124.25
124.762
125.274
125.786
126.298
126.81
127.322
127.833
128.345
128.856
129.367
129.878
130.389
130.9
131.41
131.921
132.431
132.941
133.451
133.961
134.471
134.981
135.49
135.999
136.509
137.018
137.527
138.035
138.544
139.052
139.561
140.069
140.577
141.085
141.593
142.1
142.608
143.115
143.622
144.129
144.636
145.143
145.649
146.156
146.662
147.168
147.674
148.18
148.685
149.191
149.696
150.201
150.706
151.211
151.715
152.22
152.724
153.228
153.732
154.236
154.74
155.243
155.746
156.249
156.752
157.255
157.758
158.26
158.762
159.264
159.766
160.268
160.769
161.271
161.772
162.273
162.773
163.274
163.774
164.274
164.774
165.274
165.774
166.273
166.772
167.271
167.77
168.269
168.767
169.265
169.763
170.261
170.759
171.256
171.753
172.25
172.746
173.243
173.739
174.235
174.731
175.226
175.722
176.217
176.712
177.206
177.701
178.195
178.689
179.182
179.676
180.169
180.661
181.154
181.646
182.138
182.63
183.122
183.613
184.104
184.595
185.085
185.575
186.065
186.555
187.044
187.533
188.021
188.51
188.998
189.485
189.973
190.46
190.946
191.433
191.919
192.404
192.89
193.375
193.859
194.344
194.827
195.311
195.794
196.277
196.759
197.241
197.722
198.203
198.684
199.164
199.644
200.124
200.602
201.081
201.559
202.036
202.513
202.99
203.466
203.941
204.416
204.891
205.365
205.839
206.313
206.786
207.258
207.729
208.2
208.67
209.14
209.609
210.077
210.545
211.012
211.478
211.944
212.409
212.874
213.337
213.8
214.263
214.724
215.185
215.645
216.105
216.563
217.021
217.478
217.935
218.39
218.845
219.299
219.752
220.204
220.655
221.106
221.555
222.004
222.452
222.899
223.345
223.791
224.235
224.678
225.121
225.563
226.003
226.443
226.882
227.32
227.757
228.194
228.629
229.063
229.497
229.93
230.361
230.793
231.223
231.652
232.081
232.508
232.935
233.362
233.787
234.212
234.636
235.059
235.482
235.904
236.326
236.747
237.167
237.587
238.007
238.426
238.844
239.262
239.68
240.098
240.515
240.932
241.348
241.765
242.181
242.597
243.014
243.43
243.846
244.261
244.677
245.093
245.51
245.926
246.342
246.759
247.175
247.592
248.009
248.426
248.844
249.262
249.68
250.098
250.517
250.936
251.356
251.775
252.196
252.616
253.037
253.459
253.881
254.303
254.726
255.149
255.573
255.997
256.422
256.847
257.273
257.699
258.126
258.553
258.981
259.409
259.838
260.267
260.697
261.127
261.558
261.99
262.422
262.854
263.287
263.721
264.155
264.589
265.025
265.46
265.897
266.333
266.771
267.209
267.647
268.086
268.526
268.966
269.406
269.848
270.289
270.732
271.175
271.618
272.062
272.507
272.952
273.397
273.844
274.29
274.738
275.185
275.634
276.083
276.532
276.983
277.433
277.884
278.336
278.789
279.241
279.695
280.149
280.604
281.059
281.515
281.971
282.428
282.885
283.343
283.802
284.261
284.72
285.181
285.642
286.103
286.565
287.027
287.49
287.954
288.418
288.883
289.349
289.815
290.281
290.748
291.216
291.684
292.153
292.622
293.092
293.563
294.034
294.506
294.978
295.451
295.924
296.398
296.873
297.348
297.823
298.3
298.777
299.254
299.732
300.211
300.69
301.17
301.65
302.131
302.613
303.095
303.577
304.061
304.545
305.029
305.514
306
306.486
306.973
307.46
307.948
308.436
308.926
309.415
309.906
310.396
310.888
311.38
311.873
312.366
312.86
313.354
313.849
314.345
314.841
315.337
315.835
316.333
316.831
317.33
317.83
318.33
318.831
319.333
319.835
320.337
320.841
321.345
321.849
322.354
322.86
323.366
323.873
324.38
324.888
325.397
325.906
326.416
326.926
327.437
327.949
328.461
328.974
329.487
330.001
330.516
331.031
331.546
332.063
332.58
333.097
333.615
334.134
334.654
335.173
335.694
336.215
336.737
337.259
337.782
338.306
338.83
339.354
339.88
340.406
340.932
341.459
341.987
342.515
343.044
343.574
344.104
344.635
345.166
345.698
346.23
346.763
347.297
347.831
348.366
348.902
349.438
349.974
350.511
351.049
351.588
352.127
352.666
353.207
353.747
354.289
354.831
355.373
355.916
356.46
357.004
357.549
358.095
358.641
359.187
359.735
360.282
360.831
361.38
361.929
362.479
363.03
363.581
364.133
364.685
365.238
365.792
366.346
366.901
367.456
368.012
368.568
369.125
369.682
370.241
370.799
371.358
371.918
372.478
373.039
373.6
374.162
374.725
375.288
375.851
376.415
376.98
377.545
378.111
378.677
379.244
379.811
380.379
380.947
381.516
382.085
382.655
383.226
383.797
384.368
384.94
385.513
386.086
386.659
387.233
387.807
388.382
388.958
389.534
390.11
390.687
391.265
391.843
392.421
393
393.579
394.159
394.739
395.32
395.901
396.483
397.065
397.647
398.23
398.814
399.398
399.982
400.566
401.152
401.737
402.323
402.909
403.496
404.083
404.671
405.259
405.847
406.435
407.025
407.614
408.204
408.794
409.384
409.975
410.566
411.158
411.749
412.341
412.934
413.526
414.119
414.713
415.306
415.9
416.494
417.088
417.683
418.278
418.873
419.468
420.063
420.659
421.255
421.85
422.447
423.043
423.639
424.236
424.832
425.429
426.026
426.623
427.22
427.817
428.414
429.011
429.608
430.205
430.802
431.399
431.996
432.593
433.19
433.787
434.383
434.98
435.576
436.172
436.768
437.363
437.959
438.554
439.149
439.743
440.337
440.931
441.524
442.117
442.71
443.302
443.893
444.484
445.075
445.664
446.254
446.842
447.43
448.017
448.603
449.188
449.773
450.357
450.939
451.521
452.102
452.681
453.26
453.837
454.413
454.988
455.561
456.133
456.703
457.272
457.84
458.406
458.97
459.532
460.093
460.652
461.208
461.763
462.316
462.867
463.415
463.962
464.506
465.047
465.587
466.123
466.658
467.189
467.718
468.245
468.768
469.289
469.807
470.322
470.834
471.343
471.849
472.352
472.851
473.348
473.841
474.33
474.817
475.3
475.779
476.254
476.726
477.195
477.659
478.12
478.577
479.029
479.478
479.923
480.363
480.799
481.231
481.658
482.081
482.499
482.912
483.321
483.725
484.123
484.517
484.906
485.29
485.669
486.042
486.409
486.771
487.128
487.479
487.824
488.164
488.498
488.826
489.148
489.465
489.775
490.08
490.379
490.671
490.958
491.238
491.513
491.781
492.043
492.3
492.55
492.794
493.032
493.264
493.49
493.71
493.924
494.133
494.335
494.532
494.722
494.908
495.087
495.261
495.43
495.593
495.75
495.903
496.05
496.192
496.329
496.461
496.588
496.711
496.829
496.942
497.05
497.155
497.255
497.351
497.443
497.531
497.615
497.695
497.772
497.845
497.915
497.981
498.044
498.105
498.162
498.216
498.268
498.317
498.363
498.407
498.448
498.488
498.525
498.559
498.592
498.622
498.65
)
;

boundaryField
{
    sides
    {
        type            calculated;
        value           nonuniform List<scalar> 2(498.676 -16.5563);
    }
    empty
    {
        type            empty;
    }
}


// ************************************************************************* //
