/*--------------------------------*- C++ -*----------------------------------*\
| =========                 |                                                 |
| \\      /  F ield         | OpenFOAM: The Open Source CFD Toolbox           |
|  \\    /   O peration     | Version:  2406                                  |
|   \\  /    A nd           | Website:  www.openfoam.com                      |
|    \\/     M anipulation  |                                                 |
\*---------------------------------------------------------------------------*/
FoamFile
{
    version     2.0;
    format      ascii;
    arch        "LSB;label=32;scalar=64";
    class       volScalarField;
    location    "0.03";
    object      T;
}
// * * * * * * * * * * * * * * * * * * * * * * * * * * * * * * * * * * * * * //

dimensions      [0 0 0 1 0 0 0];

internalField   nonuniform List<scalar> 
1000
(
218.865
218.89
218.928
218.964
219.003
219.044
219.085
219.123
219.157
219.188
219.222
219.259
219.301
219.345
219.387
219.425
219.455
219.478
219.493
219.501
219.504
219.505
219.505
219.504
219.5
219.491
219.481
219.47
219.459
219.448
219.437
219.426
219.415
219.404
219.394
219.383
219.372
219.361
219.351
219.34
219.329
219.318
219.308
219.297
219.286
219.275
219.265
219.254
219.243
219.232
219.221
219.211
219.2
219.189
219.178
219.167
219.157
219.146
219.135
219.124
219.113
219.102
219.092
219.081
219.07
219.059
219.048
219.037
219.026
219.016
219.005
218.994
218.983
218.972
218.961
218.95
218.94
218.928
218.918
218.906
218.897
218.884
218.875
218.861
218.854
218.839
218.832
218.817
218.81
218.796
218.788
218.774
218.766
218.752
218.744
218.73
218.721
218.71
218.698
218.689
218.676
218.666
218.655
218.643
218.633
218.621
218.611
218.6
218.588
218.578
218.566
218.555
218.545
218.533
218.522
218.512
218.5
218.489
218.478
218.467
218.456
218.445
218.434
218.423
218.412
218.401
218.39
218.379
218.367
218.356
218.345
218.334
218.323
218.312
218.301
218.289
218.278
218.267
218.256
218.245
218.234
218.223
218.212
218.2
218.189
218.178
218.167
218.156
218.145
218.133
218.122
218.111
218.1
218.089
218.078
218.066
218.055
218.044
218.033
218.022
218.011
217.999
217.988
217.977
217.966
217.954
217.943
217.932
217.921
217.91
217.898
217.887
217.876
217.865
217.854
217.842
217.831
217.82
217.809
217.797
217.786
217.775
217.764
217.753
217.741
217.73
217.719
217.708
217.696
217.685
217.674
217.663
217.651
217.64
217.629
217.618
217.607
217.595
217.584
217.573
217.562
217.55
217.539
217.528
217.517
217.506
217.494
217.483
217.472
217.461
217.45
217.438
217.427
217.416
217.405
217.394
217.382
217.371
217.36
217.349
217.338
217.326
217.315
217.304
217.293
217.282
217.271
217.26
217.249
217.237
217.226
217.215
217.204
217.193
217.182
217.171
217.16
217.149
217.138
217.127
217.116
217.105
217.094
217.083
217.072
217.061
217.05
217.039
217.028
217.017
217.006
216.995
216.984
216.973
216.962
216.952
216.941
216.93
216.919
216.908
216.898
216.887
216.876
216.865
216.855
216.844
216.833
216.823
216.812
216.802
216.791
216.781
216.77
216.76
216.749
216.739
216.728
216.718
216.708
216.697
216.687
216.677
216.666
216.656
216.646
216.636
216.626
216.616
216.606
216.596
216.586
216.576
216.566
216.556
216.547
216.537
216.527
216.518
216.508
216.498
216.489
216.479
216.47
216.461
216.451
216.442
216.433
216.424
216.415
216.406
216.397
216.388
216.379
216.371
216.362
216.354
216.345
216.337
216.328
216.32
216.312
216.304
216.296
216.288
216.28
216.273
216.265
216.258
216.25
216.243
216.236
216.229
216.222
216.215
216.208
216.202
216.195
216.189
216.183
216.177
216.171
216.165
216.159
216.154
216.149
216.144
216.139
216.134
216.129
216.125
216.121
216.117
216.113
216.109
216.106
216.103
216.1
216.097
216.094
216.092
216.09
216.088
216.087
216.086
216.085
216.084
216.083
216.083
216.083
216.084
216.084
216.085
216.086
216.088
216.09
216.093
216.095
216.099
216.102
216.106
216.111
216.116
216.121
216.127
216.133
216.139
216.147
216.154
216.162
216.171
216.18
216.19
216.2
216.21
216.222
216.234
216.246
216.259
216.273
216.287
216.302
216.317
216.333
216.35
216.368
216.386
216.405
216.425
216.445
216.466
216.488
216.511
216.534
216.558
216.583
216.608
216.635
216.662
216.69
216.719
216.748
216.779
216.81
216.842
216.875
216.908
216.943
216.978
217.014
217.051
217.089
217.127
217.166
217.206
217.247
217.288
217.33
217.373
217.417
217.461
217.506
217.552
217.598
217.645
217.692
217.74
217.789
217.838
217.888
217.938
217.989
218.041
218.092
218.145
218.197
218.25
218.304
218.358
218.412
218.467
218.522
218.577
218.632
218.688
218.744
218.8
218.857
218.914
218.971
219.028
219.085
219.142
219.2
219.258
219.316
219.374
219.432
219.49
219.549
219.607
219.666
219.724
219.783
219.842
219.901
219.96
220.019
220.078
220.137
220.196
220.256
220.315
220.374
220.433
220.493
220.552
220.612
220.671
220.731
220.791
220.85
220.91
220.969
221.029
221.089
221.149
221.208
221.268
221.328
221.388
221.448
221.508
221.568
221.628
221.688
221.748
221.808
221.868
221.928
221.988
222.048
222.109
222.169
222.229
222.289
222.35
222.41
222.47
222.53
222.591
222.651
222.712
222.772
222.833
222.893
222.954
223.014
223.075
223.135
223.196
223.257
223.317
223.378
223.439
223.499
223.56
223.621
223.682
223.742
223.803
223.864
223.925
223.986
224.047
224.108
224.169
224.23
224.291
224.352
224.413
224.474
224.535
224.596
224.658
224.719
224.78
224.841
224.902
224.964
225.025
225.086
225.148
225.209
225.271
225.332
225.393
225.455
225.516
225.578
225.639
225.701
225.762
225.824
225.886
225.947
226.009
226.071
226.132
226.194
226.256
226.318
226.379
226.441
226.503
226.565
226.627
226.689
226.751
226.813
226.875
226.936
226.999
227.06
227.123
227.185
227.247
227.309
227.371
227.433
227.495
227.557
227.62
227.682
227.744
227.806
227.869
227.931
227.993
228.056
228.118
228.18
228.243
228.305
228.368
228.43
228.493
228.555
228.618
228.68
228.743
228.805
228.868
228.93
228.993
229.056
229.118
229.181
229.244
229.306
229.369
229.432
229.495
229.557
229.62
229.683
229.746
229.808
229.871
229.934
229.997
230.06
230.123
230.186
230.249
230.312
230.375
230.438
230.501
230.563
230.627
230.69
230.753
230.816
230.879
230.942
231.005
231.068
231.131
231.194
231.257
231.32
231.384
231.447
231.51
231.573
231.636
231.699
231.763
231.826
231.889
231.952
232.016
232.079
232.142
232.205
232.269
232.332
232.395
232.459
232.522
232.585
232.649
232.712
232.776
232.839
232.902
232.966
233.029
233.093
233.156
233.219
233.283
233.346
233.41
233.473
233.537
233.6
233.664
233.727
233.791
233.854
233.918
233.982
234.045
234.109
234.172
234.236
234.3
234.363
234.427
234.49
234.554
234.618
234.681
234.745
234.809
234.872
234.936
235
235.063
235.127
235.191
235.255
235.318
235.382
235.446
235.51
235.573
235.637
235.701
235.765
235.828
235.892
235.956
236.02
236.083
236.147
236.211
236.275
236.339
236.402
236.466
236.53
236.594
236.658
236.721
236.785
236.849
236.913
236.977
237.04
237.104
237.168
237.232
237.295
237.359
237.423
237.487
237.55
237.614
237.678
237.742
237.805
237.869
237.933
237.997
238.06
238.124
238.188
238.251
238.315
238.379
238.442
238.506
238.569
238.633
238.696
238.76
238.824
238.887
238.951
239.014
239.077
239.141
239.204
239.268
239.331
239.394
239.458
239.521
239.584
239.648
239.711
239.774
239.837
239.9
239.963
240.026
240.089
240.152
240.215
240.278
240.341
240.404
240.467
240.529
240.592
240.655
240.717
240.78
240.842
240.905
240.967
241.03
241.092
241.154
241.216
241.278
241.341
241.403
241.464
241.526
241.588
241.65
241.711
241.773
241.835
241.896
241.957
242.019
242.08
242.141
242.202
242.263
242.324
242.385
242.446
242.506
242.567
242.627
242.688
242.748
242.809
242.869
242.929
242.99
243.05
243.11
243.17
243.231
243.291
243.351
243.411
243.471
243.532
243.592
243.653
243.713
243.774
243.834
243.895
243.956
244.017
244.079
244.14
244.202
244.264
244.326
244.388
244.45
244.513
244.576
244.639
244.702
244.766
244.829
244.893
244.957
245.021
245.086
245.15
245.214
245.278
245.343
245.407
245.471
245.535
245.598
245.662
245.725
245.787
245.85
245.912
245.973
246.034
246.094
246.153
246.212
246.27
246.328
246.384
246.44
246.494
246.548
246.601
246.653
246.704
246.754
246.803
246.851
246.898
246.944
246.989
247.033
247.076
247.118
247.159
247.199
247.239
247.277
247.314
247.351
247.386
247.421
247.455
247.488
247.52
247.551
247.582
247.612
247.641
247.669
247.696
247.723
247.749
247.774
247.798
247.822
247.845
247.868
247.889
247.911
247.931
247.951
247.97
247.988
248.006
248.024
248.04
248.056
248.072
248.087
248.101
248.115
248.129
248.142
248.154
248.166
248.178
248.189
248.2
248.21
248.22
248.229
248.238
248.247
248.256
248.264
248.271
248.279
248.286
248.293
248.3
248.306
248.312
248.318
248.323
248.329
248.333
248.339
248.343
248.348
248.351
248.356
248.359
248.364
248.367
248.372
248.374
248.382
)
;

boundaryField
{
    sides
    {
        type            zeroGradient;
    }
    empty
    {
        type            empty;
    }
}


// ************************************************************************* //
