/*--------------------------------*- C++ -*----------------------------------*\
| =========                 |                                                 |
| \\      /  F ield         | OpenFOAM: The Open Source CFD Toolbox           |
|  \\    /   O peration     | Version:  2406                                  |
|   \\  /    A nd           | Website:  www.openfoam.com                      |
|    \\/     M anipulation  |                                                 |
\*---------------------------------------------------------------------------*/
FoamFile
{
    version     2.0;
    format      ascii;
    arch        "LSB;label=32;scalar=64";
    class       volVectorField;
    location    "0.03";
    object      U;
}
// * * * * * * * * * * * * * * * * * * * * * * * * * * * * * * * * * * * * * //

dimensions      [0 1 -1 0 0 0 0];

internalField   nonuniform List<vector> 
1000
(
(13.052 0 0)
(13.5551 0 0)
(14.0974 0 0)
(14.5429 0 0)
(14.9511 0 0)
(15.3641 0 0)
(15.7859 0 0)
(16.2102 0 0)
(16.6338 0 0)
(17.0566 0 0)
(17.4792 0 0)
(17.9019 0 0)
(18.3249 0 0)
(18.748 0 0)
(19.1711 0 0)
(19.5944 0 0)
(20.0177 0 0)
(20.441 0 0)
(20.8644 0 0)
(21.2877 0 0)
(21.711 0 0)
(22.1344 0 0)
(22.5578 0 0)
(22.9812 0 0)
(23.4047 0 0)
(23.8282 0 0)
(24.2518 0 0)
(24.6754 0 0)
(25.099 0 0)
(25.5227 0 0)
(25.9464 0 0)
(26.3701 0 0)
(26.7939 0 0)
(27.2177 0 0)
(27.6416 0 0)
(28.0655 0 0)
(28.4895 0 0)
(28.9135 0 0)
(29.3375 0 0)
(29.7616 0 0)
(30.1857 0 0)
(30.6099 0 0)
(31.0341 0 0)
(31.4584 0 0)
(31.8827 0 0)
(32.307 0 0)
(32.7314 0 0)
(33.1558 0 0)
(33.5803 0 0)
(34.0048 0 0)
(34.4293 0 0)
(34.8539 0 0)
(35.2785 0 0)
(35.7032 0 0)
(36.1279 0 0)
(36.5526 0 0)
(36.9774 0 0)
(37.4023 0 0)
(37.8271 0 0)
(38.252 0 0)
(38.677 0 0)
(39.102 0 0)
(39.527 0 0)
(39.952 0 0)
(40.3772 0 0)
(40.8023 0 0)
(41.2275 0 0)
(41.6527 0 0)
(42.078 0 0)
(42.5033 0 0)
(42.9286 0 0)
(43.354 0 0)
(43.7794 0 0)
(44.2048 0 0)
(44.6303 0 0)
(45.0559 0 0)
(45.4814 0 0)
(45.907 0 0)
(46.3327 0 0)
(46.7584 0 0)
(47.1841 0 0)
(47.6098 0 0)
(48.0356 0 0)
(48.4615 0 0)
(48.8873 0 0)
(49.3132 0 0)
(49.7392 0 0)
(50.1651 0 0)
(50.5911 0 0)
(51.0172 0 0)
(51.4433 0 0)
(51.8694 0 0)
(52.2955 0 0)
(52.7217 0 0)
(53.148 0 0)
(53.5742 0 0)
(54.0005 0 0)
(54.4269 0 0)
(54.8532 0 0)
(55.2796 0 0)
(55.7061 0 0)
(56.1325 0 0)
(56.559 0 0)
(56.9856 0 0)
(57.4121 0 0)
(57.8387 0 0)
(58.2654 0 0)
(58.692 0 0)
(59.1187 0 0)
(59.5454 0 0)
(59.9722 0 0)
(60.399 0 0)
(60.8258 0 0)
(61.2527 0 0)
(61.6796 0 0)
(62.1065 0 0)
(62.5335 0 0)
(62.9604 0 0)
(63.3874 0 0)
(63.8145 0 0)
(64.2416 0 0)
(64.6687 0 0)
(65.0958 0 0)
(65.523 0 0)
(65.9502 0 0)
(66.3774 0 0)
(66.8046 0 0)
(67.2319 0 0)
(67.6592 0 0)
(68.0866 0 0)
(68.5139 0 0)
(68.9413 0 0)
(69.3688 0 0)
(69.7962 0 0)
(70.2237 0 0)
(70.6512 0 0)
(71.0788 0 0)
(71.5063 0 0)
(71.9339 0 0)
(72.3616 0 0)
(72.7892 0 0)
(73.2169 0 0)
(73.6446 0 0)
(74.0723 0 0)
(74.5001 0 0)
(74.9279 0 0)
(75.3557 0 0)
(75.7835 0 0)
(76.2114 0 0)
(76.6393 0 0)
(77.0672 0 0)
(77.4951 0 0)
(77.9231 0 0)
(78.3511 0 0)
(78.7791 0 0)
(79.2071 0 0)
(79.6351 0 0)
(80.0632 0 0)
(80.4913 0 0)
(80.9194 0 0)
(81.3476 0 0)
(81.7757 0 0)
(82.2039 0 0)
(82.6321 0 0)
(83.0603 0 0)
(83.4886 0 0)
(83.9169 0 0)
(84.3451 0 0)
(84.7734 0 0)
(85.2018 0 0)
(85.6301 0 0)
(86.0585 0 0)
(86.4868 0 0)
(86.9152 0 0)
(87.3436 0 0)
(87.772 0 0)
(88.2005 0 0)
(88.6289 0 0)
(89.0574 0 0)
(89.4859 0 0)
(89.9144 0 0)
(90.3429 0 0)
(90.7714 0 0)
(91.2 0 0)
(91.6285 0 0)
(92.0571 0 0)
(92.4857 0 0)
(92.9142 0 0)
(93.3428 0 0)
(93.7715 0 0)
(94.2001 0 0)
(94.6287 0 0)
(95.0573 0 0)
(95.486 0 0)
(95.9146 0 0)
(96.3433 0 0)
(96.772 0 0)
(97.2007 0 0)
(97.6293 0 0)
(98.058 0 0)
(98.4867 0 0)
(98.9154 0 0)
(99.3441 0 0)
(99.7728 0 0)
(100.202 0 0)
(100.63 0 0)
(101.059 0 0)
(101.488 0 0)
(101.916 0 0)
(102.345 0 0)
(102.774 0 0)
(103.203 0 0)
(103.631 0 0)
(104.06 0 0)
(104.489 0 0)
(104.917 0 0)
(105.346 0 0)
(105.775 0 0)
(106.203 0 0)
(106.632 0 0)
(107.061 0 0)
(107.489 0 0)
(107.918 0 0)
(108.347 0 0)
(108.775 0 0)
(109.204 0 0)
(109.633 0 0)
(110.061 0 0)
(110.49 0 0)
(110.918 0 0)
(111.347 0 0)
(111.775 0 0)
(112.204 0 0)
(112.632 0 0)
(113.061 0 0)
(113.489 0 0)
(113.918 0 0)
(114.346 0 0)
(114.775 0 0)
(115.203 0 0)
(115.631 0 0)
(116.06 0 0)
(116.488 0 0)
(116.916 0 0)
(117.344 0 0)
(117.773 0 0)
(118.201 0 0)
(118.629 0 0)
(119.057 0 0)
(119.485 0 0)
(119.913 0 0)
(120.341 0 0)
(120.769 0 0)
(121.197 0 0)
(121.624 0 0)
(122.052 0 0)
(122.48 0 0)
(122.908 0 0)
(123.335 0 0)
(123.763 0 0)
(124.19 0 0)
(124.618 0 0)
(125.045 0 0)
(125.473 0 0)
(125.9 0 0)
(126.327 0 0)
(126.754 0 0)
(127.181 0 0)
(127.609 0 0)
(128.035 0 0)
(128.462 0 0)
(128.889 0 0)
(129.316 0 0)
(129.743 0 0)
(130.169 0 0)
(130.596 0 0)
(131.022 0 0)
(131.448 0 0)
(131.874 0 0)
(132.301 0 0)
(132.727 0 0)
(133.153 0 0)
(133.578 0 0)
(134.004 0 0)
(134.43 0 0)
(134.855 0 0)
(135.281 0 0)
(135.706 0 0)
(136.131 0 0)
(136.556 0 0)
(136.981 0 0)
(137.406 0 0)
(137.83 0 0)
(138.255 0 0)
(138.679 0 0)
(139.103 0 0)
(139.527 0 0)
(139.951 0 0)
(140.375 0 0)
(140.798 0 0)
(141.222 0 0)
(141.645 0 0)
(142.068 0 0)
(142.491 0 0)
(142.914 0 0)
(143.336 0 0)
(143.758 0 0)
(144.18 0 0)
(144.602 0 0)
(145.024 0 0)
(145.445 0 0)
(145.867 0 0)
(146.288 0 0)
(146.708 0 0)
(147.129 0 0)
(147.549 0 0)
(147.969 0 0)
(148.389 0 0)
(148.809 0 0)
(149.228 0 0)
(149.647 0 0)
(150.065 0 0)
(150.484 0 0)
(150.902 0 0)
(151.319 0 0)
(151.737 0 0)
(152.154 0 0)
(152.571 0 0)
(152.987 0 0)
(153.403 0 0)
(153.819 0 0)
(154.234 0 0)
(154.649 0 0)
(155.063 0 0)
(155.478 0 0)
(155.891 0 0)
(156.304 0 0)
(156.717 0 0)
(157.13 0 0)
(157.541 0 0)
(157.953 0 0)
(158.364 0 0)
(158.774 0 0)
(159.184 0 0)
(159.593 0 0)
(160.002 0 0)
(160.41 0 0)
(160.818 0 0)
(161.225 0 0)
(161.631 0 0)
(162.037 0 0)
(162.442 0 0)
(162.847 0 0)
(163.251 0 0)
(163.654 0 0)
(164.056 0 0)
(164.458 0 0)
(164.859 0 0)
(165.259 0 0)
(165.658 0 0)
(166.056 0 0)
(166.454 0 0)
(166.85 0 0)
(167.246 0 0)
(167.641 0 0)
(168.035 0 0)
(168.428 0 0)
(168.82 0 0)
(169.212 0 0)
(169.603 0 0)
(169.993 0 0)
(170.382 0 0)
(170.769 0 0)
(171.155 0 0)
(171.54 0 0)
(171.923 0 0)
(172.305 0 0)
(172.686 0 0)
(173.065 0 0)
(173.444 0 0)
(173.82 0 0)
(174.196 0 0)
(174.57 0 0)
(174.942 0 0)
(175.313 0 0)
(175.683 0 0)
(176.051 0 0)
(176.417 0 0)
(176.782 0 0)
(177.145 0 0)
(177.506 0 0)
(177.866 0 0)
(178.223 0 0)
(178.579 0 0)
(178.933 0 0)
(179.285 0 0)
(179.635 0 0)
(179.984 0 0)
(180.33 0 0)
(180.674 0 0)
(181.016 0 0)
(181.355 0 0)
(181.693 0 0)
(182.028 0 0)
(182.362 0 0)
(182.692 0 0)
(183.021 0 0)
(183.347 0 0)
(183.671 0 0)
(183.992 0 0)
(184.311 0 0)
(184.628 0 0)
(184.942 0 0)
(185.253 0 0)
(185.562 0 0)
(185.868 0 0)
(186.172 0 0)
(186.473 0 0)
(186.771 0 0)
(187.067 0 0)
(187.36 0 0)
(187.651 0 0)
(187.939 0 0)
(188.224 0 0)
(188.506 0 0)
(188.786 0 0)
(189.063 0 0)
(189.338 0 0)
(189.61 0 0)
(189.879 0 0)
(190.146 0 0)
(190.41 0 0)
(190.672 0 0)
(190.931 0 0)
(191.188 0 0)
(191.442 0 0)
(191.694 0 0)
(191.943 0 0)
(192.191 0 0)
(192.436 0 0)
(192.678 0 0)
(192.919 0 0)
(193.157 0 0)
(193.394 0 0)
(193.628 0 0)
(193.861 0 0)
(194.091 0 0)
(194.32 0 0)
(194.547 0 0)
(194.773 0 0)
(194.997 0 0)
(195.219 0 0)
(195.44 0 0)
(195.659 0 0)
(195.877 0 0)
(196.094 0 0)
(196.309 0 0)
(196.524 0 0)
(196.737 0 0)
(196.949 0 0)
(197.161 0 0)
(197.371 0 0)
(197.58 0 0)
(197.789 0 0)
(197.997 0 0)
(198.204 0 0)
(198.411 0 0)
(198.617 0 0)
(198.822 0 0)
(199.027 0 0)
(199.231 0 0)
(199.435 0 0)
(199.638 0 0)
(199.842 0 0)
(200.044 0 0)
(200.247 0 0)
(200.449 0 0)
(200.651 0 0)
(200.853 0 0)
(201.054 0 0)
(201.256 0 0)
(201.457 0 0)
(201.658 0 0)
(201.859 0 0)
(202.06 0 0)
(202.26 0 0)
(202.461 0 0)
(202.662 0 0)
(202.862 0 0)
(203.063 0 0)
(203.263 0 0)
(203.463 0 0)
(203.664 0 0)
(203.864 0 0)
(204.065 0 0)
(204.265 0 0)
(204.465 0 0)
(204.666 0 0)
(204.866 0 0)
(205.067 0 0)
(205.267 0 0)
(205.468 0 0)
(205.668 0 0)
(205.869 0 0)
(206.069 0 0)
(206.27 0 0)
(206.471 0 0)
(206.671 0 0)
(206.872 0 0)
(207.073 0 0)
(207.274 0 0)
(207.475 0 0)
(207.676 0 0)
(207.877 0 0)
(208.078 0 0)
(208.279 0 0)
(208.48 0 0)
(208.681 0 0)
(208.882 0 0)
(209.084 0 0)
(209.285 0 0)
(209.486 0 0)
(209.688 0 0)
(209.889 0 0)
(210.091 0 0)
(210.292 0 0)
(210.494 0 0)
(210.695 0 0)
(210.897 0 0)
(211.099 0 0)
(211.3 0 0)
(211.502 0 0)
(211.704 0 0)
(211.906 0 0)
(212.108 0 0)
(212.31 0 0)
(212.512 0 0)
(212.714 0 0)
(212.916 0 0)
(213.119 0 0)
(213.321 0 0)
(213.523 0 0)
(213.725 0 0)
(213.928 0 0)
(214.13 0 0)
(214.333 0 0)
(214.535 0 0)
(214.738 0 0)
(214.94 0 0)
(215.143 0 0)
(215.346 0 0)
(215.548 0 0)
(215.751 0 0)
(215.954 0 0)
(216.157 0 0)
(216.36 0 0)
(216.563 0 0)
(216.766 0 0)
(216.969 0 0)
(217.172 0 0)
(217.375 0 0)
(217.578 0 0)
(217.782 0 0)
(217.985 0 0)
(218.188 0 0)
(218.392 0 0)
(218.595 0 0)
(218.798 0 0)
(219.002 0 0)
(219.205 0 0)
(219.409 0 0)
(219.613 0 0)
(219.816 0 0)
(220.02 0 0)
(220.224 0 0)
(220.428 0 0)
(220.632 0 0)
(220.835 0 0)
(221.039 0 0)
(221.243 0 0)
(221.447 0 0)
(221.651 0 0)
(221.856 0 0)
(222.06 0 0)
(222.264 0 0)
(222.468 0 0)
(222.672 0 0)
(222.877 0 0)
(223.081 0 0)
(223.285 0 0)
(223.49 0 0)
(223.694 0 0)
(223.899 0 0)
(224.103 0 0)
(224.308 0 0)
(224.513 0 0)
(224.717 0 0)
(224.922 0 0)
(225.127 0 0)
(225.332 0 0)
(225.537 0 0)
(225.741 0 0)
(225.946 0 0)
(226.151 0 0)
(226.356 0 0)
(226.561 0 0)
(226.766 0 0)
(226.972 0 0)
(227.177 0 0)
(227.382 0 0)
(227.587 0 0)
(227.792 0 0)
(227.998 0 0)
(228.203 0 0)
(228.409 0 0)
(228.614 0 0)
(228.819 0 0)
(229.025 0 0)
(229.23 0 0)
(229.436 0 0)
(229.642 0 0)
(229.847 0 0)
(230.053 0 0)
(230.259 0 0)
(230.464 0 0)
(230.67 0 0)
(230.876 0 0)
(231.082 0 0)
(231.288 0 0)
(231.494 0 0)
(231.7 0 0)
(231.906 0 0)
(232.112 0 0)
(232.318 0 0)
(232.524 0 0)
(232.73 0 0)
(232.936 0 0)
(233.142 0 0)
(233.349 0 0)
(233.555 0 0)
(233.761 0 0)
(233.968 0 0)
(234.174 0 0)
(234.38 0 0)
(234.587 0 0)
(234.793 0 0)
(235 0 0)
(235.206 0 0)
(235.413 0 0)
(235.619 0 0)
(235.826 0 0)
(236.033 0 0)
(236.239 0 0)
(236.446 0 0)
(236.653 0 0)
(236.859 0 0)
(237.066 0 0)
(237.273 0 0)
(237.48 0 0)
(237.687 0 0)
(237.894 0 0)
(238.1 0 0)
(238.307 0 0)
(238.514 0 0)
(238.721 0 0)
(238.928 0 0)
(239.135 0 0)
(239.342 0 0)
(239.55 0 0)
(239.757 0 0)
(239.964 0 0)
(240.171 0 0)
(240.378 0 0)
(240.585 0 0)
(240.793 0 0)
(241 0 0)
(241.207 0 0)
(241.414 0 0)
(241.622 0 0)
(241.829 0 0)
(242.036 0 0)
(242.244 0 0)
(242.451 0 0)
(242.659 0 0)
(242.866 0 0)
(243.074 0 0)
(243.281 0 0)
(243.488 0 0)
(243.696 0 0)
(243.904 0 0)
(244.111 0 0)
(244.319 0 0)
(244.526 0 0)
(244.734 0 0)
(244.941 0 0)
(245.149 0 0)
(245.357 0 0)
(245.564 0 0)
(245.772 0 0)
(245.98 0 0)
(246.187 0 0)
(246.395 0 0)
(246.603 0 0)
(246.81 0 0)
(247.018 0 0)
(247.226 0 0)
(247.434 0 0)
(247.641 0 0)
(247.849 0 0)
(248.057 0 0)
(248.265 0 0)
(248.472 0 0)
(248.68 0 0)
(248.888 0 0)
(249.096 0 0)
(249.304 0 0)
(249.511 0 0)
(249.719 0 0)
(249.927 0 0)
(250.135 0 0)
(250.343 0 0)
(250.55 0 0)
(250.758 0 0)
(250.966 0 0)
(251.174 0 0)
(251.382 0 0)
(251.589 0 0)
(251.797 0 0)
(252.005 0 0)
(252.213 0 0)
(252.421 0 0)
(252.628 0 0)
(252.836 0 0)
(253.044 0 0)
(253.252 0 0)
(253.459 0 0)
(253.667 0 0)
(253.875 0 0)
(254.082 0 0)
(254.29 0 0)
(254.498 0 0)
(254.705 0 0)
(254.913 0 0)
(255.121 0 0)
(255.328 0 0)
(255.536 0 0)
(255.743 0 0)
(255.951 0 0)
(256.159 0 0)
(256.366 0 0)
(256.573 0 0)
(256.781 0 0)
(256.988 0 0)
(257.196 0 0)
(257.403 0 0)
(257.61 0 0)
(257.818 0 0)
(258.025 0 0)
(258.232 0 0)
(258.439 0 0)
(258.647 0 0)
(258.854 0 0)
(259.061 0 0)
(259.268 0 0)
(259.475 0 0)
(259.682 0 0)
(259.889 0 0)
(260.096 0 0)
(260.303 0 0)
(260.509 0 0)
(260.716 0 0)
(260.923 0 0)
(261.129 0 0)
(261.336 0 0)
(261.543 0 0)
(261.749 0 0)
(261.955 0 0)
(262.162 0 0)
(262.368 0 0)
(262.574 0 0)
(262.781 0 0)
(262.987 0 0)
(263.193 0 0)
(263.399 0 0)
(263.604 0 0)
(263.81 0 0)
(264.016 0 0)
(264.222 0 0)
(264.427 0 0)
(264.633 0 0)
(264.838 0 0)
(265.043 0 0)
(265.249 0 0)
(265.454 0 0)
(265.659 0 0)
(265.864 0 0)
(266.068 0 0)
(266.273 0 0)
(266.478 0 0)
(266.682 0 0)
(266.887 0 0)
(267.091 0 0)
(267.295 0 0)
(267.499 0 0)
(267.703 0 0)
(267.907 0 0)
(268.11 0 0)
(268.314 0 0)
(268.517 0 0)
(268.72 0 0)
(268.923 0 0)
(269.126 0 0)
(269.329 0 0)
(269.532 0 0)
(269.734 0 0)
(269.937 0 0)
(270.139 0 0)
(270.341 0 0)
(270.542 0 0)
(270.744 0 0)
(270.945 0 0)
(271.147 0 0)
(271.348 0 0)
(271.548 0 0)
(271.749 0 0)
(271.949 0 0)
(272.149 0 0)
(272.349 0 0)
(272.549 0 0)
(272.748 0 0)
(272.948 0 0)
(273.147 0 0)
(273.345 0 0)
(273.544 0 0)
(273.742 0 0)
(273.94 0 0)
(274.137 0 0)
(274.334 0 0)
(274.531 0 0)
(274.728 0 0)
(274.924 0 0)
(275.12 0 0)
(275.315 0 0)
(275.51 0 0)
(275.705 0 0)
(275.899 0 0)
(276.093 0 0)
(276.286 0 0)
(276.479 0 0)
(276.671 0 0)
(276.862 0 0)
(277.053 0 0)
(277.244 0 0)
(277.433 0 0)
(277.622 0 0)
(277.81 0 0)
(277.998 0 0)
(278.184 0 0)
(278.37 0 0)
(278.555 0 0)
(278.739 0 0)
(278.921 0 0)
(279.103 0 0)
(279.283 0 0)
(279.463 0 0)
(279.641 0 0)
(279.817 0 0)
(279.992 0 0)
(280.166 0 0)
(280.338 0 0)
(280.508 0 0)
(280.677 0 0)
(280.844 0 0)
(281.009 0 0)
(281.172 0 0)
(281.333 0 0)
(281.492 0 0)
(281.649 0 0)
(281.803 0 0)
(281.956 0 0)
(282.106 0 0)
(282.254 0 0)
(282.4 0 0)
(282.543 0 0)
(282.684 0 0)
(282.823 0 0)
(282.959 0 0)
(283.093 0 0)
(283.224 0 0)
(283.353 0 0)
(283.481 0 0)
(283.605 0 0)
(283.728 0 0)
(283.849 0 0)
(283.968 0 0)
(284.085 0 0)
(284.2 0 0)
(284.314 0 0)
(284.426 0 0)
(284.536 0 0)
(284.646 0 0)
(284.754 0 0)
(284.861 0 0)
(284.967 0 0)
(285.072 0 0)
(285.177 0 0)
(285.281 0 0)
(285.384 0 0)
(285.487 0 0)
(285.589 0 0)
(285.691 0 0)
(285.793 0 0)
(285.895 0 0)
(285.997 0 0)
(286.098 0 0)
(286.199 0 0)
(286.3 0 0)
(286.402 0 0)
(286.503 0 0)
(286.603 0 0)
(286.704 0 0)
(286.805 0 0)
(286.905 0 0)
(287.005 0 0)
(287.104 0 0)
(287.204 0 0)
(287.303 0 0)
(287.401 0 0)
(287.499 0 0)
(287.596 0 0)
(287.692 0 0)
(287.787 0 0)
(287.882 0 0)
(287.976 0 0)
(288.069 0 0)
(288.16 0 0)
(288.251 0 0)
(288.34 0 0)
(288.428 0 0)
(288.515 0 0)
(288.601 0 0)
(288.685 0 0)
(288.768 0 0)
(288.85 0 0)
(288.93 0 0)
(289.008 0 0)
(289.085 0 0)
(289.16 0 0)
(289.234 0 0)
(289.307 0 0)
(289.377 0 0)
(289.447 0 0)
(289.514 0 0)
(289.58 0 0)
(289.645 0 0)
(289.707 0 0)
(289.769 0 0)
(289.828 0 0)
(289.886 0 0)
(289.943 0 0)
(289.997 0 0)
(290.051 0 0)
(290.102 0 0)
(290.152 0 0)
(290.201 0 0)
(290.248 0 0)
(290.293 0 0)
(290.337 0 0)
(290.379 0 0)
(290.42 0 0)
(290.459 0 0)
(290.497 0 0)
(290.533 0 0)
(290.568 0 0)
(290.601 0 0)
(290.633 0 0)
(290.664 0 0)
(290.693 0 0)
(290.721 0 0)
(290.748 0 0)
(290.773 0 0)
(290.798 0 0)
(290.821 0 0)
(290.843 0 0)
(290.863 0 0)
(290.883 0 0)
(290.902 0 0)
(290.92 0 0)
(290.937 0 0)
(290.953 0 0)
(290.968 0 0)
(290.982 0 0)
(290.995 0 0)
(291.008 0 0)
(291.019 0 0)
(291.03 0 0)
(291.04 0 0)
(291.048 0 0)
(291.054 0 0)
(291.066 0 0)
)
;

boundaryField
{
    sides
    {
        type            zeroGradient;
    }
    empty
    {
        type            empty;
    }
}


// ************************************************************************* //
