/*--------------------------------*- C++ -*----------------------------------*\
| =========                 |                                                 |
| \\      /  F ield         | OpenFOAM: The Open Source CFD Toolbox           |
|  \\    /   O peration     | Version:  2406                                  |
|   \\  /    A nd           | Website:  www.openfoam.com                      |
|    \\/     M anipulation  |                                                 |
\*---------------------------------------------------------------------------*/
FoamFile
{
    version     2.0;
    format      ascii;
    arch        "LSB;label=32;scalar=64";
    class       volScalarField;
    location    "0.017";
    object      mag(U);
}
// * * * * * * * * * * * * * * * * * * * * * * * * * * * * * * * * * * * * * //

dimensions      [0 1 -1 0 0 0 0];

internalField   nonuniform List<scalar> 
1000
(
4.36319
5.75465
6.55922
7.37895
8.25627
9.13557
10.0061
10.8751
11.7454
12.6163
13.4872
14.3581
15.2291
16.1002
16.9714
17.8427
18.7141
19.5856
20.4572
21.3288
22.2006
23.0724
23.9443
24.8163
25.6883
26.5604
27.4326
28.3048
29.1771
30.0494
30.9218
31.7942
32.6667
33.5392
34.4117
35.2843
36.1569
37.0294
37.902
38.7747
39.6473
40.5199
41.3925
42.2651
43.1376
44.0102
44.8827
45.7552
46.6277
47.5001
48.3724
49.2447
50.117
50.9891
51.8612
52.7332
53.6052
54.477
55.3487
56.2203
57.0918
57.9632
58.8344
59.7055
60.5765
61.4473
62.3179
63.1884
64.0587
64.9288
65.7987
66.6683
67.5378
68.407
69.276
70.1448
71.0133
71.8815
72.7494
73.617
74.4844
75.3514
76.218
77.0844
77.9503
78.8159
79.6811
80.546
81.4103
82.2743
83.1378
84.0008
84.8634
85.7254
86.587
87.448
88.3084
89.1682
90.0275
90.8861
91.7441
92.6014
93.458
94.3138
95.169
96.0233
96.8768
97.7295
98.5814
99.4323
100.282
101.131
101.979
102.826
103.672
104.517
105.36
106.203
107.044
107.884
108.722
109.559
110.395
111.229
112.061
112.892
113.721
114.548
115.374
116.197
117.019
117.838
118.655
119.47
120.283
121.093
121.901
122.706
123.509
124.309
125.106
125.9
126.69
127.478
128.262
129.043
129.82
130.594
131.364
132.13
132.892
133.649
134.403
135.152
135.896
136.636
137.371
138.102
138.827
139.547
140.262
140.972
141.676
142.375
143.069
143.756
144.438
145.114
145.784
146.449
147.107
147.759
148.406
149.046
149.681
150.31
150.932
151.549
152.16
152.766
153.365
153.959
154.548
155.131
155.709
156.282
156.85
157.414
157.972
158.526
159.076
159.621
160.163
160.701
161.235
161.766
162.293
162.818
163.339
163.858
164.374
164.887
165.399
165.908
166.416
166.921
167.425
167.927
168.428
168.928
169.426
169.924
170.42
170.915
171.41
171.904
172.397
172.889
173.381
173.873
174.364
174.854
175.345
175.835
176.324
176.814
177.303
177.792
178.281
178.769
179.258
179.746
180.235
180.723
181.211
181.699
182.187
182.675
183.163
183.65
184.138
184.626
185.113
185.601
186.088
186.576
187.063
187.551
188.038
188.526
189.013
189.5
189.988
190.475
190.962
191.449
191.937
192.424
192.911
193.398
193.885
194.372
194.859
195.346
195.833
196.32
196.807
197.294
197.78
198.267
198.754
199.241
199.727
200.214
200.701
201.187
201.674
202.16
202.647
203.133
203.619
204.106
204.592
205.078
205.564
206.051
206.537
207.023
207.509
207.995
208.481
208.967
209.452
209.938
210.424
210.91
211.395
211.881
212.366
212.852
213.337
213.823
214.308
214.793
215.278
215.763
216.248
216.733
217.218
217.703
218.188
218.673
219.157
219.642
220.126
220.611
221.095
221.579
222.063
222.547
223.031
223.515
223.999
224.483
224.967
225.45
225.934
226.417
226.9
227.383
227.866
228.349
228.832
229.315
229.797
230.28
230.762
231.245
231.727
232.209
232.691
233.172
233.654
234.135
234.617
235.098
235.579
236.06
236.541
237.021
237.502
237.982
238.462
238.942
239.422
239.901
240.381
240.86
241.339
241.817
242.296
242.774
243.252
243.73
244.208
244.685
245.163
245.64
246.116
246.593
247.069
247.545
248.02
248.496
248.97
249.445
249.92
250.394
250.867
251.341
251.814
252.286
252.758
253.23
253.702
254.173
254.643
255.113
255.583
256.052
256.521
256.989
257.457
257.924
258.391
258.857
259.323
259.788
260.252
260.715
261.178
261.641
262.102
262.563
263.023
263.482
263.941
264.399
264.855
265.311
265.766
266.22
266.673
267.125
267.576
268.026
268.474
268.922
269.368
269.812
270.256
270.698
271.139
271.578
272.016
272.452
272.886
273.318
273.749
274.178
274.605
275.03
275.453
275.874
276.292
276.708
277.122
277.533
277.941
278.347
278.749
279.149
279.546
279.94
280.33
280.717
281.1
281.479
281.855
282.227
282.594
282.958
283.317
283.671
284.02
284.365
284.704
285.039
285.367
285.691
286.008
286.32
286.625
286.924
287.217
287.503
287.783
288.055
288.321
288.579
288.83
289.073
289.309
289.537
289.758
289.97
290.175
290.371
290.56
290.741
290.913
291.078
291.235
291.384
291.525
291.658
291.784
291.903
292.014
292.118
292.215
292.306
292.39
292.469
292.541
292.607
292.668
292.725
292.776
292.822
292.865
292.903
292.938
292.969
292.997
293.022
293.045
293.065
293.082
293.098
293.112
293.124
293.134
293.144
293.152
293.159
293.165
293.17
293.174
293.178
293.182
293.184
293.187
293.189
293.191
293.192
293.193
293.195
293.195
293.196
293.197
293.197
293.198
293.198
293.199
293.199
293.199
293.199
293.2
293.2
293.2
293.2
293.2
293.2
293.2
293.2
293.2
293.2
293.201
293.201
293.201
293.201
293.201
293.201
293.201
293.201
293.201
293.201
293.201
293.201
293.201
293.201
293.201
293.201
293.201
293.201
293.201
293.202
293.202
293.202
293.202
293.202
293.202
293.202
293.202
293.202
293.202
293.202
293.202
293.202
293.202
293.202
293.202
293.202
293.202
293.203
293.203
293.203
293.203
293.203
293.203
293.203
293.203
293.203
293.203
293.203
293.203
293.203
293.203
293.203
293.203
293.203
293.203
293.203
293.203
293.203
293.203
293.203
293.203
293.203
293.203
293.203
293.203
293.203
293.203
293.203
293.203
293.203
293.203
293.203
293.203
293.203
293.203
293.203
293.203
293.203
293.203
293.203
293.203
293.203
293.203
293.203
293.203
293.203
293.203
293.203
293.203
293.203
293.203
293.203
293.203
293.203
293.203
293.203
293.203
293.203
293.203
293.204
293.204
293.204
293.204
293.204
293.204
293.204
293.204
293.204
293.204
293.204
293.204
293.204
293.204
293.204
293.204
293.204
293.204
293.204
293.204
293.204
293.204
293.204
293.204
293.204
293.204
293.204
293.204
293.204
293.204
293.204
293.204
293.204
293.204
293.204
293.204
293.204
293.204
293.204
293.204
293.204
293.204
293.204
293.204
293.204
293.204
293.204
293.204
293.204
293.204
293.204
293.204
293.204
293.204
293.204
293.204
293.204
293.204
293.204
293.204
293.204
293.204
293.204
293.204
293.205
293.205
293.205
293.205
293.205
293.205
293.205
293.205
293.205
293.205
293.205
293.205
293.205
293.205
293.205
293.205
293.205
293.205
293.205
293.205
293.205
293.205
293.205
293.205
293.205
293.205
293.205
293.205
293.205
293.205
293.205
293.205
293.205
293.205
293.205
293.205
293.205
293.205
293.205
293.205
293.205
293.205
293.205
293.205
293.205
293.205
293.205
293.205
293.205
293.205
293.205
293.205
293.205
293.205
293.205
293.205
293.205
293.205
293.205
293.205
293.205
293.205
293.205
293.205
293.205
293.205
293.205
293.205
293.205
293.205
293.205
293.205
293.205
293.205
293.205
293.205
293.205
293.205
293.205
293.205
293.205
293.205
293.205
293.205
293.205
293.205
293.205
293.205
293.205
293.205
293.205
293.205
293.205
293.205
293.205
293.205
293.205
293.205
293.205
293.205
293.205
293.205
293.205
293.205
293.205
293.205
293.205
293.205
293.205
293.205
293.205
293.205
293.205
293.205
293.205
293.205
293.205
293.205
293.205
293.205
293.205
293.205
293.205
293.205
293.205
293.205
293.205
293.205
293.205
293.205
293.205
293.205
293.205
293.205
293.205
293.205
293.205
293.205
293.205
293.205
293.205
293.205
293.205
293.205
293.205
293.205
293.205
293.205
293.205
293.205
293.205
293.205
293.205
293.205
293.205
293.205
293.205
293.205
293.205
293.205
293.205
293.205
293.205
293.205
293.205
293.205
293.205
293.205
293.205
293.205
293.205
293.205
293.205
293.205
293.205
293.205
293.205
293.205
293.205
293.205
293.205
293.205
293.205
293.205
293.204
293.204
293.204
293.203
293.202
293.202
293.2
293.199
293.197
293.195
293.191
293.188
293.183
293.177
293.169
293.16
293.149
293.136
293.12
293.101
293.08
293.054
293.025
292.992
292.955
292.913
292.866
292.814
292.758
292.697
292.632
292.562
292.489
292.412
292.333
292.252
292.17
292.087
292.005
291.924
291.845
291.768
291.695
291.626
291.561
291.501
291.446
291.396
291.351
291.311
291.276
291.245
291.219
291.196
291.178
291.162
291.15
291.139
291.131
291.125
291.12
291.116
291.113
291.111
291.109
291.108
291.108
291.107
291.107
291.107
291.107
291.107
291.107
291.108
291.108
291.109
291.108
291.108
291.108
291.11
291.109
291.109
291.107
291.108
291.107
291.107
291.106
291.106
291.104
291.103
291.102
291.101
291.097
291.094
291.091
291.085
291.084
291.076
291.058
291.044
291.047
291.052
291.07
291.148
291.25
)
;

boundaryField
{
    sides
    {
        type            calculated;
        value           nonuniform List<scalar> 2(291.25 4.36319);
    }
    empty
    {
        type            empty;
    }
}


// ************************************************************************* //
