/*--------------------------------*- C++ -*----------------------------------*\
| =========                 |                                                 |
| \\      /  F ield         | OpenFOAM: The Open Source CFD Toolbox           |
|  \\    /   O peration     | Version:  2406                                  |
|   \\  /    A nd           | Website:  www.openfoam.com                      |
|    \\/     M anipulation  |                                                 |
\*---------------------------------------------------------------------------*/
FoamFile
{
    version     2.0;
    format      ascii;
    arch        "LSB;label=32;scalar=64";
    class       volScalarField;
    location    "0.027";
    object      mag(U);
}
// * * * * * * * * * * * * * * * * * * * * * * * * * * * * * * * * * * * * * //

dimensions      [0 1 -1 0 0 0 0];

internalField   nonuniform List<scalar> 
1000
(
11.4175
12.0167
12.6191
13.1167
13.582
14.0551
14.5373
15.0213
15.5046
15.9873
16.4701
16.953
17.4359
17.9188
18.4017
18.8845
19.3674
19.8504
20.3334
20.8165
21.2996
21.7827
22.2658
22.7491
23.2323
23.7157
24.1991
24.6825
25.166
25.6496
26.1332
26.6169
27.1006
27.5844
28.0682
28.5521
29.036
29.52
30.0041
30.4882
30.9724
31.4566
31.9408
32.4252
32.9096
33.394
33.8785
34.363
34.8476
35.3323
35.817
36.3018
36.7866
37.2714
37.7564
38.2413
38.7264
39.2114
39.6966
40.1818
40.667
41.1523
41.6376
42.123
42.6084
43.0939
43.5795
44.0651
44.5507
45.0364
45.5221
46.0079
46.4938
46.9797
47.4656
47.9516
48.4377
48.9238
49.4099
49.8961
50.3824
50.8687
51.355
51.8414
52.3279
52.8144
53.3009
53.7875
54.2742
54.7609
55.2476
55.7344
56.2212
56.7081
57.1951
57.682
58.1691
58.6561
59.1433
59.6305
60.1177
60.6049
61.0923
61.5796
62.067
62.5545
63.042
63.5296
64.0172
64.5048
64.9925
65.4802
65.968
66.4559
66.9437
67.4317
67.9196
68.4076
68.8957
69.3838
69.872
70.3601
70.8484
71.3367
71.825
72.3134
72.8018
73.2902
73.7787
74.2673
74.7559
75.2445
75.7332
76.2219
76.7107
77.1995
77.6883
78.1772
78.6661
79.1551
79.6441
80.1332
80.6223
81.1114
81.6006
82.0898
82.5791
83.0684
83.5578
84.0471
84.5366
85.026
85.5156
86.0051
86.4947
86.9843
87.474
87.9637
88.4534
88.9432
89.433
89.9229
90.4128
90.9027
91.3927
91.8827
92.3727
92.8628
93.3529
93.8431
94.3333
94.8235
95.3138
95.8041
96.2944
96.7848
97.2752
97.7656
98.2561
98.7466
99.2372
99.7278
100.218
100.709
101.2
101.69
102.181
102.672
103.163
103.654
104.144
104.635
105.126
105.617
106.108
106.599
107.09
107.581
108.072
108.564
109.055
109.546
110.037
110.528
111.02
111.511
112.002
112.494
112.985
113.476
113.968
114.459
114.951
115.442
115.934
116.425
116.917
117.409
117.9
118.392
118.883
119.375
119.867
120.359
120.85
121.342
121.834
122.326
122.817
123.309
123.801
124.293
124.785
125.276
125.768
126.26
126.752
127.244
127.736
128.228
128.72
129.212
129.704
130.196
130.688
131.18
131.672
132.164
132.656
133.148
133.639
134.131
134.623
135.115
135.607
136.099
136.591
137.083
137.575
138.067
138.559
139.051
139.543
140.035
140.527
141.019
141.511
142.002
142.494
142.986
143.478
143.97
144.461
144.953
145.445
145.936
146.428
146.92
147.411
147.903
148.394
148.886
149.377
149.869
150.36
150.852
151.343
151.834
152.325
152.816
153.308
153.799
154.29
154.781
155.271
155.762
156.253
156.744
157.234
157.725
158.215
158.706
159.196
159.686
160.177
160.667
161.157
161.647
162.137
162.626
163.116
163.605
164.095
164.584
165.073
165.562
166.051
166.54
167.029
167.518
168.006
168.494
168.983
169.471
169.959
170.446
170.934
171.421
171.909
172.396
172.883
173.369
173.856
174.342
174.828
175.314
175.8
176.285
176.771
177.256
177.741
178.225
178.709
179.193
179.677
180.161
180.644
181.127
181.61
182.092
182.574
183.056
183.537
184.018
184.499
184.979
185.459
185.938
186.418
186.896
187.375
187.853
188.33
188.807
189.284
189.76
190.235
190.71
191.185
191.659
192.132
192.605
193.077
193.549
194.02
194.49
194.96
195.429
195.897
196.364
196.831
197.297
197.762
198.227
198.69
199.153
199.615
200.076
200.536
200.995
201.453
201.909
202.365
202.82
203.274
203.726
204.177
204.627
205.075
205.522
205.968
206.413
206.857
207.3
207.742
208.181
208.619
209.055
209.489
209.921
210.352
210.78
211.207
211.632
212.056
212.477
212.896
213.313
213.727
214.14
214.55
214.958
215.364
215.767
216.168
216.566
216.962
217.355
217.746
218.133
218.518
218.9
219.279
219.656
220.029
220.399
220.766
221.13
221.491
221.849
222.204
222.555
222.903
223.248
223.589
223.927
224.262
224.593
224.921
225.246
225.567
225.885
226.2
226.511
226.819
227.123
227.425
227.723
228.018
228.31
228.599
228.884
229.167
229.447
229.724
229.998
230.27
230.538
230.805
231.069
231.33
231.589
231.846
232.101
232.354
232.605
232.854
233.101
233.346
233.59
233.833
234.074
234.313
234.552
234.789
235.025
235.26
235.494
235.727
235.959
236.191
236.421
236.652
236.881
237.11
237.338
237.566
237.794
238.021
238.248
238.475
238.701
238.927
239.153
239.378
239.604
239.829
240.054
240.279
240.504
240.729
240.954
241.178
241.403
241.628
241.852
242.077
242.301
242.526
242.75
242.975
243.199
243.424
243.648
243.872
244.097
244.321
244.546
244.77
244.995
245.219
245.444
245.668
245.893
246.117
246.342
246.567
246.791
247.016
247.24
247.465
247.69
247.914
248.139
248.363
248.588
248.813
249.037
249.262
249.487
249.711
249.936
250.161
250.385
250.61
250.835
251.06
251.284
251.509
251.734
251.958
252.183
252.408
252.632
252.857
253.081
253.306
253.531
253.755
253.98
254.204
254.429
254.653
254.878
255.102
255.327
255.551
255.776
256
256.224
256.449
256.673
256.897
257.121
257.346
257.57
257.794
258.018
258.242
258.466
258.69
258.914
259.138
259.362
259.585
259.809
260.033
260.256
260.48
260.703
260.927
261.15
261.374
261.597
261.82
262.043
262.266
262.489
262.712
262.935
263.157
263.38
263.603
263.825
264.047
264.27
264.492
264.714
264.936
265.158
265.379
265.601
265.822
266.044
266.265
266.486
266.707
266.928
267.149
267.369
267.59
267.81
268.03
268.25
268.47
268.689
268.909
269.128
269.347
269.566
269.785
270.003
270.222
270.44
270.658
270.875
271.093
271.31
271.527
271.744
271.96
272.176
272.392
272.608
272.823
273.038
273.253
273.467
273.682
273.895
274.109
274.322
274.535
274.747
274.96
275.171
275.383
275.594
275.804
276.014
276.224
276.433
276.642
276.85
277.058
277.265
277.472
277.678
277.884
278.089
278.294
278.498
278.702
278.905
279.107
279.309
279.509
279.71
279.909
280.108
280.306
280.504
280.701
280.896
281.092
281.286
281.479
281.672
281.863
282.054
282.244
282.433
282.621
282.808
282.994
283.178
283.362
283.545
283.726
283.907
284.086
284.264
284.441
284.616
284.791
284.963
285.135
285.305
285.474
285.642
285.808
285.972
286.135
286.297
286.457
286.615
286.772
286.927
287.08
287.232
287.382
287.53
287.677
287.821
287.964
288.105
288.244
288.381
288.517
288.65
288.781
288.91
289.038
289.163
289.286
289.407
289.526
289.643
289.758
289.871
289.981
290.089
290.196
290.3
290.401
290.501
290.598
290.694
290.787
290.877
290.966
291.052
291.137
291.219
291.298
291.376
291.452
291.525
291.596
291.666
291.733
291.798
291.861
291.922
291.981
292.038
292.093
292.146
292.197
292.246
292.294
292.34
292.384
292.426
292.467
292.506
292.543
292.579
292.613
292.646
292.678
292.708
292.736
292.764
292.79
292.814
292.838
292.86
292.881
292.902
292.921
292.939
292.956
292.972
292.988
293.002
293.016
293.029
293.041
293.052
293.063
293.073
293.082
293.091
293.1
293.107
293.115
293.122
293.128
293.134
293.139
293.145
293.149
293.154
293.158
293.162
293.165
293.169
293.172
293.175
293.177
293.18
293.182
293.184
293.186
293.188
293.189
293.191
293.192
293.193
293.194
293.195
293.196
293.197
293.198
293.199
293.199
293.2
293.2
293.201
293.201
293.201
293.201
293.201
293.201
293.201
293.201
293.2
293.2
293.199
293.198
293.197
293.196
293.194
293.192
293.19
293.188
293.185
293.181
293.178
293.173
293.168
293.163
293.156
293.149
293.142
293.133
293.123
293.112
293.1
293.087
293.073
293.057
293.04
293.021
293.001
292.979
292.956
292.931
292.904
292.875
292.844
292.812
292.778
292.742
292.705
292.665
292.625
292.582
292.539
292.494
292.447
292.4
292.352
292.303
292.254
292.204
292.154
292.104
292.054
292.004
291.955
291.907
291.859
291.812
291.767
291.723
291.68
291.639
291.6
291.562
291.525
291.491
291.459
291.428
291.399
291.372
291.346
291.323
291.301
291.281
291.262
291.245
291.229
291.215
291.202
291.19
291.18
291.17
291.162
291.154
291.147
291.141
291.136
291.131
291.127
291.124
291.121
291.119
291.117
291.115
291.114
291.113
291.113
291.113
291.113
291.113
291.113
291.114
291.116
291.117
291.119
291.121
291.124
291.126
291.129
291.132
291.135
291.138
291.141
291.144
291.148
291.151
291.154
291.157
291.161
291.164
291.167
291.17
291.172
291.175
291.177
291.179
291.181
291.183
291.185
291.187
291.188
291.189
291.19
291.191
291.192
291.192
291.193
291.193
291.193
291.193
291.194
291.194
291.194
)
;

boundaryField
{
    sides
    {
        type            calculated;
        value           nonuniform List<scalar> 2(291.194 11.4175);
    }
    empty
    {
        type            empty;
    }
}


// ************************************************************************* //
