/*--------------------------------*- C++ -*----------------------------------*\
| =========                 |                                                 |
| \\      /  F ield         | OpenFOAM: The Open Source CFD Toolbox           |
|  \\    /   O peration     | Version:  2406                                  |
|   \\  /    A nd           | Website:  www.openfoam.com                      |
|    \\/     M anipulation  |                                                 |
\*---------------------------------------------------------------------------*/
FoamFile
{
    version     2.0;
    format      ascii;
    arch        "LSB;label=32;scalar=64";
    class       volScalarField;
    location    "0.027";
    object      p;
}
// * * * * * * * * * * * * * * * * * * * * * * * * * * * * * * * * * * * * * //

dimensions      [1 -1 -2 0 0 0 0];

internalField   nonuniform List<scalar> 
1000
(
24127.4
24123.2
24118.3
24114
24110
24106.1
24102
24097.9
24093.8
24089.8
24085.7
24081.6
24077.5
24073.4
24069.4
24065.3
24061.2
24057.1
24053
24048.9
24044.8
24040.7
24036.6
24032.5
24028.4
24024.2
24020.1
24016
24011.9
24007.8
24003.6
23999.5
23995.4
23991.2
23987.1
23983
23978.8
23974.7
23970.5
23966.4
23962.2
23958.1
23953.9
23949.7
23945.6
23941.4
23937.2
23933
23928.9
23924.7
23920.5
23916.3
23912.1
23907.9
23903.7
23899.5
23895.3
23891.1
23886.9
23882.7
23878.5
23874.3
23870.1
23865.8
23861.6
23857.4
23853.1
23848.9
23844.7
23840.4
23836.2
23831.9
23827.7
23823.4
23819.2
23814.9
23810.6
23806.4
23802.1
23797.8
23793.5
23789.3
23785
23780.7
23776.4
23772.1
23767.8
23763.5
23759.2
23754.9
23750.6
23746.3
23742
23737.6
23733.3
23729
23724.7
23720.3
23716
23711.6
23707.3
23703
23698.6
23694.3
23689.9
23685.5
23681.2
23676.8
23672.4
23668.1
23663.7
23659.3
23654.9
23650.5
23646.1
23641.8
23637.4
23633
23628.6
23624.1
23619.7
23615.3
23610.9
23606.5
23602.1
23597.6
23593.2
23588.8
23584.3
23579.9
23575.5
23571
23566.6
23562.1
23557.6
23553.2
23548.7
23544.3
23539.8
23535.3
23530.8
23526.4
23521.9
23517.4
23512.9
23508.4
23503.9
23499.4
23494.9
23490.4
23485.9
23481.4
23476.9
23472.3
23467.8
23463.3
23458.8
23454.2
23449.7
23445.2
23440.6
23436.1
23431.5
23427
23422.4
23417.9
23413.3
23408.7
23404.2
23399.6
23395
23390.4
23385.9
23381.3
23376.7
23372.1
23367.5
23362.9
23358.3
23353.7
23349.1
23344.5
23339.9
23335.3
23330.7
23326.1
23321.4
23316.8
23312.2
23307.6
23302.9
23298.3
23293.7
23289
23284.4
23279.7
23275.1
23270.4
23265.8
23261.1
23256.5
23251.8
23247.1
23242.5
23237.8
23233.1
23228.5
23223.8
23219.1
23214.4
23209.7
23205
23200.4
23195.7
23191
23186.3
23181.6
23176.9
23172.2
23167.5
23162.8
23158.1
23153.4
23148.7
23143.9
23139.2
23134.5
23129.8
23125.1
23120.4
23115.6
23110.9
23106.2
23101.5
23096.7
23092
23087.3
23082.5
23077.8
23073.1
23068.3
23063.6
23058.9
23054.1
23049.4
23044.6
23039.9
23035.2
23030.4
23025.7
23020.9
23016.2
23011.4
23006.7
23002
22997.2
22992.5
22987.7
22983
22978.2
22973.5
22968.7
22964
22959.3
22954.5
22949.8
22945
22940.3
22935.6
22930.8
22926.1
22921.4
22916.6
22911.9
22907.2
22902.4
22897.7
22893
22888.3
22883.5
22878.8
22874.1
22869.4
22864.7
22860
22855.3
22850.6
22845.9
22841.2
22836.5
22831.8
22827.2
22822.5
22817.8
22813.1
22808.5
22803.8
22799.2
22794.5
22789.9
22785.3
22780.6
22776
22771.4
22766.8
22762.2
22757.6
22753.1
22748.5
22743.9
22739.4
22734.8
22730.3
22725.7
22721.2
22716.7
22712.2
22707.7
22703.3
22698.8
22694.4
22689.9
22685.5
22681.1
22676.7
22672.3
22668
22663.6
22659.3
22654.9
22650.6
22646.4
22642.1
22637.8
22633.6
22629.4
22625.2
22621
22616.9
22612.8
22608.7
22604.6
22600.5
22596.5
22592.5
22588.5
22584.6
22580.6
22576.7
22572.9
22569
22565.2
22561.5
22557.7
22554
22550.4
22546.7
22543.1
22539.6
22536.1
22532.6
22529.2
22525.8
22522.4
22519.1
22515.9
22512.7
22509.6
22506.5
22503.4
22500.4
22497.5
22494.6
22491.8
22489.1
22486.4
22483.8
22481.3
22478.8
22476.4
22474.1
22471.8
22469.7
22467.6
22465.6
22463.7
22461.8
22460.1
22458.5
22457
22455.5
22454.2
22453
22451.9
22450.9
22450.1
22449.3
22448.7
22448.2
22447.9
22447.7
22447.7
22447.7
22447.8
22448
22448.4
22449
22449.9
22450.9
22452.1
22453.4
22455
22456.7
22458.7
22460.8
22463.2
22465.7
22468.5
22471.5
22474.7
22478.2
22481.9
22485.8
22490
22494.5
22499.2
22504.2
22509.4
22514.9
22520.8
22526.9
22533.3
22540
22547
22554.3
22562
22570
22578.3
22586.9
22595.9
22605.2
22614.8
22624.8
22635.2
22645.9
22657
22668.4
22680.2
22692.3
22704.8
22717.7
22731
22744.5
22758.5
22772.8
22787.5
22802.5
22817.9
22833.7
22849.7
22866.2
22882.9
22900
22917.4
22935.2
22953.2
22971.6
22990.2
23009.2
23028.4
23047.9
23067.7
23087.7
23108
23128.5
23149.3
23170.2
23191.4
23212.8
23234.4
23256.2
23278.2
23300.3
23322.6
23345
23367.6
23390.4
23413.2
23436.2
23459.3
23482.6
23505.9
23529.3
23552.8
23576.4
23600.1
23623.9
23647.8
23671.7
23695.6
23719.7
23743.8
23767.9
23792.2
23816.4
23840.7
23865.1
23889.5
23913.9
23938.4
23962.9
23987.4
24012
24036.6
24061.3
24086
24110.7
24135.4
24160.2
24185
24209.8
24234.7
24259.5
24284.5
24309.4
24334.4
24359.3
24384.4
24409.4
24434.5
24459.5
24484.7
24509.8
24535
24560.2
24585.4
24610.6
24635.9
24661.1
24686.5
24711.8
24737.1
24762.5
24787.9
24813.3
24838.8
24864.3
24889.8
24915.3
24940.8
24966.4
24992
25017.6
25043.2
25068.9
25094.6
25120.3
25146
25171.7
25197.5
25223.3
25249.1
25274.9
25300.8
25326.7
25352.6
25378.5
25404.4
25430.4
25456.4
25482.4
25508.4
25534.5
25560.5
25586.6
25612.7
25638.8
25665
25691.2
25717.4
25743.6
25769.8
25796
25822.3
25848.6
25874.9
25901.2
25927.6
25953.9
25980.3
26006.7
26033.1
26059.5
26086
26112.4
26138.9
26165.4
26191.9
26218.5
26245
26271.6
26298.2
26324.7
26351.4
26378
26404.6
26431.3
26457.9
26484.6
26511.3
26538
26564.7
26591.4
26618.2
26644.9
26671.7
26698.5
26725.3
26752.1
26778.9
26805.7
26832.5
26859.3
26886.2
26913
26939.9
26966.7
26993.6
27020.5
27047.3
27074.2
27101.1
27128
27154.9
27181.8
27208.7
27235.6
27262.5
27289.4
27316.3
27343.2
27370.1
27397
27423.9
27450.8
27477.6
27504.5
27531.4
27558.3
27585.1
27612
27638.8
27665.6
27692.4
27719.2
27746
27772.8
27799.5
27826.3
27853
27879.7
27906.3
27933
27959.6
27986.2
28012.8
28039.4
28065.9
28092.4
28118.8
28145.3
28171.7
28198
28224.3
28250.6
28276.8
28303
28329.2
28355.3
28381.3
28407.3
28433.3
28459.1
28485
28510.7
28536.4
28562.1
28587.7
28613.2
28638.6
28664
28689.2
28714.4
28739.6
28764.6
28789.5
28814.4
28839.2
28863.8
28888.4
28912.9
28937.2
28961.5
28985.6
29009.6
29033.5
29057.3
29080.9
29104.4
29127.8
29151.1
29174.2
29197.1
29219.9
29242.6
29265.1
29287.4
29309.6
29331.6
29353.5
29375.1
29396.6
29417.9
29439
29459.9
29480.6
29501.1
29521.4
29541.5
29561.4
29581.1
29600.5
29619.8
29638.8
29657.5
29676.1
29694.3
29712.4
29730.2
29747.7
29765
29782.1
29798.8
29815.3
29831.6
29847.6
29863.3
29878.7
29893.9
29908.7
29923.3
29937.6
29951.7
29965.4
29978.9
29992
30004.9
30017.5
30029.8
30041.8
30053.6
30065
30076.2
30087
30097.6
30107.9
30117.9
30127.6
30137.1
30146.2
30155.1
30163.7
30172.1
30180.1
30188
30195.5
30202.8
30209.8
30216.6
30223.2
30229.5
30235.5
30241.4
30247
30252.4
30257.5
30262.5
30267.2
30271.8
30276.1
30280.3
30284.2
30288
30291.6
30295.1
30298.3
30301.4
30304.4
30307.2
30309.9
30312.4
30314.8
30317.1
30319.2
30321.2
30323.1
30324.9
30326.6
30328.2
30329.7
30331.2
30332.5
30333.7
30334.9
30336
30337
30338
30338.9
30339.7
30340.5
30341.2
30341.9
30342.5
30343.1
30343.7
30344.2
30344.7
30345.1
30345.5
30345.9
30346.2
30346.5
30346.8
30347.1
30347.4
30347.6
30347.8
30348
30348.2
30348.3
30348.5
30348.6
30348.8
30348.9
30349
30349.1
30349.2
30349.3
30349.4
30349.4
30349.5
30349.6
30349.7
30349.8
30349.9
30350
30350.1
30350.2
30350.3
30350.5
30350.6
30350.8
30351
30351.3
30351.5
30351.8
30352.2
30352.6
30353.1
30353.6
30354.2
30354.8
30355.6
30356.4
30357.4
30358.4
30359.6
30360.9
30362.3
30363.9
30365.6
30367.6
30369.6
30371.9
30374.4
30377.1
30380
30383.2
30386.5
30390.1
30393.9
30398
30402.3
30406.9
30411.7
30416.7
30422
30427.5
30433.1
30439
30445.1
30451.3
30457.6
30464.1
30470.7
30477.4
30484.1
30490.9
30497.6
30504.4
30511.1
30517.7
30524.3
30530.7
30537
30543.2
30549.2
30555
30560.6
30566
30571.2
30576.1
30580.8
30585.2
30589.4
30593.4
30597.1
30600.6
30603.8
30606.8
30609.6
30612.1
30614.5
30616.6
30618.6
30620.3
30622
30623.4
30624.7
30625.9
30627
30627.9
30628.7
30629.5
30630.1
30630.6
30631.1
30631.5
30631.9
30632.1
30632.4
30632.5
30632.6
30632.7
30632.7
30632.7
30632.7
30632.6
30632.5
30632.3
30632.1
30631.9
30631.6
30631.3
30630.9
30630.6
30630.2
30629.8
30629.4
30628.9
30628.5
30628
30627.6
30627.2
30626.7
30626.3
30625.9
30625.5
30625.1
30624.7
30624.3
30624
30623.7
30623.4
30623.2
30622.9
30622.7
30622.5
30622.4
30622.2
30622.1
30622
30621.9
30621.9
30621.8
30621.8
30621.8
30621.7
30621.7
30621.7
)
;

boundaryField
{
    sides
    {
        type            zeroGradient;
    }
    empty
    {
        type            empty;
    }
}


// ************************************************************************* //
