/*--------------------------------*- C++ -*----------------------------------*\
| =========                 |                                                 |
| \\      /  F ield         | OpenFOAM: The Open Source CFD Toolbox           |
|  \\    /   O peration     | Version:  2406                                  |
|   \\  /    A nd           | Website:  www.openfoam.com                      |
|    \\/     M anipulation  |                                                 |
\*---------------------------------------------------------------------------*/
FoamFile
{
    version     2.0;
    format      ascii;
    arch        "LSB;label=32;scalar=64";
    class       surfaceScalarField;
    location    "0.027";
    object      phi;
}
// * * * * * * * * * * * * * * * * * * * * * * * * * * * * * * * * * * * * * //

dimensions      [1 0 -1 0 0 0 0];

oriented        oriented;

internalField   nonuniform List<scalar> 
999
(
17.2484
17.9408
18.6326
19.3243
20.0159
20.7072
21.3977
22.0872
22.7761
23.4648
24.1541
24.844
25.5349
26.2265
26.9186
27.6109
28.3031
28.9956
29.6887
30.382
31.0752
31.7683
32.4613
33.1543
33.8471
34.5398
35.2324
35.925
36.6174
37.3098
38.002
38.6942
39.3863
40.0782
40.7701
41.4619
42.1536
42.8452
43.5367
44.2281
44.9194
45.6106
46.3017
46.9928
47.6837
48.3745
49.0652
49.7558
50.4464
51.1368
51.8271
52.5173
53.2074
53.8975
54.5874
55.2772
55.9669
56.6565
57.346
58.0354
58.7246
59.4138
60.1029
60.7918
61.4807
62.1694
62.8581
63.5466
64.235
64.9233
65.6115
66.2996
66.9876
67.6755
68.3632
69.0509
69.7384
70.4258
71.1131
71.8003
72.4874
73.1743
73.8612
74.5479
75.2345
75.921
76.6074
77.2937
77.9798
78.6658
79.3518
80.0375
80.7232
81.4088
82.0943
82.7795
83.4648
84.1497
84.8348
85.5195
86.2043
86.8889
87.5733
88.2576
88.9418
89.626
90.3099
90.9937
91.6774
92.361
93.0444
93.7279
94.4109
95.0942
95.7769
96.4599
97.1425
97.825
98.5076
99.1896
99.872
100.554
101.236
101.918
102.599
103.281
103.962
104.643
105.324
106.005
106.686
107.367
108.047
108.728
109.408
110.088
110.768
111.448
112.128
112.807
113.487
114.166
114.845
115.524
116.203
116.882
117.56
118.239
118.917
119.595
120.273
120.951
121.629
122.306
122.984
123.661
124.338
125.015
125.692
126.368
127.045
127.721
128.397
129.073
129.749
130.425
131.101
131.776
132.451
133.127
133.802
134.476
135.151
135.825
136.5
137.174
137.848
138.522
139.196
139.869
140.543
141.216
141.889
142.562
143.234
143.907
144.579
145.252
145.924
146.596
147.267
147.939
148.61
149.282
149.953
150.624
151.294
151.965
152.635
153.306
153.976
154.646
155.315
155.985
156.654
157.323
157.992
158.661
159.33
159.998
160.667
161.335
162.003
162.671
163.338
164.006
164.673
165.34
166.007
166.673
167.34
168.006
168.672
169.338
170.004
170.67
171.335
172
172.665
173.33
173.995
174.659
175.323
175.987
176.651
177.315
177.978
178.642
179.305
179.968
180.63
181.293
181.955
182.617
183.279
183.941
184.602
185.263
185.924
186.585
187.246
187.906
188.566
189.227
189.886
190.546
191.205
191.864
192.523
193.182
193.841
194.499
195.157
195.815
196.473
197.13
197.787
198.444
199.101
199.758
200.414
201.07
201.726
202.382
203.037
203.692
204.347
205.002
205.657
206.311
206.965
207.619
208.272
208.926
209.579
210.232
210.884
211.537
212.189
212.841
213.492
214.144
214.795
215.446
216.096
216.747
217.397
218.047
218.696
219.346
219.995
220.644
221.292
221.941
222.589
223.237
223.884
224.531
225.178
225.825
226.472
227.118
227.764
228.409
229.055
229.7
230.345
230.989
231.633
232.277
232.921
233.564
234.207
234.85
235.493
236.135
236.777
237.418
238.06
238.701
239.341
239.982
240.622
241.261
241.901
242.54
243.179
243.817
244.455
245.093
245.731
246.368
247.005
247.641
248.277
248.913
249.548
250.184
250.818
251.453
252.087
252.72
253.354
253.987
254.619
255.251
255.883
256.515
257.146
257.776
258.406
259.036
259.666
260.295
260.923
261.552
262.18
262.807
263.434
264.06
264.686
265.312
265.937
266.562
267.186
267.81
268.434
269.057
269.679
270.301
270.922
271.543
272.164
272.784
273.403
274.022
274.641
275.259
275.876
276.493
277.109
277.725
278.34
278.954
279.568
280.181
280.794
281.406
282.017
282.628
283.238
283.848
284.457
285.066
285.674
286.282
286.888
287.494
288.099
288.703
289.306
289.909
290.511
291.112
291.713
292.312
292.911
293.51
294.107
294.704
295.299
295.894
296.488
297.082
297.674
298.266
298.856
299.446
300.035
300.624
301.211
301.797
302.383
302.967
303.551
304.134
304.716
305.297
305.877
306.457
307.035
307.613
308.189
308.765
309.34
309.914
310.488
311.06
311.632
312.203
312.773
313.343
313.911
314.479
315.047
315.614
316.18
316.745
317.31
317.874
318.438
319.002
319.565
320.127
320.689
321.251
321.812
322.374
322.935
323.495
324.056
324.616
325.177
325.737
326.297
326.858
327.418
327.979
328.539
329.1
329.661
330.222
330.783
331.345
331.907
332.469
333.032
333.595
334.158
334.722
335.286
335.851
336.416
336.982
337.549
338.115
338.683
339.251
339.819
340.388
340.958
341.528
342.099
342.671
343.243
343.816
344.389
344.963
345.538
346.113
346.689
347.266
347.843
348.421
349
349.579
350.159
350.74
351.322
351.904
352.486
353.07
353.654
354.239
354.824
355.41
355.997
356.585
357.173
357.762
358.351
358.942
359.533
360.124
360.716
361.309
361.903
362.497
363.092
363.688
364.284
364.881
365.478
366.077
366.676
367.275
367.875
368.476
369.078
369.68
370.283
370.887
371.491
372.095
372.701
373.307
373.914
374.521
375.129
375.738
376.347
376.957
377.568
378.179
378.791
379.403
380.016
380.63
381.244
381.859
382.475
383.091
383.708
384.325
384.943
385.562
386.181
386.801
387.421
388.042
388.663
389.285
389.908
390.531
391.155
391.78
392.405
393.03
393.656
394.283
394.91
395.538
396.166
396.795
397.424
398.054
398.684
399.315
399.946
400.578
401.21
401.843
402.477
403.11
403.745
404.379
405.015
405.65
406.286
406.923
407.56
408.197
408.835
409.473
410.112
410.75
411.39
412.03
412.67
413.31
413.951
414.592
415.233
415.875
416.517
417.159
417.802
418.445
419.088
419.731
420.374
421.018
421.662
422.306
422.95
423.595
424.239
424.884
425.529
426.174
426.819
427.464
428.109
428.754
429.399
430.044
430.689
431.334
431.979
432.624
433.269
433.913
434.558
435.202
435.846
436.489
437.133
437.776
438.419
439.061
439.704
440.345
440.987
441.627
442.268
442.907
443.547
444.185
444.823
445.46
446.097
446.733
447.368
448.002
448.635
449.267
449.899
450.529
451.158
451.787
452.414
453.039
453.664
454.287
454.909
455.53
456.148
456.766
457.382
457.996
458.608
459.219
459.828
460.434
461.039
461.642
462.243
462.841
463.437
464.031
464.622
465.211
465.797
466.381
466.962
467.54
468.115
468.687
469.256
469.822
470.384
470.943
471.499
472.051
472.599
473.144
473.684
474.221
474.754
475.283
475.807
476.327
476.842
477.353
477.86
478.361
478.858
479.35
479.837
480.319
480.795
481.266
481.732
482.192
482.646
483.095
483.538
483.975
484.406
484.831
485.249
485.662
486.068
486.468
486.861
487.248
487.629
488.002
488.369
488.729
489.083
489.429
489.769
490.101
490.427
490.746
491.058
491.362
491.66
491.951
492.234
492.511
492.781
493.043
493.299
493.548
493.79
494.025
494.253
494.474
494.689
494.897
495.099
495.294
495.482
495.664
495.84
496.01
496.174
496.332
496.484
496.63
496.771
496.906
497.035
497.16
497.279
497.393
497.502
497.607
497.707
497.802
497.893
497.98
498.062
498.141
498.215
498.286
498.354
498.417
498.478
498.535
498.589
498.641
498.689
498.735
498.778
498.818
498.856
498.892
498.926
498.957
498.987
499.015
499.041
499.065
499.088
499.109
499.129
499.147
499.164
499.18
499.195
499.208
499.221
499.233
499.244
499.254
499.263
499.272
499.28
499.287
499.293
499.3
499.305
499.31
499.315
499.319
499.323
499.327
499.33
499.333
499.335
499.338
499.34
499.342
499.343
499.345
499.346
499.347
499.348
499.349
499.35
499.35
499.351
499.351
499.351
499.351
499.351
499.351
499.351
499.351
499.351
499.35
499.35
499.349
499.349
499.348
499.347
499.346
499.345
499.343
499.342
499.341
499.339
499.337
499.335
499.333
499.331
499.328
499.325
499.322
499.319
499.316
499.312
499.308
499.304
499.3
499.295
499.29
499.285
499.28
499.274
499.268
499.262
499.256
499.25
499.243
499.237
499.23
499.223
499.216
499.209
499.201
499.194
499.187
499.18
499.173
499.166
499.159
499.152
499.146
499.139
499.133
499.127
499.121
499.115
499.11
499.105
499.1
499.095
499.091
499.086
499.082
499.079
499.075
499.072
499.069
499.066
499.063
499.061
499.059
499.057
499.055
499.053
499.051
499.049
499.048
499.047
499.045
499.044
499.043
499.042
499.041
499.04
499.039
499.038
499.037
499.037
499.036
499.035
499.035
499.034
499.033
499.033
499.032
499.032
499.031
499.031
499.031
499.03
499.03
499.029
499.029
499.029
499.029
499.028
499.028
499.028
499.027
499.027
499.027
499.026
499.026
499.026
499.025
499.025
499.024
499.024
499.023
499.023
499.022
499.022
499.021
499.02
499.019
499.019
499.018
499.017
499.016
499.015
499.015
499.014
499.013
499.012
499.011
499.01
499.009
499.008
)
;

boundaryField
{
    sides
    {
        type            calculated;
        value           nonuniform List<scalar> 2(499.007 -16.5556);
    }
    empty
    {
        type            empty;
    }
}


// ************************************************************************* //
