/*--------------------------------*- C++ -*----------------------------------*\
| =========                 |                                                 |
| \\      /  F ield         | OpenFOAM: The Open Source CFD Toolbox           |
|  \\    /   O peration     | Version:  2406                                  |
|   \\  /    A nd           | Website:  www.openfoam.com                      |
|    \\/     M anipulation  |                                                 |
\*---------------------------------------------------------------------------*/
FoamFile
{
    version     2.0;
    format      ascii;
    arch        "LSB;label=32;scalar=64";
    class       volScalarField;
    location    "0.027";
    object      T;
}
// * * * * * * * * * * * * * * * * * * * * * * * * * * * * * * * * * * * * * //

dimensions      [0 0 0 1 0 0 0];

internalField   nonuniform List<scalar> 
1000
(
231.228
231.258
231.307
231.356
231.399
231.439
231.482
231.53
231.584
231.636
231.682
231.718
231.742
231.755
231.761
231.763
231.763
231.762
231.756
231.744
231.733
231.721
231.709
231.697
231.686
231.674
231.663
231.651
231.64
231.628
231.616
231.605
231.593
231.582
231.57
231.559
231.547
231.535
231.524
231.512
231.501
231.489
231.477
231.466
231.454
231.442
231.431
231.419
231.407
231.396
231.384
231.372
231.36
231.349
231.337
231.325
231.313
231.302
231.29
231.278
231.266
231.254
231.243
231.231
231.219
231.207
231.195
231.183
231.171
231.16
231.148
231.136
231.124
231.112
231.1
231.088
231.076
231.064
231.052
231.04
231.028
231.016
231.004
230.992
230.98
230.968
230.956
230.944
230.932
230.919
230.907
230.895
230.883
230.871
230.859
230.846
230.835
230.821
230.812
230.796
230.788
230.771
230.763
230.747
230.739
230.722
230.714
230.698
230.69
230.673
230.665
230.649
230.64
230.625
230.614
230.602
230.588
230.578
230.563
230.552
230.539
230.526
230.515
230.501
230.49
230.477
230.464
230.452
230.44
230.427
230.415
230.402
230.389
230.377
230.364
230.352
230.339
230.326
230.314
230.301
230.289
230.276
230.263
230.251
230.238
230.225
230.213
230.2
230.187
230.175
230.162
230.149
230.136
230.124
230.111
230.098
230.085
230.072
230.06
230.047
230.034
230.021
230.008
229.995
229.982
229.97
229.957
229.944
229.931
229.918
229.905
229.892
229.879
229.866
229.853
229.84
229.827
229.814
229.801
229.788
229.775
229.762
229.749
229.736
229.723
229.71
229.697
229.683
229.67
229.657
229.644
229.631
229.618
229.605
229.591
229.578
229.565
229.552
229.539
229.525
229.512
229.499
229.486
229.473
229.459
229.446
229.433
229.419
229.406
229.393
229.38
229.366
229.353
229.34
229.326
229.313
229.3
229.286
229.273
229.26
229.246
229.233
229.219
229.206
229.193
229.179
229.166
229.152
229.139
229.125
229.112
229.099
229.085
229.072
229.058
229.045
229.031
229.018
229.004
228.991
228.977
228.964
228.95
228.937
228.923
228.91
228.896
228.883
228.869
228.856
228.842
228.829
228.815
228.802
228.788
228.774
228.761
228.747
228.734
228.72
228.707
228.693
228.68
228.666
228.653
228.639
228.626
228.612
228.598
228.585
228.571
228.558
228.544
228.531
228.517
228.504
228.49
228.477
228.463
228.45
228.436
228.423
228.409
228.396
228.382
228.369
228.355
228.342
228.328
228.315
228.302
228.288
228.275
228.261
228.248
228.235
228.221
228.208
228.195
228.182
228.168
228.155
228.142
228.129
228.115
228.102
228.089
228.076
228.063
228.05
228.037
228.024
228.011
227.998
227.985
227.972
227.959
227.946
227.933
227.92
227.907
227.895
227.882
227.869
227.857
227.844
227.832
227.819
227.807
227.794
227.782
227.769
227.757
227.745
227.733
227.721
227.709
227.697
227.685
227.673
227.661
227.649
227.638
227.626
227.615
227.603
227.592
227.581
227.569
227.558
227.547
227.536
227.526
227.515
227.504
227.494
227.483
227.473
227.463
227.453
227.443
227.433
227.423
227.414
227.404
227.395
227.386
227.377
227.368
227.359
227.35
227.342
227.334
227.326
227.318
227.31
227.303
227.296
227.289
227.282
227.275
227.269
227.263
227.257
227.251
227.246
227.241
227.236
227.231
227.227
227.223
227.219
227.216
227.213
227.21
227.208
227.206
227.204
227.203
227.202
227.202
227.202
227.202
227.202
227.203
227.205
227.207
227.209
227.212
227.216
227.22
227.225
227.23
227.236
227.243
227.25
227.257
227.266
227.275
227.284
227.295
227.306
227.317
227.33
227.343
227.357
227.372
227.387
227.404
227.421
227.439
227.458
227.477
227.498
227.52
227.542
227.566
227.59
227.615
227.642
227.669
227.697
227.726
227.757
227.788
227.82
227.854
227.888
227.923
227.96
227.997
228.036
228.075
228.116
228.158
228.2
228.244
228.288
228.334
228.38
228.428
228.476
228.526
228.576
228.627
228.679
228.732
228.785
228.84
228.895
228.951
229.008
229.065
229.123
229.182
229.241
229.301
229.361
229.422
229.484
229.546
229.608
229.671
229.734
229.798
229.862
229.926
229.991
230.056
230.122
230.187
230.253
230.319
230.385
230.452
230.518
230.585
230.652
230.719
230.786
230.854
230.921
230.989
231.056
231.124
231.192
231.26
231.328
231.396
231.464
231.532
231.6
231.669
231.737
231.805
231.874
231.942
232.01
232.079
232.147
232.216
232.285
232.353
232.422
232.49
232.559
232.628
232.696
232.765
232.834
232.903
232.971
233.04
233.109
233.178
233.247
233.316
233.385
233.453
233.522
233.591
233.66
233.729
233.798
233.867
233.936
234.005
234.074
234.143
234.212
234.281
234.35
234.419
234.488
234.557
234.627
234.696
234.765
234.834
234.903
234.972
235.041
235.11
235.18
235.249
235.318
235.387
235.456
235.525
235.595
235.664
235.733
235.802
235.871
235.941
236.01
236.079
236.148
236.217
236.287
236.356
236.425
236.494
236.563
236.632
236.702
236.771
236.84
236.909
236.978
237.047
237.116
237.185
237.255
237.324
237.393
237.462
237.531
237.6
237.669
237.738
237.807
237.876
237.945
238.014
238.083
238.152
238.22
238.289
238.358
238.427
238.496
238.564
238.633
238.702
238.771
238.839
238.908
238.977
239.045
239.114
239.182
239.251
239.319
239.388
239.456
239.525
239.593
239.661
239.729
239.798
239.866
239.934
240.002
240.07
240.138
240.206
240.274
240.342
240.41
240.478
240.545
240.613
240.681
240.748
240.816
240.883
240.951
241.018
241.085
241.152
241.219
241.286
241.353
241.42
241.487
241.554
241.62
241.687
241.753
241.819
241.886
241.952
242.018
242.084
242.15
242.215
242.281
242.346
242.412
242.477
242.542
242.607
242.672
242.736
242.801
242.865
242.929
242.993
243.057
243.121
243.184
243.248
243.311
243.374
243.437
243.499
243.562
243.624
243.686
243.748
243.809
243.87
243.931
243.992
244.053
244.113
244.173
244.233
244.292
244.351
244.41
244.469
244.527
244.585
244.643
244.7
244.757
244.813
244.87
244.925
244.981
245.036
245.091
245.145
245.199
245.252
245.305
245.358
245.41
245.462
245.513
245.564
245.614
245.664
245.714
245.762
245.811
245.858
245.906
245.952
245.999
246.044
246.089
246.134
246.178
246.221
246.264
246.306
246.347
246.388
246.428
246.468
246.507
246.545
246.583
246.619
246.656
246.691
246.726
246.761
246.794
246.827
246.86
246.891
246.922
246.952
246.982
247.01
247.039
247.066
247.093
247.119
247.144
247.169
247.193
247.216
247.239
247.261
247.283
247.303
247.323
247.343
247.362
247.38
247.397
247.414
247.431
247.447
247.462
247.477
247.491
247.504
247.517
247.53
247.542
247.553
247.565
247.575
247.585
247.595
247.604
247.613
247.621
247.629
247.637
247.644
247.651
247.658
247.664
247.67
247.676
247.681
247.686
247.691
247.695
247.7
247.704
247.707
247.711
247.714
247.718
247.721
247.724
247.726
247.729
247.731
247.733
247.735
247.737
247.739
247.741
247.742
247.744
247.745
247.747
247.748
247.749
247.75
247.751
247.752
247.753
247.754
247.755
247.755
247.756
247.757
247.758
247.758
247.759
247.759
247.76
247.76
247.761
247.761
247.762
247.762
247.762
247.763
247.763
247.764
247.764
247.764
247.765
247.765
247.766
247.766
247.767
247.767
247.768
247.768
247.769
247.77
247.77
247.771
247.772
247.773
247.775
247.776
247.778
247.779
247.781
247.783
247.785
247.788
247.791
247.794
247.797
247.801
247.805
247.809
247.814
247.82
247.825
247.832
247.838
247.846
247.853
247.862
247.871
247.88
247.89
247.901
247.912
247.923
247.936
247.948
247.962
247.975
247.99
248.004
248.019
248.034
248.05
248.065
248.081
248.097
248.113
248.129
248.145
248.161
248.177
248.192
248.207
248.222
248.237
248.251
248.264
248.277
248.29
248.302
248.314
248.325
248.335
248.345
248.354
248.363
248.371
248.378
248.385
248.392
248.398
248.403
248.409
248.413
248.418
248.421
248.425
248.428
248.431
248.434
248.436
248.438
248.44
248.442
248.444
248.445
248.446
248.447
248.448
248.449
248.45
248.45
248.451
248.451
248.451
248.451
248.452
248.452
248.452
248.451
248.451
248.451
248.45
248.45
248.449
248.449
248.448
248.448
248.447
248.446
248.446
248.445
248.445
248.444
248.443
248.443
248.442
248.442
248.441
248.441
248.441
248.44
248.44
248.44
248.44
248.44
248.44
248.44
248.44
248.44
248.44
248.441
248.441
248.441
248.442
248.442
248.443
248.443
248.444
)
;

boundaryField
{
    sides
    {
        type            zeroGradient;
    }
    empty
    {
        type            empty;
    }
}


// ************************************************************************* //
