/*--------------------------------*- C++ -*----------------------------------*\
| =========                 |                                                 |
| \\      /  F ield         | OpenFOAM: The Open Source CFD Toolbox           |
|  \\    /   O peration     | Version:  2406                                  |
|   \\  /    A nd           | Website:  www.openfoam.com                      |
|    \\/     M anipulation  |                                                 |
\*---------------------------------------------------------------------------*/
FoamFile
{
    version     2.0;
    format      ascii;
    arch        "LSB;label=32;scalar=64";
    class       volVectorField;
    location    "0.027";
    object      U;
}
// * * * * * * * * * * * * * * * * * * * * * * * * * * * * * * * * * * * * * //

dimensions      [0 1 -1 0 0 0 0];

internalField   nonuniform List<vector> 
1000
(
(11.4175 0 0)
(12.0167 0 0)
(12.6191 0 0)
(13.1167 0 0)
(13.582 0 0)
(14.0551 0 0)
(14.5373 0 0)
(15.0213 0 0)
(15.5046 0 0)
(15.9873 0 0)
(16.4701 0 0)
(16.953 0 0)
(17.4359 0 0)
(17.9188 0 0)
(18.4017 0 0)
(18.8845 0 0)
(19.3674 0 0)
(19.8504 0 0)
(20.3334 0 0)
(20.8165 0 0)
(21.2996 0 0)
(21.7827 0 0)
(22.2658 0 0)
(22.7491 0 0)
(23.2323 0 0)
(23.7157 0 0)
(24.1991 0 0)
(24.6825 0 0)
(25.166 0 0)
(25.6496 0 0)
(26.1332 0 0)
(26.6169 0 0)
(27.1006 0 0)
(27.5844 0 0)
(28.0682 0 0)
(28.5521 0 0)
(29.036 0 0)
(29.52 0 0)
(30.0041 0 0)
(30.4882 0 0)
(30.9724 0 0)
(31.4566 0 0)
(31.9408 0 0)
(32.4252 0 0)
(32.9096 0 0)
(33.394 0 0)
(33.8785 0 0)
(34.363 0 0)
(34.8476 0 0)
(35.3323 0 0)
(35.817 0 0)
(36.3018 0 0)
(36.7866 0 0)
(37.2714 0 0)
(37.7564 0 0)
(38.2413 0 0)
(38.7264 0 0)
(39.2114 0 0)
(39.6966 0 0)
(40.1818 0 0)
(40.667 0 0)
(41.1523 0 0)
(41.6376 0 0)
(42.123 0 0)
(42.6084 0 0)
(43.0939 0 0)
(43.5795 0 0)
(44.0651 0 0)
(44.5507 0 0)
(45.0364 0 0)
(45.5221 0 0)
(46.0079 0 0)
(46.4938 0 0)
(46.9797 0 0)
(47.4656 0 0)
(47.9516 0 0)
(48.4377 0 0)
(48.9238 0 0)
(49.4099 0 0)
(49.8961 0 0)
(50.3824 0 0)
(50.8687 0 0)
(51.355 0 0)
(51.8414 0 0)
(52.3279 0 0)
(52.8144 0 0)
(53.3009 0 0)
(53.7875 0 0)
(54.2742 0 0)
(54.7609 0 0)
(55.2476 0 0)
(55.7344 0 0)
(56.2212 0 0)
(56.7081 0 0)
(57.1951 0 0)
(57.682 0 0)
(58.1691 0 0)
(58.6561 0 0)
(59.1433 0 0)
(59.6305 0 0)
(60.1177 0 0)
(60.6049 0 0)
(61.0923 0 0)
(61.5796 0 0)
(62.067 0 0)
(62.5545 0 0)
(63.042 0 0)
(63.5296 0 0)
(64.0172 0 0)
(64.5048 0 0)
(64.9925 0 0)
(65.4802 0 0)
(65.968 0 0)
(66.4559 0 0)
(66.9437 0 0)
(67.4317 0 0)
(67.9196 0 0)
(68.4076 0 0)
(68.8957 0 0)
(69.3838 0 0)
(69.872 0 0)
(70.3601 0 0)
(70.8484 0 0)
(71.3367 0 0)
(71.825 0 0)
(72.3134 0 0)
(72.8018 0 0)
(73.2902 0 0)
(73.7787 0 0)
(74.2673 0 0)
(74.7559 0 0)
(75.2445 0 0)
(75.7332 0 0)
(76.2219 0 0)
(76.7107 0 0)
(77.1995 0 0)
(77.6883 0 0)
(78.1772 0 0)
(78.6661 0 0)
(79.1551 0 0)
(79.6441 0 0)
(80.1332 0 0)
(80.6223 0 0)
(81.1114 0 0)
(81.6006 0 0)
(82.0898 0 0)
(82.5791 0 0)
(83.0684 0 0)
(83.5578 0 0)
(84.0471 0 0)
(84.5366 0 0)
(85.026 0 0)
(85.5156 0 0)
(86.0051 0 0)
(86.4947 0 0)
(86.9843 0 0)
(87.474 0 0)
(87.9637 0 0)
(88.4534 0 0)
(88.9432 0 0)
(89.433 0 0)
(89.9229 0 0)
(90.4128 0 0)
(90.9027 0 0)
(91.3927 0 0)
(91.8827 0 0)
(92.3727 0 0)
(92.8628 0 0)
(93.3529 0 0)
(93.8431 0 0)
(94.3333 0 0)
(94.8235 0 0)
(95.3138 0 0)
(95.8041 0 0)
(96.2944 0 0)
(96.7848 0 0)
(97.2752 0 0)
(97.7656 0 0)
(98.2561 0 0)
(98.7466 0 0)
(99.2372 0 0)
(99.7278 0 0)
(100.218 0 0)
(100.709 0 0)
(101.2 0 0)
(101.69 0 0)
(102.181 0 0)
(102.672 0 0)
(103.163 0 0)
(103.654 0 0)
(104.144 0 0)
(104.635 0 0)
(105.126 0 0)
(105.617 0 0)
(106.108 0 0)
(106.599 0 0)
(107.09 0 0)
(107.581 0 0)
(108.072 0 0)
(108.564 0 0)
(109.055 0 0)
(109.546 0 0)
(110.037 0 0)
(110.528 0 0)
(111.02 0 0)
(111.511 0 0)
(112.002 0 0)
(112.494 0 0)
(112.985 0 0)
(113.476 0 0)
(113.968 0 0)
(114.459 0 0)
(114.951 0 0)
(115.442 0 0)
(115.934 0 0)
(116.425 0 0)
(116.917 0 0)
(117.409 0 0)
(117.9 0 0)
(118.392 0 0)
(118.883 0 0)
(119.375 0 0)
(119.867 0 0)
(120.359 0 0)
(120.85 0 0)
(121.342 0 0)
(121.834 0 0)
(122.326 0 0)
(122.817 0 0)
(123.309 0 0)
(123.801 0 0)
(124.293 0 0)
(124.785 0 0)
(125.276 0 0)
(125.768 0 0)
(126.26 0 0)
(126.752 0 0)
(127.244 0 0)
(127.736 0 0)
(128.228 0 0)
(128.72 0 0)
(129.212 0 0)
(129.704 0 0)
(130.196 0 0)
(130.688 0 0)
(131.18 0 0)
(131.672 0 0)
(132.164 0 0)
(132.656 0 0)
(133.148 0 0)
(133.639 0 0)
(134.131 0 0)
(134.623 0 0)
(135.115 0 0)
(135.607 0 0)
(136.099 0 0)
(136.591 0 0)
(137.083 0 0)
(137.575 0 0)
(138.067 0 0)
(138.559 0 0)
(139.051 0 0)
(139.543 0 0)
(140.035 0 0)
(140.527 0 0)
(141.019 0 0)
(141.511 0 0)
(142.002 0 0)
(142.494 0 0)
(142.986 0 0)
(143.478 0 0)
(143.97 0 0)
(144.461 0 0)
(144.953 0 0)
(145.445 0 0)
(145.936 0 0)
(146.428 0 0)
(146.92 0 0)
(147.411 0 0)
(147.903 0 0)
(148.394 0 0)
(148.886 0 0)
(149.377 0 0)
(149.869 0 0)
(150.36 0 0)
(150.852 0 0)
(151.343 0 0)
(151.834 0 0)
(152.325 0 0)
(152.816 0 0)
(153.308 0 0)
(153.799 0 0)
(154.29 0 0)
(154.781 0 0)
(155.271 0 0)
(155.762 0 0)
(156.253 0 0)
(156.744 0 0)
(157.234 0 0)
(157.725 0 0)
(158.215 0 0)
(158.706 0 0)
(159.196 0 0)
(159.686 0 0)
(160.177 0 0)
(160.667 0 0)
(161.157 0 0)
(161.647 0 0)
(162.137 0 0)
(162.626 0 0)
(163.116 0 0)
(163.605 0 0)
(164.095 0 0)
(164.584 0 0)
(165.073 0 0)
(165.562 0 0)
(166.051 0 0)
(166.54 0 0)
(167.029 0 0)
(167.518 0 0)
(168.006 0 0)
(168.494 0 0)
(168.983 0 0)
(169.471 0 0)
(169.959 0 0)
(170.446 0 0)
(170.934 0 0)
(171.421 0 0)
(171.909 0 0)
(172.396 0 0)
(172.883 0 0)
(173.369 0 0)
(173.856 0 0)
(174.342 0 0)
(174.828 0 0)
(175.314 0 0)
(175.8 0 0)
(176.285 0 0)
(176.771 0 0)
(177.256 0 0)
(177.741 0 0)
(178.225 0 0)
(178.709 0 0)
(179.193 0 0)
(179.677 0 0)
(180.161 0 0)
(180.644 0 0)
(181.127 0 0)
(181.61 0 0)
(182.092 0 0)
(182.574 0 0)
(183.056 0 0)
(183.537 0 0)
(184.018 0 0)
(184.499 0 0)
(184.979 0 0)
(185.459 0 0)
(185.938 0 0)
(186.418 0 0)
(186.896 0 0)
(187.375 0 0)
(187.853 0 0)
(188.33 0 0)
(188.807 0 0)
(189.284 0 0)
(189.76 0 0)
(190.235 0 0)
(190.71 0 0)
(191.185 0 0)
(191.659 0 0)
(192.132 0 0)
(192.605 0 0)
(193.077 0 0)
(193.549 0 0)
(194.02 0 0)
(194.49 0 0)
(194.96 0 0)
(195.429 0 0)
(195.897 0 0)
(196.364 0 0)
(196.831 0 0)
(197.297 0 0)
(197.762 0 0)
(198.227 0 0)
(198.69 0 0)
(199.153 0 0)
(199.615 0 0)
(200.076 0 0)
(200.536 0 0)
(200.995 0 0)
(201.453 0 0)
(201.909 0 0)
(202.365 0 0)
(202.82 0 0)
(203.274 0 0)
(203.726 0 0)
(204.177 0 0)
(204.627 0 0)
(205.075 0 0)
(205.522 0 0)
(205.968 0 0)
(206.413 0 0)
(206.857 0 0)
(207.3 0 0)
(207.742 0 0)
(208.181 0 0)
(208.619 0 0)
(209.055 0 0)
(209.489 0 0)
(209.921 0 0)
(210.352 0 0)
(210.78 0 0)
(211.207 0 0)
(211.632 0 0)
(212.056 0 0)
(212.477 0 0)
(212.896 0 0)
(213.313 0 0)
(213.727 0 0)
(214.14 0 0)
(214.55 0 0)
(214.958 0 0)
(215.364 0 0)
(215.767 0 0)
(216.168 0 0)
(216.566 0 0)
(216.962 0 0)
(217.355 0 0)
(217.746 0 0)
(218.133 0 0)
(218.518 0 0)
(218.9 0 0)
(219.279 0 0)
(219.656 0 0)
(220.029 0 0)
(220.399 0 0)
(220.766 0 0)
(221.13 0 0)
(221.491 0 0)
(221.849 0 0)
(222.204 0 0)
(222.555 0 0)
(222.903 0 0)
(223.248 0 0)
(223.589 0 0)
(223.927 0 0)
(224.262 0 0)
(224.593 0 0)
(224.921 0 0)
(225.246 0 0)
(225.567 0 0)
(225.885 0 0)
(226.2 0 0)
(226.511 0 0)
(226.819 0 0)
(227.123 0 0)
(227.425 0 0)
(227.723 0 0)
(228.018 0 0)
(228.31 0 0)
(228.599 0 0)
(228.884 0 0)
(229.167 0 0)
(229.447 0 0)
(229.724 0 0)
(229.998 0 0)
(230.27 0 0)
(230.538 0 0)
(230.805 0 0)
(231.069 0 0)
(231.33 0 0)
(231.589 0 0)
(231.846 0 0)
(232.101 0 0)
(232.354 0 0)
(232.605 0 0)
(232.854 0 0)
(233.101 0 0)
(233.346 0 0)
(233.59 0 0)
(233.833 0 0)
(234.074 0 0)
(234.313 0 0)
(234.552 0 0)
(234.789 0 0)
(235.025 0 0)
(235.26 0 0)
(235.494 0 0)
(235.727 0 0)
(235.959 0 0)
(236.191 0 0)
(236.421 0 0)
(236.652 0 0)
(236.881 0 0)
(237.11 0 0)
(237.338 0 0)
(237.566 0 0)
(237.794 0 0)
(238.021 0 0)
(238.248 0 0)
(238.475 0 0)
(238.701 0 0)
(238.927 0 0)
(239.153 0 0)
(239.378 0 0)
(239.604 0 0)
(239.829 0 0)
(240.054 0 0)
(240.279 0 0)
(240.504 0 0)
(240.729 0 0)
(240.954 0 0)
(241.178 0 0)
(241.403 0 0)
(241.628 0 0)
(241.852 0 0)
(242.077 0 0)
(242.301 0 0)
(242.526 0 0)
(242.75 0 0)
(242.975 0 0)
(243.199 0 0)
(243.424 0 0)
(243.648 0 0)
(243.872 0 0)
(244.097 0 0)
(244.321 0 0)
(244.546 0 0)
(244.77 0 0)
(244.995 0 0)
(245.219 0 0)
(245.444 0 0)
(245.668 0 0)
(245.893 0 0)
(246.117 0 0)
(246.342 0 0)
(246.567 0 0)
(246.791 0 0)
(247.016 0 0)
(247.24 0 0)
(247.465 0 0)
(247.69 0 0)
(247.914 0 0)
(248.139 0 0)
(248.363 0 0)
(248.588 0 0)
(248.813 0 0)
(249.037 0 0)
(249.262 0 0)
(249.487 0 0)
(249.711 0 0)
(249.936 0 0)
(250.161 0 0)
(250.385 0 0)
(250.61 0 0)
(250.835 0 0)
(251.06 0 0)
(251.284 0 0)
(251.509 0 0)
(251.734 0 0)
(251.958 0 0)
(252.183 0 0)
(252.408 0 0)
(252.632 0 0)
(252.857 0 0)
(253.081 0 0)
(253.306 0 0)
(253.531 0 0)
(253.755 0 0)
(253.98 0 0)
(254.204 0 0)
(254.429 0 0)
(254.653 0 0)
(254.878 0 0)
(255.102 0 0)
(255.327 0 0)
(255.551 0 0)
(255.776 0 0)
(256 0 0)
(256.224 0 0)
(256.449 0 0)
(256.673 0 0)
(256.897 0 0)
(257.121 0 0)
(257.346 0 0)
(257.57 0 0)
(257.794 0 0)
(258.018 0 0)
(258.242 0 0)
(258.466 0 0)
(258.69 0 0)
(258.914 0 0)
(259.138 0 0)
(259.362 0 0)
(259.585 0 0)
(259.809 0 0)
(260.033 0 0)
(260.256 0 0)
(260.48 0 0)
(260.703 0 0)
(260.927 0 0)
(261.15 0 0)
(261.374 0 0)
(261.597 0 0)
(261.82 0 0)
(262.043 0 0)
(262.266 0 0)
(262.489 0 0)
(262.712 0 0)
(262.935 0 0)
(263.157 0 0)
(263.38 0 0)
(263.603 0 0)
(263.825 0 0)
(264.047 0 0)
(264.27 0 0)
(264.492 0 0)
(264.714 0 0)
(264.936 0 0)
(265.158 0 0)
(265.379 0 0)
(265.601 0 0)
(265.822 0 0)
(266.044 0 0)
(266.265 0 0)
(266.486 0 0)
(266.707 0 0)
(266.928 0 0)
(267.149 0 0)
(267.369 0 0)
(267.59 0 0)
(267.81 0 0)
(268.03 0 0)
(268.25 0 0)
(268.47 0 0)
(268.689 0 0)
(268.909 0 0)
(269.128 0 0)
(269.347 0 0)
(269.566 0 0)
(269.785 0 0)
(270.003 0 0)
(270.222 0 0)
(270.44 0 0)
(270.658 0 0)
(270.875 0 0)
(271.093 0 0)
(271.31 0 0)
(271.527 0 0)
(271.744 0 0)
(271.96 0 0)
(272.176 0 0)
(272.392 0 0)
(272.608 0 0)
(272.823 0 0)
(273.038 0 0)
(273.253 0 0)
(273.467 0 0)
(273.682 0 0)
(273.895 0 0)
(274.109 0 0)
(274.322 0 0)
(274.535 0 0)
(274.747 0 0)
(274.96 0 0)
(275.171 0 0)
(275.383 0 0)
(275.594 0 0)
(275.804 0 0)
(276.014 0 0)
(276.224 0 0)
(276.433 0 0)
(276.642 0 0)
(276.85 0 0)
(277.058 0 0)
(277.265 0 0)
(277.472 0 0)
(277.678 0 0)
(277.884 0 0)
(278.089 0 0)
(278.294 0 0)
(278.498 0 0)
(278.702 0 0)
(278.905 0 0)
(279.107 0 0)
(279.309 0 0)
(279.509 0 0)
(279.71 0 0)
(279.909 0 0)
(280.108 0 0)
(280.306 0 0)
(280.504 0 0)
(280.701 0 0)
(280.896 0 0)
(281.092 0 0)
(281.286 0 0)
(281.479 0 0)
(281.672 0 0)
(281.863 0 0)
(282.054 0 0)
(282.244 0 0)
(282.433 0 0)
(282.621 0 0)
(282.808 0 0)
(282.994 0 0)
(283.178 0 0)
(283.362 0 0)
(283.545 0 0)
(283.726 0 0)
(283.907 0 0)
(284.086 0 0)
(284.264 0 0)
(284.441 0 0)
(284.616 0 0)
(284.791 0 0)
(284.963 0 0)
(285.135 0 0)
(285.305 0 0)
(285.474 0 0)
(285.642 0 0)
(285.808 0 0)
(285.972 0 0)
(286.135 0 0)
(286.297 0 0)
(286.457 0 0)
(286.615 0 0)
(286.772 0 0)
(286.927 0 0)
(287.08 0 0)
(287.232 0 0)
(287.382 0 0)
(287.53 0 0)
(287.677 0 0)
(287.821 0 0)
(287.964 0 0)
(288.105 0 0)
(288.244 0 0)
(288.381 0 0)
(288.517 0 0)
(288.65 0 0)
(288.781 0 0)
(288.91 0 0)
(289.038 0 0)
(289.163 0 0)
(289.286 0 0)
(289.407 0 0)
(289.526 0 0)
(289.643 0 0)
(289.758 0 0)
(289.871 0 0)
(289.981 0 0)
(290.089 0 0)
(290.196 0 0)
(290.3 0 0)
(290.401 0 0)
(290.501 0 0)
(290.598 0 0)
(290.694 0 0)
(290.787 0 0)
(290.877 0 0)
(290.966 0 0)
(291.052 0 0)
(291.137 0 0)
(291.219 0 0)
(291.298 0 0)
(291.376 0 0)
(291.452 0 0)
(291.525 0 0)
(291.596 0 0)
(291.666 0 0)
(291.733 0 0)
(291.798 0 0)
(291.861 0 0)
(291.922 0 0)
(291.981 0 0)
(292.038 0 0)
(292.093 0 0)
(292.146 0 0)
(292.197 0 0)
(292.246 0 0)
(292.294 0 0)
(292.34 0 0)
(292.384 0 0)
(292.426 0 0)
(292.467 0 0)
(292.506 0 0)
(292.543 0 0)
(292.579 0 0)
(292.613 0 0)
(292.646 0 0)
(292.678 0 0)
(292.708 0 0)
(292.736 0 0)
(292.764 0 0)
(292.79 0 0)
(292.814 0 0)
(292.838 0 0)
(292.86 0 0)
(292.881 0 0)
(292.902 0 0)
(292.921 0 0)
(292.939 0 0)
(292.956 0 0)
(292.972 0 0)
(292.988 0 0)
(293.002 0 0)
(293.016 0 0)
(293.029 0 0)
(293.041 0 0)
(293.052 0 0)
(293.063 0 0)
(293.073 0 0)
(293.082 0 0)
(293.091 0 0)
(293.1 0 0)
(293.107 0 0)
(293.115 0 0)
(293.122 0 0)
(293.128 0 0)
(293.134 0 0)
(293.139 0 0)
(293.145 0 0)
(293.149 0 0)
(293.154 0 0)
(293.158 0 0)
(293.162 0 0)
(293.165 0 0)
(293.169 0 0)
(293.172 0 0)
(293.175 0 0)
(293.177 0 0)
(293.18 0 0)
(293.182 0 0)
(293.184 0 0)
(293.186 0 0)
(293.188 0 0)
(293.189 0 0)
(293.191 0 0)
(293.192 0 0)
(293.193 0 0)
(293.194 0 0)
(293.195 0 0)
(293.196 0 0)
(293.197 0 0)
(293.198 0 0)
(293.199 0 0)
(293.199 0 0)
(293.2 0 0)
(293.2 0 0)
(293.201 0 0)
(293.201 0 0)
(293.201 0 0)
(293.201 0 0)
(293.201 0 0)
(293.201 0 0)
(293.201 0 0)
(293.201 0 0)
(293.2 0 0)
(293.2 0 0)
(293.199 0 0)
(293.198 0 0)
(293.197 0 0)
(293.196 0 0)
(293.194 0 0)
(293.192 0 0)
(293.19 0 0)
(293.188 0 0)
(293.185 0 0)
(293.181 0 0)
(293.178 0 0)
(293.173 0 0)
(293.168 0 0)
(293.163 0 0)
(293.156 0 0)
(293.149 0 0)
(293.142 0 0)
(293.133 0 0)
(293.123 0 0)
(293.112 0 0)
(293.1 0 0)
(293.087 0 0)
(293.073 0 0)
(293.057 0 0)
(293.04 0 0)
(293.021 0 0)
(293.001 0 0)
(292.979 0 0)
(292.956 0 0)
(292.931 0 0)
(292.904 0 0)
(292.875 0 0)
(292.844 0 0)
(292.812 0 0)
(292.778 0 0)
(292.742 0 0)
(292.705 0 0)
(292.665 0 0)
(292.625 0 0)
(292.582 0 0)
(292.539 0 0)
(292.494 0 0)
(292.447 0 0)
(292.4 0 0)
(292.352 0 0)
(292.303 0 0)
(292.254 0 0)
(292.204 0 0)
(292.154 0 0)
(292.104 0 0)
(292.054 0 0)
(292.004 0 0)
(291.955 0 0)
(291.907 0 0)
(291.859 0 0)
(291.812 0 0)
(291.767 0 0)
(291.723 0 0)
(291.68 0 0)
(291.639 0 0)
(291.6 0 0)
(291.562 0 0)
(291.525 0 0)
(291.491 0 0)
(291.459 0 0)
(291.428 0 0)
(291.399 0 0)
(291.372 0 0)
(291.346 0 0)
(291.323 0 0)
(291.301 0 0)
(291.281 0 0)
(291.262 0 0)
(291.245 0 0)
(291.229 0 0)
(291.215 0 0)
(291.202 0 0)
(291.19 0 0)
(291.18 0 0)
(291.17 0 0)
(291.162 0 0)
(291.154 0 0)
(291.147 0 0)
(291.141 0 0)
(291.136 0 0)
(291.131 0 0)
(291.127 0 0)
(291.124 0 0)
(291.121 0 0)
(291.119 0 0)
(291.117 0 0)
(291.115 0 0)
(291.114 0 0)
(291.113 0 0)
(291.113 0 0)
(291.113 0 0)
(291.113 0 0)
(291.113 0 0)
(291.113 0 0)
(291.114 0 0)
(291.116 0 0)
(291.117 0 0)
(291.119 0 0)
(291.121 0 0)
(291.124 0 0)
(291.126 0 0)
(291.129 0 0)
(291.132 0 0)
(291.135 0 0)
(291.138 0 0)
(291.141 0 0)
(291.144 0 0)
(291.148 0 0)
(291.151 0 0)
(291.154 0 0)
(291.157 0 0)
(291.161 0 0)
(291.164 0 0)
(291.167 0 0)
(291.17 0 0)
(291.172 0 0)
(291.175 0 0)
(291.177 0 0)
(291.179 0 0)
(291.181 0 0)
(291.183 0 0)
(291.185 0 0)
(291.187 0 0)
(291.188 0 0)
(291.189 0 0)
(291.19 0 0)
(291.191 0 0)
(291.192 0 0)
(291.192 0 0)
(291.193 0 0)
(291.193 0 0)
(291.193 0 0)
(291.193 0 0)
(291.194 0 0)
(291.194 0 0)
(291.194 0 0)
)
;

boundaryField
{
    sides
    {
        type            zeroGradient;
    }
    empty
    {
        type            empty;
    }
}


// ************************************************************************* //
