/*--------------------------------*- C++ -*----------------------------------*\
| =========                 |                                                 |
| \\      /  F ield         | OpenFOAM: The Open Source CFD Toolbox           |
|  \\    /   O peration     | Version:  2406                                  |
|   \\  /    A nd           | Website:  www.openfoam.com                      |
|    \\/     M anipulation  |                                                 |
\*---------------------------------------------------------------------------*/
FoamFile
{
    version     2.0;
    format      ascii;
    arch        "LSB;label=32;scalar=64";
    class       volScalarField;
    location    "0.009";
    object      mag(U);
}
// * * * * * * * * * * * * * * * * * * * * * * * * * * * * * * * * * * * * * //

dimensions      [0 1 -1 0 0 0 0];

internalField   nonuniform List<scalar> 
1000
(
1.07946e-12
1.38579e-12
1.50249e-12
1.98387e-12
1.80883e-12
2.45067e-12
2.05681e-12
2.24644e-12
2.29021e-12
2.27562e-12
2.29021e-12
2.1881e-12
2.14433e-12
1.86717e-12
2.0714e-12
1.89635e-12
1.92552e-12
1.56084e-12
1.838e-12
1.53167e-12
1.51708e-12
1.40038e-12
1.38579e-12
1.35662e-12
1.12322e-12
8.75238e-13
1.10863e-12
9.33587e-13
8.89825e-13
8.16889e-13
5.68905e-13
5.83492e-13
7.43952e-13
4.81381e-13
9.33587e-13
7.5854e-13
9.91936e-13
9.91936e-13
1.00652e-12
1.44414e-12
1.28368e-12
1.56084e-12
1.7213e-12
1.7213e-12
1.91094e-12
1.45873e-12
1.94011e-12
1.45873e-12
1.69213e-12
1.44414e-12
1.51708e-12
1.56084e-12
1.37121e-12
1.50249e-12
1.25451e-12
1.4879e-12
1.40038e-12
1.6046e-12
1.61919e-12
1.77965e-12
2.20268e-12
2.1881e-12
2.88829e-12
3.34049e-12
4.90133e-12
6.6664e-12
9.93395e-12
1.47623e-11
2.31646e-11
3.60015e-11
5.62195e-11
8.97702e-11
1.41686e-10
2.24528e-10
3.5542e-10
5.6078e-10
8.824e-10
1.38479e-09
2.1664e-09
3.37686e-09
5.24685e-09
8.12123e-09
1.25261e-08
1.92493e-08
2.94696e-08
4.49495e-08
6.82989e-08
1.03386e-07
1.55894e-07
2.34166e-07
3.50365e-07
5.22173e-07
7.75156e-07
1.14613e-06
1.68785e-06
2.47558e-06
3.6162e-06
5.26072e-06
7.62152e-06
1.09958e-05
1.57976e-05
2.26005e-05
3.21953e-05
4.56669e-05
6.44954e-05
9.06902e-05
0.000126964
0.00017696
0.000245543
0.000339174
0.000466384
0.000638371
0.000869755
0.0011795
0.00159204
0.00213873
0.00285943
0.00380462
0.0050377
0.00663779
0.00870297
0.011354
0.0147382
0.0190344
0.0244577
0.0312649
0.03976
0.0502999
0.0633001
0.0792398
0.0986669
0.122202
0.150539
0.184452
0.224787
0.272466
0.328476
0.393867
0.46974
0.557233
0.65751
0.77174
0.901085
1.04668
1.2096
1.39088
1.59145
1.81215
2.05372
2.31676
2.60175
2.90905
3.23887
3.5913
3.96629
4.3637
4.78325
5.22456
5.68719
6.17059
6.67416
7.19724
7.73916
8.29917
8.87654
9.47052
10.0803
10.7053
11.3446
11.9975
12.6634
13.3416
14.0313
14.7321
15.4432
16.1642
16.8944
17.6334
18.3806
19.1357
19.8982
20.6677
21.4438
22.2261
23.0143
23.8082
24.6074
25.4116
26.2206
27.0342
27.852
28.674
29.4999
30.3295
31.1627
31.9992
32.839
33.6819
34.5277
35.3763
36.2276
37.0815
37.9378
38.7966
39.6576
40.5207
41.3859
42.2532
43.1223
43.9933
44.8661
45.7405
46.6166
47.4943
48.3734
49.254
50.136
51.0193
51.9039
52.7897
53.6767
54.5649
55.4541
56.3444
57.2358
58.1281
59.0213
59.9155
60.8106
61.7064
62.6032
63.5006
64.3989
65.2979
66.1976
67.0979
67.9989
68.9006
69.8029
70.7057
71.6092
72.5131
73.4177
74.3227
75.2282
76.1342
77.0407
77.9476
78.855
79.7628
80.671
81.5796
82.4885
83.3979
84.3076
85.2176
86.128
87.0387
87.9497
88.8611
89.7727
90.6846
91.5968
92.5092
93.422
94.3349
95.2482
96.1616
97.0753
97.9892
98.9033
99.8176
100.732
101.647
102.562
103.477
104.392
105.308
106.223
107.139
108.055
108.971
109.887
110.804
111.72
112.637
113.553
114.47
115.387
116.304
117.222
118.139
119.056
119.974
120.891
121.809
122.727
123.645
124.563
125.481
126.399
127.317
128.235
129.153
130.071
130.99
131.908
132.827
133.745
134.664
135.582
136.501
137.42
138.338
139.257
140.176
141.094
142.013
142.932
143.851
144.769
145.688
146.607
147.526
148.445
149.363
150.282
151.201
152.12
153.038
153.957
154.876
155.794
156.713
157.632
158.55
159.469
160.387
161.306
162.224
163.143
164.061
164.979
165.897
166.816
167.734
168.652
169.57
170.488
171.405
172.323
173.241
174.158
175.076
175.993
176.91
177.828
178.745
179.662
180.579
181.495
182.412
183.329
184.245
185.161
186.077
186.993
187.909
188.825
189.741
190.656
191.571
192.486
193.401
194.316
195.23
196.145
197.059
197.973
198.887
199.8
200.713
201.627
202.539
203.452
204.364
205.276
206.188
207.1
208.011
208.922
209.832
210.743
211.653
212.562
213.472
214.381
215.289
216.197
217.105
218.013
218.919
219.826
220.732
221.638
222.543
223.447
224.351
225.255
226.158
227.06
227.961
228.863
229.763
230.663
231.562
232.46
233.357
234.254
235.15
236.045
236.939
237.832
238.724
239.615
240.505
241.394
242.282
243.168
244.054
244.937
245.82
246.701
247.581
248.459
249.335
250.209
251.082
251.953
252.822
253.688
254.553
255.415
256.275
257.132
257.987
258.838
259.687
260.532
261.375
262.213
263.048
263.88
264.707
265.53
266.348
267.162
267.97
268.774
269.571
270.363
271.149
271.928
272.7
273.464
274.221
274.97
275.711
276.442
277.164
277.875
278.577
279.267
279.945
280.611
281.264
281.904
282.53
283.141
283.737
284.317
284.88
285.426
285.954
286.463
286.954
287.425
287.877
288.308
288.719
289.108
289.477
289.824
290.15
290.455
290.739
291.003
291.246
291.47
291.674
291.861
292.029
292.181
292.318
292.439
292.547
292.641
292.725
292.797
292.86
292.914
292.96
293
293.034
293.062
293.086
293.105
293.122
293.135
293.147
293.156
293.164
293.17
293.175
293.179
293.182
293.185
293.187
293.189
293.191
293.192
293.193
293.194
293.195
293.195
293.196
293.196
293.196
293.197
293.197
293.197
293.197
293.197
293.198
293.198
293.198
293.198
293.198
293.198
293.198
293.198
293.198
293.198
293.198
293.198
293.198
293.198
293.199
293.199
293.199
293.199
293.199
293.199
293.199
293.199
293.199
293.199
293.199
293.199
293.199
293.199
293.199
293.199
293.199
293.199
293.199
293.199
293.199
293.199
293.199
293.199
293.199
293.199
293.2
293.2
293.2
293.2
293.2
293.2
293.2
293.2
293.2
293.2
293.2
293.2
293.2
293.2
293.2
293.2
293.2
293.2
293.2
293.201
293.201
293.201
293.201
293.201
293.201
293.201
293.201
293.201
293.201
293.201
293.201
293.201
293.201
293.201
293.201
293.201
293.201
293.201
293.201
293.201
293.201
293.201
293.201
293.201
293.201
293.201
293.201
293.201
293.201
293.201
293.201
293.201
293.201
293.201
293.201
293.201
293.201
293.201
293.201
293.201
293.201
293.201
293.201
293.201
293.201
293.201
293.201
293.201
293.201
293.201
293.201
293.201
293.201
293.201
293.201
293.201
293.201
293.201
293.201
293.201
293.201
293.201
293.201
293.201
293.201
293.201
293.201
293.201
293.201
293.201
293.201
293.201
293.201
293.201
293.201
293.201
293.201
293.201
293.201
293.201
293.201
293.201
293.201
293.201
293.201
293.201
293.201
293.201
293.201
293.201
293.201
293.201
293.201
293.201
293.201
293.201
293.201
293.201
293.201
293.201
293.201
293.201
293.201
293.201
293.201
293.201
293.201
293.201
293.201
293.201
293.201
293.201
293.201
293.201
293.201
293.201
293.201
293.201
293.201
293.201
293.201
293.201
293.201
293.201
293.201
293.201
293.201
293.201
293.201
293.201
293.201
293.201
293.201
293.201
293.201
293.201
293.201
293.201
293.201
293.201
293.201
293.201
293.2
293.2
293.2
293.199
293.199
293.198
293.196
293.195
293.193
293.191
293.189
293.187
293.184
293.182
293.181
293.179
293.178
293.178
293.178
293.179
293.18
293.181
293.183
293.185
293.187
293.189
293.191
293.193
293.194
293.195
293.196
293.197
293.198
293.198
293.199
293.199
293.199
293.199
293.2
293.2
293.2
293.2
293.199
293.199
293.199
293.199
293.199
293.199
293.199
293.199
293.199
293.199
293.199
293.199
293.199
293.199
293.199
293.199
293.199
293.199
293.199
293.199
293.199
293.199
293.199
293.199
293.199
293.199
293.199
293.199
293.199
293.199
293.199
293.199
293.198
293.198
293.198
293.198
293.198
293.198
293.198
293.198
293.198
293.198
293.198
293.198
293.198
293.198
293.198
293.198
293.198
293.198
293.198
293.198
293.198
293.198
293.198
293.197
293.197
293.197
293.197
293.197
293.197
293.197
293.197
293.197
293.197
293.197
293.197
293.197
293.197
293.197
293.197
293.197
293.197
293.196
293.196
293.196
293.196
293.196
293.196
293.196
293.196
293.196
293.196
293.196
293.196
293.196
293.196
293.196
293.196
293.196
293.195
293.195
293.195
293.195
293.195
293.195
293.195
293.195
293.195
293.196
293.196
293.196
293.195
293.195
293.195
293.195
293.195
293.194
293.194
293.194
293.194
293.193
293.193
293.193
293.193
293.193
293.194
293.194
293.194
293.194
293.194
293.194
293.193
293.193
293.193
293.192
293.192
293.192
293.191
293.191
293.191
293.191
293.191
293.191
293.192
293.192
293.192
293.192
293.192
293.192
293.191
293.191
293.19
293.19
293.189
293.189
293.189
293.188
293.188
293.188
293.189
293.189
293.19
293.19
293.19
293.19
293.19
293.19
293.189
293.188
293.188
293.187
293.186
293.186
293.185
293.185
293.185
293.185
293.186
293.186
293.187
293.187
293.188
293.188
293.188
293.187
293.187
293.186
293.184
293.183
293.181
293.18
293.18
293.18
293.18
293.182
293.183
293.183
293.183
293.183
293.182
293.181
293.18
293.179
293.176
293.171
293.163
293.145
293.119
293.072
293.013
292.874
292.759
292.38
291.872
290.35
287.071
279.669
262.162
224.566
160.578
87.452
27.7447
)
;

boundaryField
{
    sides
    {
        type            calculated;
        value           nonuniform List<scalar> 2(27.7447 1.07946e-12);
    }
    empty
    {
        type            empty;
    }
}


// ************************************************************************* //
