# Force and moment coefficients
# dragDir     : (9.708389e-01 2.397330e-01 0.000000e+00)
# sideDir     : (0.000000e+00 0.000000e+00 -1.000000e+00)
# liftDir     : (-2.397330e-01 9.708389e-01 0.000000e+00)
# rollAxis    : (9.708389e-01 2.397330e-01 0.000000e+00)
# pitchAxis   : (0.000000e+00 0.000000e+00 -1.000000e+00)
# yawAxis     : (-2.397330e-01 9.708389e-01 0.000000e+00)
# magUInf     : 6.180220e+02
# lRef        : 1.000000e+00
# Aref        : 1.000000e+00
# CofR        : (0.000000e+00 0.000000e+00 0.000000e+00)
#
# Time        	Cd            	Cd(f)         	Cd(r)         	Cl            	Cl(f)         	Cl(r)         	CmPitch       	CmRoll        	CmYaw         	Cs            	Cs(f)         	Cs(r)         
0.00271       	2.640305e-01	-1.610960e-01	4.251264e-01	5.862224e-01	-5.180476e-02	6.380272e-01	-3.449160e-01	-2.931112e-01	1.320152e-01	-2.091339e-22	1.320152e-01	-1.320152e-01
0.00272       	2.640524e-01	-1.611759e-01	4.252283e-01	5.864042e-01	-5.179582e-02	6.382001e-01	-3.449979e-01	-2.932021e-01	1.320262e-01	-2.105061e-22	1.320262e-01	-1.320262e-01
0.00273       	2.640767e-01	-1.612570e-01	4.253338e-01	5.865908e-01	-5.179311e-02	6.383839e-01	-3.450885e-01	-2.932954e-01	1.320384e-01	-2.127078e-22	1.320384e-01	-1.320384e-01
0.00274       	2.641041e-01	-1.613378e-01	4.254419e-01	5.867797e-01	-5.179571e-02	6.385755e-01	-3.451856e-01	-2.933899e-01	1.320520e-01	-2.151312e-22	1.320520e-01	-1.320520e-01
0.00275       	2.641395e-01	-1.614197e-01	4.255592e-01	5.869789e-01	-5.180468e-02	6.387836e-01	-3.452941e-01	-2.934895e-01	1.320698e-01	-2.146558e-22	1.320698e-01	-1.320698e-01
0.00276       	2.641768e-01	-1.615030e-01	4.256798e-01	5.871827e-01	-5.181496e-02	6.389977e-01	-3.454063e-01	-2.935914e-01	1.320884e-01	-2.122425e-22	1.320884e-01	-1.320884e-01
0.00277       	2.642073e-01	-1.615911e-01	4.257984e-01	5.873895e-01	-5.182386e-02	6.392133e-01	-3.455186e-01	-2.936947e-01	1.321036e-01	-2.101268e-22	1.321036e-01	-1.321036e-01
0.00278       	2.642323e-01	-1.616856e-01	4.259179e-01	5.876034e-01	-5.183374e-02	6.394372e-01	-3.456354e-01	-2.938017e-01	1.321162e-01	-2.086693e-22	1.321162e-01	-1.321162e-01
0.00279       	2.642581e-01	-1.617819e-01	4.260400e-01	5.878219e-01	-5.184021e-02	6.396622e-01	-3.457512e-01	-2.939110e-01	1.321291e-01	-2.082524e-22	1.321291e-01	-1.321291e-01
0.0028        	2.642887e-01	-1.618761e-01	4.261648e-01	5.880408e-01	-5.184097e-02	6.398818e-01	-3.458614e-01	-2.940204e-01	1.321443e-01	-2.082024e-22	1.321443e-01	-1.321443e-01
0.00281       	2.643238e-01	-1.619649e-01	4.262887e-01	5.882536e-01	-5.183690e-02	6.400905e-01	-3.459637e-01	-2.941268e-01	1.321619e-01	-2.095915e-22	1.321619e-01	-1.321619e-01
0.00282       	2.643608e-01	-1.620488e-01	4.264096e-01	5.884585e-01	-5.182863e-02	6.402871e-01	-3.460579e-01	-2.942292e-01	1.321804e-01	-2.104180e-22	1.321804e-01	-1.321804e-01
0.00283       	2.643933e-01	-1.621293e-01	4.265225e-01	5.886518e-01	-5.181664e-02	6.404685e-01	-3.461426e-01	-2.943259e-01	1.321966e-01	-2.098797e-22	1.321966e-01	-1.321966e-01
0.00284       	2.644163e-01	-1.622064e-01	4.266227e-01	5.888291e-01	-5.179779e-02	6.406268e-01	-3.462123e-01	-2.944145e-01	1.322081e-01	-2.096425e-22	1.322081e-01	-1.322081e-01
0.00285       	2.644358e-01	-1.622827e-01	4.267185e-01	5.890011e-01	-5.177779e-02	6.407789e-01	-3.462784e-01	-2.945006e-01	1.322179e-01	-2.097957e-22	1.322179e-01	-1.322179e-01
0.00286       	2.644599e-01	-1.623597e-01	4.268196e-01	5.891793e-01	-5.176178e-02	6.409411e-01	-3.463514e-01	-2.945896e-01	1.322300e-01	-2.091910e-22	1.322300e-01	-1.322300e-01
0.00287       	2.644840e-01	-1.624342e-01	4.269182e-01	5.893525e-01	-5.174534e-02	6.410978e-01	-3.464216e-01	-2.946762e-01	1.322420e-01	-2.066765e-22	1.322420e-01	-1.322420e-01
0.00288       	2.645022e-01	-1.625070e-01	4.270092e-01	5.895162e-01	-5.172552e-02	6.412417e-01	-3.464836e-01	-2.947581e-01	1.322511e-01	-2.053765e-22	1.322511e-01	-1.322511e-01
0.00289       	2.645289e-01	-1.625839e-01	4.271128e-01	5.896968e-01	-5.171712e-02	6.414139e-01	-3.465655e-01	-2.948484e-01	1.322644e-01	-2.072264e-22	1.322644e-01	-1.322644e-01
0.0029        	2.645471e-01	-1.626602e-01	4.272073e-01	5.898676e-01	-5.170050e-02	6.415681e-01	-3.466343e-01	-2.949338e-01	1.322735e-01	-2.123211e-22	1.322735e-01	-1.322735e-01
0.00291       	2.645647e-01	-1.627420e-01	4.273068e-01	5.900488e-01	-5.168781e-02	6.417366e-01	-3.467122e-01	-2.950244e-01	1.322824e-01	-2.175697e-22	1.322824e-01	-1.322824e-01
0.00292       	2.645830e-01	-1.628249e-01	4.274079e-01	5.902328e-01	-5.167756e-02	6.419104e-01	-3.467940e-01	-2.951164e-01	1.322915e-01	-2.202842e-22	1.322915e-01	-1.322915e-01
0.00293       	2.646139e-01	-1.629062e-01	4.275201e-01	5.904263e-01	-5.167532e-02	6.421016e-01	-3.468885e-01	-2.952131e-01	1.323069e-01	-2.209253e-22	1.323069e-01	-1.323069e-01
0.00294       	2.646628e-01	-1.629865e-01	4.276493e-01	5.906357e-01	-5.168833e-02	6.423241e-01	-3.470062e-01	-2.953179e-01	1.323314e-01	-2.208043e-22	1.323314e-01	-1.323314e-01
0.00295       	2.647179e-01	-1.630622e-01	4.277802e-01	5.908424e-01	-5.170750e-02	6.425499e-01	-3.471287e-01	-2.954212e-01	1.323590e-01	-2.192397e-22	1.323590e-01	-1.323590e-01
0.00296       	2.647717e-01	-1.631314e-01	4.279031e-01	5.910345e-01	-5.172805e-02	6.427625e-01	-3.472453e-01	-2.955172e-01	1.323858e-01	-2.184259e-22	1.323858e-01	-1.323858e-01
0.00297       	2.648193e-01	-1.631982e-01	4.280175e-01	5.912157e-01	-5.174558e-02	6.429613e-01	-3.473534e-01	-2.956079e-01	1.324097e-01	-2.158229e-22	1.324097e-01	-1.324097e-01
0.00298       	2.648786e-01	-1.632770e-01	4.281556e-01	5.914326e-01	-5.178039e-02	6.432130e-01	-3.474967e-01	-2.957163e-01	1.324393e-01	-2.160961e-22	1.324393e-01	-1.324393e-01
0.00299       	2.649318e-01	-1.633606e-01	4.282924e-01	5.916530e-01	-5.181044e-02	6.434635e-01	-3.476370e-01	-2.958265e-01	1.324659e-01	-2.171778e-22	1.324659e-01	-1.324659e-01
0.003         	2.649695e-01	-1.634397e-01	4.284092e-01	5.918490e-01	-5.181956e-02	6.436685e-01	-3.477440e-01	-2.959245e-01	1.324847e-01	-2.201142e-22	1.324847e-01	-1.324847e-01
0.00301       	2.650115e-01	-1.635135e-01	4.285249e-01	5.920384e-01	-5.182888e-02	6.438673e-01	-3.478481e-01	-2.960192e-01	1.325057e-01	-2.204932e-22	1.325057e-01	-1.325057e-01
0.00302       	2.650492e-01	-1.635767e-01	4.286259e-01	5.922026e-01	-5.183361e-02	6.440362e-01	-3.479349e-01	-2.961013e-01	1.325246e-01	-2.182828e-22	1.325246e-01	-1.325246e-01
0.00303       	2.650838e-01	-1.636322e-01	4.287161e-01	5.923483e-01	-5.183718e-02	6.441855e-01	-3.480113e-01	-2.961742e-01	1.325419e-01	-2.161866e-22	1.325419e-01	-1.325419e-01
0.00304       	2.651141e-01	-1.636822e-01	4.287963e-01	5.924785e-01	-5.183889e-02	6.443174e-01	-3.480782e-01	-2.962393e-01	1.325571e-01	-2.142010e-22	1.325571e-01	-1.325571e-01
0.00305       	2.651446e-01	-1.637328e-01	4.288774e-01	5.926102e-01	-5.184189e-02	6.444521e-01	-3.481470e-01	-2.963051e-01	1.325723e-01	-2.118976e-22	1.325723e-01	-1.325723e-01
0.00306       	2.651846e-01	-1.637913e-01	4.289759e-01	5.927672e-01	-5.185427e-02	6.446214e-01	-3.482378e-01	-2.963836e-01	1.325923e-01	-2.102033e-22	1.325923e-01	-1.325923e-01
0.00307       	2.652315e-01	-1.638559e-01	4.290874e-01	5.929433e-01	-5.187126e-02	6.448146e-01	-3.483429e-01	-2.964717e-01	1.326158e-01	-2.097324e-22	1.326158e-01	-1.326158e-01
0.00308       	2.652889e-01	-1.639256e-01	4.292145e-01	5.931400e-01	-5.189247e-02	6.450325e-01	-3.484625e-01	-2.965700e-01	1.326444e-01	-2.113690e-22	1.326444e-01	-1.326444e-01
0.00309       	2.653518e-01	-1.639958e-01	4.293477e-01	5.933435e-01	-5.191356e-02	6.452571e-01	-3.485853e-01	-2.966718e-01	1.326759e-01	-2.148478e-22	1.326759e-01	-1.326759e-01
0.0031        	2.654063e-01	-1.640608e-01	4.294671e-01	5.935279e-01	-5.192451e-02	6.454524e-01	-3.486884e-01	-2.967639e-01	1.327032e-01	-2.183534e-22	1.327032e-01	-1.327032e-01
0.00311       	2.654755e-01	-1.641323e-01	4.296078e-01	5.937401e-01	-5.195090e-02	6.456910e-01	-3.488210e-01	-2.968701e-01	1.327377e-01	-2.184825e-22	1.327377e-01	-1.327377e-01
0.00312       	2.655560e-01	-1.642095e-01	4.297655e-01	5.939749e-01	-5.198380e-02	6.459587e-01	-3.489713e-01	-2.969875e-01	1.327780e-01	-2.200311e-22	1.327780e-01	-1.327780e-01
0.00313       	2.656343e-01	-1.642870e-01	4.299213e-01	5.942083e-01	-5.200239e-02	6.462107e-01	-3.491066e-01	-2.971042e-01	1.328171e-01	-2.216329e-22	1.328171e-01	-1.328171e-01
0.00314       	2.657021e-01	-1.643636e-01	4.300657e-01	5.944292e-01	-5.200338e-02	6.464326e-01	-3.492180e-01	-2.972146e-01	1.328511e-01	-2.220424e-22	1.328511e-01	-1.328511e-01
0.00315       	2.657509e-01	-1.644382e-01	4.301891e-01	5.946273e-01	-5.198802e-02	6.466153e-01	-3.493017e-01	-2.973136e-01	1.328754e-01	-2.209034e-22	1.328754e-01	-1.328754e-01
0.00316       	2.657849e-01	-1.645142e-01	4.302991e-01	5.948133e-01	-5.196568e-02	6.467790e-01	-3.493723e-01	-2.974067e-01	1.328924e-01	-2.197484e-22	1.328924e-01	-1.328924e-01
0.00317       	2.658213e-01	-1.645964e-01	4.304177e-01	5.950141e-01	-5.195564e-02	6.469697e-01	-3.494627e-01	-2.975070e-01	1.329107e-01	-2.189950e-22	1.329107e-01	-1.329107e-01
0.00318       	2.658417e-01	-1.646740e-01	4.305157e-01	5.951897e-01	-5.193479e-02	6.471244e-01	-3.495296e-01	-2.975948e-01	1.329208e-01	-2.195456e-22	1.329208e-01	-1.329208e-01
0.00319       	2.658881e-01	-1.647605e-01	4.306485e-01	5.954090e-01	-5.194165e-02	6.473507e-01	-3.496462e-01	-2.977045e-01	1.329440e-01	-2.194285e-22	1.329440e-01	-1.329440e-01
0.0032        	2.659433e-01	-1.648468e-01	4.307901e-01	5.956369e-01	-5.195413e-02	6.475910e-01	-3.497726e-01	-2.978185e-01	1.329716e-01	-2.200031e-22	1.329716e-01	-1.329716e-01
0.00321       	2.660128e-01	-1.649345e-01	4.309474e-01	5.958819e-01	-5.198148e-02	6.478634e-01	-3.499224e-01	-2.979410e-01	1.330064e-01	-2.195412e-22	1.330064e-01	-1.330064e-01
0.00322       	2.660836e-01	-1.650199e-01	4.311035e-01	5.961234e-01	-5.201266e-02	6.481360e-01	-3.500743e-01	-2.980617e-01	1.330418e-01	-2.181954e-22	1.330418e-01	-1.330418e-01
0.00323       	2.661417e-01	-1.651016e-01	4.312433e-01	5.963449e-01	-5.203407e-02	6.483790e-01	-3.502065e-01	-2.981724e-01	1.330709e-01	-2.149662e-22	1.330709e-01	-1.330709e-01
0.00324       	2.662202e-01	-1.651957e-01	4.314159e-01	5.966116e-01	-5.208114e-02	6.486927e-01	-3.503869e-01	-2.983058e-01	1.331101e-01	-2.106822e-22	1.331101e-01	-1.331101e-01
0.00325       	2.662947e-01	-1.652917e-01	4.315863e-01	5.968780e-01	-5.212711e-02	6.490051e-01	-3.505661e-01	-2.984390e-01	1.331473e-01	-2.108674e-22	1.331473e-01	-1.331473e-01
0.00326       	2.663526e-01	-1.653831e-01	4.317357e-01	5.971188e-01	-5.215618e-02	6.492750e-01	-3.507156e-01	-2.985594e-01	1.331763e-01	-2.113627e-22	1.331763e-01	-1.331763e-01
0.00327       	2.663896e-01	-1.654673e-01	4.318570e-01	5.973243e-01	-5.216274e-02	6.494870e-01	-3.508249e-01	-2.986621e-01	1.331948e-01	-2.114260e-22	1.331948e-01	-1.331948e-01
0.00328       	2.664069e-01	-1.655467e-01	4.319536e-01	5.975003e-01	-5.214857e-02	6.496489e-01	-3.508987e-01	-2.987502e-01	1.332035e-01	-2.121733e-22	1.332035e-01	-1.332035e-01
0.00329       	2.664124e-01	-1.656261e-01	4.320385e-01	5.976646e-01	-5.212404e-02	6.497887e-01	-3.509564e-01	-2.988323e-01	1.332062e-01	-2.144667e-22	1.332062e-01	-1.332062e-01
0.0033        	2.664222e-01	-1.657104e-01	4.321326e-01	5.978430e-01	-5.211066e-02	6.499536e-01	-3.510321e-01	-2.989215e-01	1.332111e-01	-2.135526e-22	1.332111e-01	-1.332111e-01
0.00331       	2.664211e-01	-1.657915e-01	4.322126e-01	5.980041e-01	-5.209235e-02	6.500964e-01	-3.510944e-01	-2.990020e-01	1.332106e-01	-2.128471e-22	1.332106e-01	-1.332106e-01
0.00332       	2.664419e-01	-1.658791e-01	4.323210e-01	5.982001e-01	-5.210140e-02	6.503016e-01	-3.512015e-01	-2.991001e-01	1.332210e-01	-2.136246e-22	1.332210e-01	-1.332210e-01
0.00333       	2.664783e-01	-1.659682e-01	4.324464e-01	5.984146e-01	-5.212594e-02	6.505405e-01	-3.513332e-01	-2.992073e-01	1.332391e-01	-2.152020e-22	1.332391e-01	-1.332391e-01
0.00334       	2.665234e-01	-1.660566e-01	4.325800e-01	5.986366e-01	-5.215635e-02	6.507930e-01	-3.514747e-01	-2.993183e-01	1.332617e-01	-2.177816e-22	1.332617e-01	-1.332617e-01
0.00335       	2.665709e-01	-1.661453e-01	4.327161e-01	5.988614e-01	-5.218500e-02	6.510464e-01	-3.516157e-01	-2.994307e-01	1.332854e-01	-2.194459e-22	1.332854e-01	-1.332854e-01
0.00336       	2.666108e-01	-1.662325e-01	4.328433e-01	5.990757e-01	-5.220179e-02	6.512775e-01	-3.517397e-01	-2.995379e-01	1.333054e-01	-2.202548e-22	1.333054e-01	-1.333054e-01
0.00337       	2.666759e-01	-1.663316e-01	4.330075e-01	5.993391e-01	-5.224576e-02	6.515848e-01	-3.519153e-01	-2.996695e-01	1.333379e-01	-2.207552e-22	1.333379e-01	-1.333379e-01
0.00338       	2.667308e-01	-1.664324e-01	4.331632e-01	5.995956e-01	-5.228270e-02	6.518783e-01	-3.520805e-01	-2.997978e-01	1.333654e-01	-2.199748e-22	1.333654e-01	-1.333654e-01
0.00339       	2.667762e-01	-1.665354e-01	4.333116e-01	5.998469e-01	-5.231437e-02	6.521613e-01	-3.522378e-01	-2.999235e-01	1.333881e-01	-2.189585e-22	1.333881e-01	-1.333881e-01
0.0034        	2.668068e-01	-1.666349e-01	4.334418e-01	6.000767e-01	-5.233569e-02	6.524124e-01	-3.523740e-01	-3.000383e-01	1.334034e-01	-2.160842e-22	1.334034e-01	-1.334034e-01
0.00341       	2.668280e-01	-1.667298e-01	4.335578e-01	6.002876e-01	-5.235285e-02	6.526405e-01	-3.524967e-01	-3.001438e-01	1.334140e-01	-2.112431e-22	1.334140e-01	-1.334140e-01
0.00342       	2.668440e-01	-1.668181e-01	4.336621e-01	6.004802e-01	-5.236437e-02	6.528446e-01	-3.526045e-01	-3.002401e-01	1.334220e-01	-2.080855e-22	1.334220e-01	-1.334220e-01
0.00343       	2.668678e-01	-1.669042e-01	4.337721e-01	6.006763e-01	-5.237641e-02	6.530527e-01	-3.527146e-01	-3.003382e-01	1.334339e-01	-2.059805e-22	1.334339e-01	-1.334339e-01
0.00344       	2.668812e-01	-1.669820e-01	4.338632e-01	6.008452e-01	-5.236452e-02	6.532097e-01	-3.527871e-01	-3.004226e-01	1.334406e-01	-2.053980e-22	1.334406e-01	-1.334406e-01
0.00345       	2.669212e-01	-1.670668e-01	4.339880e-01	6.010548e-01	-5.237131e-02	6.534261e-01	-3.528987e-01	-3.005274e-01	1.334606e-01	-2.067090e-22	1.334606e-01	-1.334606e-01
0.00346       	2.669659e-01	-1.671514e-01	4.341172e-01	6.012686e-01	-5.237819e-02	6.536468e-01	-3.530125e-01	-3.006343e-01	1.334829e-01	-2.093352e-22	1.334829e-01	-1.334829e-01
0.00347       	2.670125e-01	-1.672354e-01	4.342478e-01	6.014832e-01	-5.238327e-02	6.538665e-01	-3.531249e-01	-3.007416e-01	1.335062e-01	-2.105123e-22	1.335062e-01	-1.335062e-01
0.00348       	2.670658e-01	-1.673233e-01	4.343891e-01	6.017125e-01	-5.239717e-02	6.541096e-01	-3.532534e-01	-3.008562e-01	1.335329e-01	-2.100435e-22	1.335329e-01	-1.335329e-01
0.00349       	2.671191e-01	-1.674135e-01	4.345327e-01	6.019462e-01	-5.241647e-02	6.543626e-01	-3.533896e-01	-3.009731e-01	1.335596e-01	-2.101996e-22	1.335596e-01	-1.335596e-01
0.0035        	2.671699e-01	-1.675036e-01	4.346735e-01	6.021771e-01	-5.244016e-02	6.546172e-01	-3.535287e-01	-3.010885e-01	1.335849e-01	-2.100045e-22	1.335849e-01	-1.335849e-01
0.00351       	2.672284e-01	-1.675961e-01	4.348245e-01	6.024205e-01	-5.248078e-02	6.549013e-01	-3.536910e-01	-3.012103e-01	1.336142e-01	-2.120154e-22	1.336142e-01	-1.336142e-01
0.00352       	2.672715e-01	-1.676816e-01	4.349531e-01	6.026346e-01	-5.251122e-02	6.551458e-01	-3.538285e-01	-3.013173e-01	1.336358e-01	-2.127894e-22	1.336358e-01	-1.336358e-01
0.00353       	2.673044e-01	-1.677630e-01	4.350674e-01	6.028305e-01	-5.253312e-02	6.553636e-01	-3.539484e-01	-3.014152e-01	1.336522e-01	-2.139108e-22	1.336522e-01	-1.336522e-01
0.00354       	2.673292e-01	-1.678436e-01	4.351728e-01	6.030164e-01	-5.254269e-02	6.555591e-01	-3.540509e-01	-3.015082e-01	1.336646e-01	-2.163029e-22	1.336646e-01	-1.336646e-01
0.00355       	2.673524e-01	-1.679257e-01	4.352781e-01	6.032038e-01	-5.254217e-02	6.557459e-01	-3.541440e-01	-3.016019e-01	1.336762e-01	-2.184681e-22	1.336762e-01	-1.336762e-01
0.00356       	2.673830e-01	-1.680106e-01	4.353937e-01	6.034043e-01	-5.253988e-02	6.559441e-01	-3.542420e-01	-3.017021e-01	1.336915e-01	-2.182546e-22	1.336915e-01	-1.336915e-01
0.00357       	2.674224e-01	-1.680979e-01	4.355204e-01	6.036183e-01	-5.254456e-02	6.561629e-01	-3.543537e-01	-3.018092e-01	1.337112e-01	-2.168006e-22	1.337112e-01	-1.337112e-01
0.00358       	2.674639e-01	-1.681860e-01	4.356498e-01	6.038358e-01	-5.255646e-02	6.563923e-01	-3.544744e-01	-3.019179e-01	1.337319e-01	-2.151733e-22	1.337319e-01	-1.337319e-01
0.00359       	2.674810e-01	-1.682650e-01	4.357460e-01	6.040111e-01	-5.254952e-02	6.565606e-01	-3.545550e-01	-3.020055e-01	1.337405e-01	-2.114979e-22	1.337405e-01	-1.337405e-01
0.0036        	2.675209e-01	-1.683545e-01	4.358754e-01	6.042299e-01	-5.257636e-02	6.568063e-01	-3.546913e-01	-3.021150e-01	1.337605e-01	-2.115212e-22	1.337605e-01	-1.337605e-01
0.00361       	2.675620e-01	-1.684454e-01	4.360074e-01	6.044529e-01	-5.261489e-02	6.570678e-01	-3.548413e-01	-3.022264e-01	1.337810e-01	-2.112281e-22	1.337810e-01	-1.337810e-01
0.00362       	2.676025e-01	-1.685349e-01	4.361374e-01	6.046724e-01	-5.265855e-02	6.573309e-01	-3.549947e-01	-3.023362e-01	1.338012e-01	-2.119848e-22	1.338012e-01	-1.338012e-01
0.00363       	2.676380e-01	-1.686201e-01	4.362581e-01	6.048782e-01	-5.269518e-02	6.575733e-01	-3.551343e-01	-3.024391e-01	1.338190e-01	-2.134951e-22	1.338190e-01	-1.338190e-01
0.00364       	2.676729e-01	-1.687015e-01	4.363744e-01	6.050759e-01	-5.272473e-02	6.578006e-01	-3.552627e-01	-3.025380e-01	1.338365e-01	-2.142831e-22	1.338365e-01	-1.338365e-01
0.00365       	2.677102e-01	-1.687825e-01	4.364927e-01	6.052752e-01	-5.275305e-02	6.580283e-01	-3.553907e-01	-3.026376e-01	1.338551e-01	-2.131437e-22	1.338551e-01	-1.338551e-01
0.00366       	2.677746e-01	-1.688752e-01	4.366497e-01	6.055249e-01	-5.281112e-02	6.583360e-01	-3.555736e-01	-3.027625e-01	1.338873e-01	-2.126262e-22	1.338873e-01	-1.338873e-01
0.00367       	2.678332e-01	-1.689688e-01	4.368021e-01	6.057709e-01	-5.286390e-02	6.586348e-01	-3.557494e-01	-3.028855e-01	1.339166e-01	-2.107526e-22	1.339166e-01	-1.339166e-01
0.00368       	2.678591e-01	-1.690507e-01	4.369098e-01	6.059605e-01	-5.288398e-02	6.588444e-01	-3.558642e-01	-3.029802e-01	1.339296e-01	-2.070348e-22	1.339296e-01	-1.339296e-01
0.00369       	2.678589e-01	-1.691205e-01	4.369794e-01	6.060998e-01	-5.287503e-02	6.589749e-01	-3.559249e-01	-3.030499e-01	1.339294e-01	-2.038042e-22	1.339294e-01	-1.339294e-01
0.0037        	2.678555e-01	-1.691864e-01	4.370419e-01	6.062283e-01	-5.286401e-02	6.590923e-01	-3.559782e-01	-3.031142e-01	1.339277e-01	-2.038955e-22	1.339277e-01	-1.339277e-01
0.00371       	2.678604e-01	-1.692539e-01	4.371143e-01	6.063682e-01	-5.286788e-02	6.592361e-01	-3.560520e-01	-3.031841e-01	1.339302e-01	-2.072804e-22	1.339302e-01	-1.339302e-01
0.00372       	2.678723e-01	-1.693230e-01	4.371953e-01	6.065183e-01	-5.288104e-02	6.593993e-01	-3.561402e-01	-3.032591e-01	1.339361e-01	-2.136083e-22	1.339361e-01	-1.339361e-01
0.00373       	2.679012e-01	-1.693958e-01	4.372969e-01	6.066927e-01	-5.290774e-02	6.596004e-01	-3.562541e-01	-3.033463e-01	1.339506e-01	-2.144157e-22	1.339506e-01	-1.339506e-01
0.00374       	2.679126e-01	-1.694552e-01	4.373678e-01	6.068230e-01	-5.290761e-02	6.597306e-01	-3.563191e-01	-3.034115e-01	1.339563e-01	-2.158138e-22	1.339563e-01	-1.339563e-01
0.00375       	2.679590e-01	-1.695212e-01	4.374802e-01	6.070014e-01	-5.293961e-02	6.599410e-01	-3.564403e-01	-3.035007e-01	1.339795e-01	-2.181499e-22	1.339795e-01	-1.339795e-01
0.00376       	2.680131e-01	-1.695851e-01	4.375982e-01	6.071833e-01	-5.297831e-02	6.601616e-01	-3.565700e-01	-3.035916e-01	1.340065e-01	-2.190058e-22	1.340065e-01	-1.340065e-01
0.00377       	2.680719e-01	-1.696495e-01	4.377213e-01	6.073708e-01	-5.302305e-02	6.603939e-01	-3.567085e-01	-3.036854e-01	1.340359e-01	-2.172276e-22	1.340359e-01	-1.340359e-01
0.00378       	2.681282e-01	-1.697148e-01	4.378429e-01	6.075577e-01	-5.306852e-02	6.606262e-01	-3.568474e-01	-3.037789e-01	1.340641e-01	-2.157509e-22	1.340641e-01	-1.340641e-01
0.00379       	2.681851e-01	-1.697859e-01	4.379710e-01	6.077569e-01	-5.311843e-02	6.608753e-01	-3.569969e-01	-3.038784e-01	1.340925e-01	-2.147682e-22	1.340925e-01	-1.340925e-01
0.0038        	2.682321e-01	-1.698604e-01	4.380925e-01	6.079529e-01	-5.316206e-02	6.611150e-01	-3.571385e-01	-3.039764e-01	1.341160e-01	-2.153588e-22	1.341160e-01	-1.341160e-01
0.00381       	2.683071e-01	-1.699517e-01	4.382587e-01	6.082104e-01	-5.324163e-02	6.614520e-01	-3.573468e-01	-3.041052e-01	1.341535e-01	-2.165826e-22	1.341535e-01	-1.341535e-01
0.00382       	2.683526e-01	-1.700338e-01	4.383864e-01	6.084202e-01	-5.329183e-02	6.617120e-01	-3.575019e-01	-3.042101e-01	1.341763e-01	-2.188034e-22	1.341763e-01	-1.341763e-01
0.00383       	2.683664e-01	-1.701019e-01	4.384683e-01	6.085701e-01	-5.330790e-02	6.618780e-01	-3.575930e-01	-3.042851e-01	1.341832e-01	-2.197916e-22	1.341832e-01	-1.341832e-01
0.00384       	2.683680e-01	-1.701634e-01	4.385314e-01	6.086948e-01	-5.330793e-02	6.620027e-01	-3.576553e-01	-3.043474e-01	1.341840e-01	-2.198271e-22	1.341840e-01	-1.341840e-01
0.00385       	2.683636e-01	-1.702232e-01	4.385869e-01	6.088101e-01	-5.330115e-02	6.621113e-01	-3.577062e-01	-3.044051e-01	1.341818e-01	-2.179271e-22	1.341818e-01	-1.341818e-01
0.00386       	2.683716e-01	-1.702901e-01	4.386616e-01	6.089517e-01	-5.330882e-02	6.622605e-01	-3.577847e-01	-3.044758e-01	1.341858e-01	-2.153345e-22	1.341858e-01	-1.341858e-01
0.00387       	2.683906e-01	-1.703623e-01	4.387528e-01	6.091151e-01	-5.332441e-02	6.624395e-01	-3.578820e-01	-3.045576e-01	1.341953e-01	-2.118606e-22	1.341953e-01	-1.341953e-01
0.00388       	2.684201e-01	-1.704371e-01	4.388572e-01	6.092943e-01	-5.334499e-02	6.626393e-01	-3.579922e-01	-3.046472e-01	1.342101e-01	-2.100469e-22	1.342101e-01	-1.342101e-01
0.00389       	2.684423e-01	-1.705104e-01	4.389526e-01	6.094630e-01	-5.335418e-02	6.628172e-01	-3.580857e-01	-3.047315e-01	1.342211e-01	-2.082586e-22	1.342211e-01	-1.342211e-01
0.0039        	2.684636e-01	-1.705841e-01	4.390477e-01	6.096318e-01	-5.335984e-02	6.629917e-01	-3.581758e-01	-3.048159e-01	1.342318e-01	-2.077730e-22	1.342318e-01	-1.342318e-01
0.00391       	2.684890e-01	-1.706538e-01	4.391428e-01	6.097966e-01	-5.336292e-02	6.631595e-01	-3.582612e-01	-3.048983e-01	1.342445e-01	-2.086541e-22	1.342445e-01	-1.342445e-01
0.00392       	2.685255e-01	-1.707201e-01	4.392456e-01	6.099657e-01	-5.336956e-02	6.633353e-01	-3.583524e-01	-3.049829e-01	1.342627e-01	-2.110041e-22	1.342627e-01	-1.342627e-01
0.00393       	2.685729e-01	-1.707877e-01	4.393606e-01	6.101483e-01	-5.338206e-02	6.635304e-01	-3.584562e-01	-3.050741e-01	1.342864e-01	-2.122523e-22	1.342864e-01	-1.342864e-01
0.00394       	2.686261e-01	-1.708602e-01	4.394863e-01	6.103465e-01	-5.340191e-02	6.637485e-01	-3.585752e-01	-3.051733e-01	1.343130e-01	-2.155086e-22	1.343130e-01	-1.343130e-01
0.00395       	2.686845e-01	-1.709401e-01	4.396247e-01	6.105648e-01	-5.343219e-02	6.639970e-01	-3.587146e-01	-3.052824e-01	1.343423e-01	-2.182019e-22	1.343423e-01	-1.343423e-01
0.00396       	2.687396e-01	-1.710231e-01	4.397628e-01	6.107859e-01	-5.346194e-02	6.642479e-01	-3.588549e-01	-3.053930e-01	1.343698e-01	-2.195666e-22	1.343698e-01	-1.343698e-01
0.00397       	2.687839e-01	-1.711046e-01	4.398885e-01	6.109931e-01	-5.348068e-02	6.644738e-01	-3.589772e-01	-3.054965e-01	1.343920e-01	-2.184582e-22	1.343920e-01	-1.343920e-01
0.00398       	2.688335e-01	-1.711875e-01	4.400210e-01	6.112085e-01	-5.350893e-02	6.647174e-01	-3.591132e-01	-3.056042e-01	1.344168e-01	-2.184942e-22	1.344168e-01	-1.344168e-01
0.00399       	2.688963e-01	-1.712736e-01	4.401700e-01	6.114436e-01	-5.355548e-02	6.649991e-01	-3.592773e-01	-3.057218e-01	1.344482e-01	-2.194314e-22	1.344482e-01	-1.344482e-01
0.004         	2.689538e-01	-1.713557e-01	4.403095e-01	6.116652e-01	-5.359928e-02	6.652645e-01	-3.594319e-01	-3.058326e-01	1.344769e-01	-2.201381e-22	1.344769e-01	-1.344769e-01
0.00401       	2.689979e-01	-1.714310e-01	4.404288e-01	6.118598e-01	-5.362972e-02	6.654896e-01	-3.595596e-01	-3.059299e-01	1.344989e-01	-2.216842e-22	1.344989e-01	-1.344989e-01
0.00402       	2.690200e-01	-1.714971e-01	4.405171e-01	6.120141e-01	-5.363675e-02	6.656509e-01	-3.596438e-01	-3.060071e-01	1.345100e-01	-2.206014e-22	1.345100e-01	-1.345100e-01
0.00403       	2.690370e-01	-1.715616e-01	4.405986e-01	6.121602e-01	-5.363759e-02	6.657978e-01	-3.597177e-01	-3.060801e-01	1.345185e-01	-2.191496e-22	1.345185e-01	-1.345185e-01
0.00404       	2.690678e-01	-1.716336e-01	4.407014e-01	6.123350e-01	-5.364930e-02	6.659843e-01	-3.598168e-01	-3.061675e-01	1.345339e-01	-2.173830e-22	1.345339e-01	-1.345339e-01
0.00405       	2.691113e-01	-1.717145e-01	4.408258e-01	6.125404e-01	-5.366898e-02	6.662094e-01	-3.599392e-01	-3.062702e-01	1.345556e-01	-2.145290e-22	1.345556e-01	-1.345556e-01
0.00406       	2.691588e-01	-1.718014e-01	4.409602e-01	6.127616e-01	-5.369142e-02	6.664530e-01	-3.600722e-01	-3.063808e-01	1.345794e-01	-2.115057e-22	1.345794e-01	-1.345794e-01
0.00407       	2.691982e-01	-1.718899e-01	4.410881e-01	6.129780e-01	-5.370882e-02	6.666868e-01	-3.601978e-01	-3.064890e-01	1.345991e-01	-2.115564e-22	1.345991e-01	-1.345991e-01
0.00408       	2.692242e-01	-1.719800e-01	4.412042e-01	6.131842e-01	-5.371569e-02	6.668998e-01	-3.603078e-01	-3.065921e-01	1.346121e-01	-2.112882e-22	1.346121e-01	-1.346121e-01
0.00409       	2.692449e-01	-1.720740e-01	4.413189e-01	6.133928e-01	-5.372113e-02	6.671140e-01	-3.604175e-01	-3.066964e-01	1.346224e-01	-2.107139e-22	1.346224e-01	-1.346224e-01
0.0041        	2.692638e-01	-1.721709e-01	4.414347e-01	6.136056e-01	-5.373023e-02	6.673358e-01	-3.605330e-01	-3.068028e-01	1.346319e-01	-2.097050e-22	1.346319e-01	-1.346319e-01
0.00411       	2.692869e-01	-1.722690e-01	4.415558e-01	6.138248e-01	-5.374771e-02	6.675725e-01	-3.606601e-01	-3.069124e-01	1.346434e-01	-2.093092e-22	1.346434e-01	-1.346434e-01
0.00412       	2.693133e-01	-1.723647e-01	4.416779e-01	6.140426e-01	-5.377047e-02	6.678131e-01	-3.607918e-01	-3.070213e-01	1.346566e-01	-2.096049e-22	1.346566e-01	-1.346566e-01
0.00413       	2.693431e-01	-1.724556e-01	4.417988e-01	6.142544e-01	-5.379521e-02	6.680496e-01	-3.609224e-01	-3.071272e-01	1.346716e-01	-2.091634e-22	1.346716e-01	-1.346716e-01
0.00414       	2.693775e-01	-1.725399e-01	4.419174e-01	6.144573e-01	-5.382267e-02	6.682799e-01	-3.610513e-01	-3.072286e-01	1.346887e-01	-2.104954e-22	1.346887e-01	-1.346887e-01
0.00415       	2.694333e-01	-1.726249e-01	4.420582e-01	6.146831e-01	-5.387575e-02	6.685588e-01	-3.612173e-01	-3.073415e-01	1.347166e-01	-2.137143e-22	1.347166e-01	-1.347166e-01
0.00416       	2.694843e-01	-1.727039e-01	4.421881e-01	6.148920e-01	-5.392864e-02	6.688206e-01	-3.613746e-01	-3.074460e-01	1.347421e-01	-2.177499e-22	1.347421e-01	-1.347421e-01
0.00417       	2.695207e-01	-1.727760e-01	4.422967e-01	6.150727e-01	-5.397030e-02	6.690430e-01	-3.615066e-01	-3.075363e-01	1.347604e-01	-2.205081e-22	1.347604e-01	-1.347604e-01
0.00418       	2.695549e-01	-1.728464e-01	4.424012e-01	6.152476e-01	-5.401041e-02	6.692580e-01	-3.616342e-01	-3.076238e-01	1.347774e-01	-2.213242e-22	1.347774e-01	-1.347774e-01
0.00419       	2.695746e-01	-1.729085e-01	4.424831e-01	6.153916e-01	-5.403215e-02	6.694237e-01	-3.617279e-01	-3.076958e-01	1.347873e-01	-2.220127e-22	1.347873e-01	-1.347873e-01
0.0042        	2.696028e-01	-1.729711e-01	4.425738e-01	6.155449e-01	-5.405519e-02	6.696001e-01	-3.618276e-01	-3.077724e-01	1.348014e-01	-2.206051e-22	1.348014e-01	-1.348014e-01
0.00421       	2.696464e-01	-1.730389e-01	4.426853e-01	6.157242e-01	-5.408452e-02	6.698087e-01	-3.619466e-01	-3.078621e-01	1.348232e-01	-2.168925e-22	1.348232e-01	-1.348232e-01
0.00422       	2.697076e-01	-1.731130e-01	4.428206e-01	6.159336e-01	-5.412523e-02	6.700589e-01	-3.620920e-01	-3.079668e-01	1.348538e-01	-2.138837e-22	1.348538e-01	-1.348538e-01
0.00423       	2.697678e-01	-1.731865e-01	4.429542e-01	6.161407e-01	-5.416416e-02	6.703049e-01	-3.622345e-01	-3.080703e-01	1.348839e-01	-2.113169e-22	1.348839e-01	-1.348839e-01
0.00424       	2.698174e-01	-1.732568e-01	4.430741e-01	6.163309e-01	-5.419510e-02	6.705260e-01	-3.623606e-01	-3.081655e-01	1.349087e-01	-2.103504e-22	1.349087e-01	-1.349087e-01
0.00425       	2.698588e-01	-1.733295e-01	4.431883e-01	6.165179e-01	-5.421967e-02	6.707376e-01	-3.624786e-01	-3.082589e-01	1.349294e-01	-2.106721e-22	1.349294e-01	-1.349294e-01
0.00426       	2.698963e-01	-1.734093e-01	4.433056e-01	6.167149e-01	-5.424056e-02	6.709554e-01	-3.625980e-01	-3.083574e-01	1.349482e-01	-2.108614e-22	1.349482e-01	-1.349482e-01
0.00427       	2.699316e-01	-1.734965e-01	4.434281e-01	6.169246e-01	-5.425665e-02	6.711812e-01	-3.627189e-01	-3.084623e-01	1.349658e-01	-2.137804e-22	1.349658e-01	-1.349658e-01
0.00428       	2.699658e-01	-1.735876e-01	4.435534e-01	6.171411e-01	-5.426704e-02	6.714081e-01	-3.628376e-01	-3.085705e-01	1.349829e-01	-2.153872e-22	1.349829e-01	-1.349829e-01
0.00429       	2.700038e-01	-1.736788e-01	4.436826e-01	6.173614e-01	-5.427456e-02	6.716359e-01	-3.629552e-01	-3.086807e-01	1.350019e-01	-2.147740e-22	1.350019e-01	-1.350019e-01
0.0043        	2.700453e-01	-1.737661e-01	4.438114e-01	6.175774e-01	-5.428006e-02	6.718575e-01	-3.630688e-01	-3.087887e-01	1.350227e-01	-2.135571e-22	1.350227e-01	-1.350227e-01
0.00431       	2.700829e-01	-1.738464e-01	4.439293e-01	6.177758e-01	-5.428026e-02	6.720561e-01	-3.631682e-01	-3.088879e-01	1.350414e-01	-2.116931e-22	1.350414e-01	-1.350414e-01
0.00432       	2.701150e-01	-1.739206e-01	4.440356e-01	6.179562e-01	-5.428222e-02	6.722384e-01	-3.632603e-01	-3.089781e-01	1.350575e-01	-2.101748e-22	1.350575e-01	-1.350575e-01
0.00433       	2.701393e-01	-1.739879e-01	4.441272e-01	6.181151e-01	-5.428990e-02	6.724050e-01	-3.633475e-01	-3.090576e-01	1.350696e-01	-2.112674e-22	1.350696e-01	-1.350696e-01
0.00434       	2.701523e-01	-1.740471e-01	4.441994e-01	6.182464e-01	-5.429915e-02	6.725456e-01	-3.634224e-01	-3.091232e-01	1.350762e-01	-2.124316e-22	1.350762e-01	-1.350762e-01
0.00435       	2.701649e-01	-1.741039e-01	4.442688e-01	6.183727e-01	-5.431608e-02	6.726888e-01	-3.635024e-01	-3.091864e-01	1.350825e-01	-2.146742e-22	1.350825e-01	-1.350825e-01
0.00436       	2.701819e-01	-1.741616e-01	4.443435e-01	6.185052e-01	-5.433956e-02	6.728447e-01	-3.635921e-01	-3.092526e-01	1.350909e-01	-2.172122e-22	1.350909e-01	-1.350909e-01
0.00437       	2.702019e-01	-1.742204e-01	4.444224e-01	6.186428e-01	-5.436079e-02	6.730036e-01	-3.636822e-01	-3.093214e-01	1.351010e-01	-2.191226e-22	1.351010e-01	-1.351010e-01
0.00438       	2.702238e-01	-1.742806e-01	4.445044e-01	6.187851e-01	-5.437588e-02	6.731609e-01	-3.637684e-01	-3.093925e-01	1.351119e-01	-2.187407e-22	1.351119e-01	-1.351119e-01
0.00439       	2.702512e-01	-1.743455e-01	4.445967e-01	6.189421e-01	-5.439614e-02	6.733383e-01	-3.638672e-01	-3.094711e-01	1.351256e-01	-2.177857e-22	1.351256e-01	-1.351256e-01
0.0044        	2.702743e-01	-1.744141e-01	4.446883e-01	6.191024e-01	-5.441694e-02	6.735193e-01	-3.639681e-01	-3.095512e-01	1.351371e-01	-2.173946e-22	1.351371e-01	-1.351371e-01
0.00441       	2.702926e-01	-1.744858e-01	4.447784e-01	6.192642e-01	-5.443679e-02	6.737010e-01	-3.640689e-01	-3.096321e-01	1.351463e-01	-2.160126e-22	1.351463e-01	-1.351463e-01
0.00442       	2.703226e-01	-1.745595e-01	4.448821e-01	6.194416e-01	-5.447027e-02	6.739119e-01	-3.641911e-01	-3.097208e-01	1.351613e-01	-2.152602e-22	1.351613e-01	-1.351613e-01
0.00443       	2.703575e-01	-1.746279e-01	4.449854e-01	6.196133e-01	-5.450607e-02	6.741194e-01	-3.643127e-01	-3.098067e-01	1.351787e-01	-2.163435e-22	1.351787e-01	-1.351787e-01
0.00444       	2.703941e-01	-1.746891e-01	4.450832e-01	6.197723e-01	-5.453836e-02	6.743107e-01	-3.644245e-01	-3.098862e-01	1.351971e-01	-2.157754e-22	1.351971e-01	-1.351971e-01
0.00445       	2.704314e-01	-1.747445e-01	4.451759e-01	6.199203e-01	-5.456382e-02	6.744842e-01	-3.645240e-01	-3.099602e-01	1.352157e-01	-2.171817e-22	1.352157e-01	-1.352157e-01
0.00446       	2.704953e-01	-1.748087e-01	4.453040e-01	6.201127e-01	-5.461376e-02	6.747265e-01	-3.646701e-01	-3.100564e-01	1.352476e-01	-2.192737e-22	1.352476e-01	-1.352476e-01
0.00447       	2.705592e-01	-1.748722e-01	4.454314e-01	6.203036e-01	-5.466296e-02	6.749665e-01	-3.648148e-01	-3.101518e-01	1.352796e-01	-2.199294e-22	1.352796e-01	-1.352796e-01
0.00448       	2.706028e-01	-1.749299e-01	4.455326e-01	6.204625e-01	-5.469429e-02	6.751568e-01	-3.649255e-01	-3.102312e-01	1.353014e-01	-2.195271e-22	1.353014e-01	-1.353014e-01
0.00449       	2.706262e-01	-1.749847e-01	4.456109e-01	6.205956e-01	-5.470999e-02	6.753056e-01	-3.650078e-01	-3.102978e-01	1.353131e-01	-2.178606e-22	1.353131e-01	-1.353131e-01
0.0045        	2.706306e-01	-1.750350e-01	4.456656e-01	6.207007e-01	-5.471093e-02	6.754116e-01	-3.650613e-01	-3.103503e-01	1.353153e-01	-2.143252e-22	1.353153e-01	-1.353153e-01
0.00451       	2.706397e-01	-1.750880e-01	4.457278e-01	6.208158e-01	-5.471923e-02	6.755350e-01	-3.651271e-01	-3.104079e-01	1.353199e-01	-2.091757e-22	1.353199e-01	-1.353199e-01
0.00452       	2.706464e-01	-1.751405e-01	4.457870e-01	6.209275e-01	-5.471937e-02	6.756469e-01	-3.651831e-01	-3.104637e-01	1.353232e-01	-2.053827e-22	1.353232e-01	-1.353232e-01
0.00453       	2.706545e-01	-1.751945e-01	4.458489e-01	6.210434e-01	-5.471430e-02	6.757577e-01	-3.652360e-01	-3.105217e-01	1.353272e-01	-2.055492e-22	1.353272e-01	-1.353272e-01
0.00454       	2.706799e-01	-1.752589e-01	4.459388e-01	6.211977e-01	-5.472233e-02	6.759200e-01	-3.653212e-01	-3.105989e-01	1.353399e-01	-2.095030e-22	1.353399e-01	-1.353399e-01
0.00455       	2.707051e-01	-1.753296e-01	4.460347e-01	6.213642e-01	-5.472659e-02	6.760908e-01	-3.654087e-01	-3.106821e-01	1.353526e-01	-2.159329e-22	1.353526e-01	-1.353526e-01
0.00456       	2.707267e-01	-1.754034e-01	4.461301e-01	6.215335e-01	-5.472892e-02	6.762624e-01	-3.654957e-01	-3.107667e-01	1.353633e-01	-2.175981e-22	1.353633e-01	-1.353633e-01
0.00457       	2.707460e-01	-1.754777e-01	4.462237e-01	6.217014e-01	-5.473517e-02	6.764366e-01	-3.655859e-01	-3.108507e-01	1.353730e-01	-2.193793e-22	1.353730e-01	-1.353730e-01
0.00458       	2.707736e-01	-1.755525e-01	4.463261e-01	6.218785e-01	-5.475886e-02	6.766374e-01	-3.656981e-01	-3.109393e-01	1.353868e-01	-2.212815e-22	1.353868e-01	-1.353868e-01
0.00459       	2.708101e-01	-1.756250e-01	4.464351e-01	6.220600e-01	-5.480137e-02	6.768614e-01	-3.658314e-01	-3.110300e-01	1.354050e-01	-2.206411e-22	1.354050e-01	-1.354050e-01
0.0046        	2.708496e-01	-1.756929e-01	4.465425e-01	6.222354e-01	-5.485518e-02	6.770905e-01	-3.659729e-01	-3.111177e-01	1.354248e-01	-2.191222e-22	1.354248e-01	-1.354248e-01
0.00461       	2.708936e-01	-1.757597e-01	4.466532e-01	6.224129e-01	-5.491642e-02	6.773294e-01	-3.661229e-01	-3.112065e-01	1.354468e-01	-2.170771e-22	1.354468e-01	-1.354468e-01
0.00462       	2.709237e-01	-1.758206e-01	4.467442e-01	6.225648e-01	-5.496434e-02	6.775292e-01	-3.662467e-01	-3.112824e-01	1.354618e-01	-2.177257e-22	1.354618e-01	-1.354618e-01
0.00463       	2.709713e-01	-1.758903e-01	4.468615e-01	6.227518e-01	-5.502813e-02	6.777799e-01	-3.664040e-01	-3.113759e-01	1.354856e-01	-2.196883e-22	1.354856e-01	-1.354856e-01
0.00464       	2.710368e-01	-1.759675e-01	4.470043e-01	6.229719e-01	-5.510528e-02	6.780771e-01	-3.665912e-01	-3.114859e-01	1.355184e-01	-2.228161e-22	1.355184e-01	-1.355184e-01
0.00465       	2.710797e-01	-1.760366e-01	4.471163e-01	6.231528e-01	-5.515087e-02	6.783037e-01	-3.667273e-01	-3.115764e-01	1.355399e-01	-2.236995e-22	1.355399e-01	-1.355399e-01
0.00466       	2.711091e-01	-1.761008e-01	4.472098e-01	6.233106e-01	-5.517633e-02	6.784869e-01	-3.668316e-01	-3.116553e-01	1.355545e-01	-2.224491e-22	1.355545e-01	-1.355545e-01
0.00467       	2.711314e-01	-1.761642e-01	4.472956e-01	6.234598e-01	-5.519027e-02	6.786501e-01	-3.669202e-01	-3.117299e-01	1.355657e-01	-2.214253e-22	1.355657e-01	-1.355657e-01
0.00468       	2.711477e-01	-1.762252e-01	4.473729e-01	6.235982e-01	-5.519323e-02	6.787914e-01	-3.669923e-01	-3.117991e-01	1.355739e-01	-2.179674e-22	1.355739e-01	-1.355739e-01
0.00469       	2.711807e-01	-1.762926e-01	4.474734e-01	6.237660e-01	-5.521159e-02	6.789776e-01	-3.670946e-01	-3.118830e-01	1.355904e-01	-2.147898e-22	1.355904e-01	-1.355904e-01
0.0047        	2.712139e-01	-1.763608e-01	4.475747e-01	6.239355e-01	-5.522688e-02	6.791623e-01	-3.671946e-01	-3.119677e-01	1.356069e-01	-2.130848e-22	1.356069e-01	-1.356069e-01
0.00471       	2.712485e-01	-1.764285e-01	4.476770e-01	6.241054e-01	-5.524357e-02	6.793490e-01	-3.672963e-01	-3.120527e-01	1.356243e-01	-2.112714e-22	1.356243e-01	-1.356243e-01
0.00472       	2.712769e-01	-1.764933e-01	4.477703e-01	6.242636e-01	-5.525420e-02	6.795178e-01	-3.673860e-01	-3.121318e-01	1.356385e-01	-2.094521e-22	1.356385e-01	-1.356385e-01
0.00473       	2.713022e-01	-1.765555e-01	4.478577e-01	6.244132e-01	-5.526416e-02	6.796773e-01	-3.674707e-01	-3.122066e-01	1.356511e-01	-2.100988e-22	1.356511e-01	-1.356511e-01
0.00474       	2.713204e-01	-1.766125e-01	4.479329e-01	6.245454e-01	-5.527308e-02	6.798185e-01	-3.675458e-01	-3.122727e-01	1.356602e-01	-2.105333e-22	1.356602e-01	-1.356602e-01
0.00475       	2.713326e-01	-1.766665e-01	4.479991e-01	6.246657e-01	-5.528432e-02	6.799500e-01	-3.676172e-01	-3.123328e-01	1.356663e-01	-2.115501e-22	1.356663e-01	-1.356663e-01
0.00476       	2.713434e-01	-1.767217e-01	4.480652e-01	6.247869e-01	-5.529715e-02	6.800841e-01	-3.676906e-01	-3.123935e-01	1.356717e-01	-2.149632e-22	1.356717e-01	-1.356717e-01
0.00477       	2.713639e-01	-1.767822e-01	4.481462e-01	6.249284e-01	-5.531614e-02	6.802446e-01	-3.677804e-01	-3.124642e-01	1.356820e-01	-2.186343e-22	1.356820e-01	-1.356820e-01
0.00478       	2.713938e-01	-1.768483e-01	4.482422e-01	6.250905e-01	-5.533715e-02	6.804276e-01	-3.678824e-01	-3.125452e-01	1.356969e-01	-2.203981e-22	1.356969e-01	-1.356969e-01
0.00479       	2.714271e-01	-1.769171e-01	4.483442e-01	6.252612e-01	-5.535888e-02	6.806201e-01	-3.679895e-01	-3.126306e-01	1.357135e-01	-2.187331e-22	1.357135e-01	-1.357135e-01
0.0048        	2.714610e-01	-1.769850e-01	4.484460e-01	6.254310e-01	-5.538527e-02	6.808163e-01	-3.681008e-01	-3.127155e-01	1.357305e-01	-2.177231e-22	1.357305e-01	-1.357305e-01
0.00481       	2.715238e-01	-1.770622e-01	4.485860e-01	6.256483e-01	-5.545074e-02	6.810990e-01	-3.682749e-01	-3.128241e-01	1.357619e-01	-2.179061e-22	1.357619e-01	-1.357619e-01
0.00482       	2.715810e-01	-1.771345e-01	4.487155e-01	6.258500e-01	-5.551352e-02	6.813635e-01	-3.684385e-01	-3.129250e-01	1.357905e-01	-2.178631e-22	1.357905e-01	-1.357905e-01
0.00483       	2.716148e-01	-1.771946e-01	4.488095e-01	6.260041e-01	-5.555038e-02	6.815545e-01	-3.685524e-01	-3.130021e-01	1.358074e-01	-2.191872e-22	1.358074e-01	-1.358074e-01
0.00484       	2.716396e-01	-1.772501e-01	4.488897e-01	6.261399e-01	-5.557554e-02	6.817154e-01	-3.686455e-01	-3.130699e-01	1.358198e-01	-2.188882e-22	1.358198e-01	-1.358198e-01
0.00485       	2.716616e-01	-1.773039e-01	4.489655e-01	6.262694e-01	-5.559503e-02	6.818644e-01	-3.687297e-01	-3.131347e-01	1.358308e-01	-2.188905e-22	1.358308e-01	-1.358308e-01
0.00486       	2.716911e-01	-1.773593e-01	4.490504e-01	6.264097e-01	-5.561505e-02	6.820248e-01	-3.688199e-01	-3.132049e-01	1.358455e-01	-2.182964e-22	1.358455e-01	-1.358455e-01
0.00487       	2.717238e-01	-1.774146e-01	4.491384e-01	6.265531e-01	-5.562561e-02	6.821787e-01	-3.689021e-01	-3.132765e-01	1.358619e-01	-2.162926e-22	1.358619e-01	-1.358619e-01
0.00488       	2.717659e-01	-1.774763e-01	4.492422e-01	6.267185e-01	-5.563700e-02	6.823555e-01	-3.689963e-01	-3.133593e-01	1.358830e-01	-2.130941e-22	1.358830e-01	-1.358830e-01
0.00489       	2.718089e-01	-1.775457e-01	4.493546e-01	6.269003e-01	-5.564898e-02	6.825493e-01	-3.690991e-01	-3.134502e-01	1.359044e-01	-2.122820e-22	1.359044e-01	-1.359044e-01
0.0049        	2.718389e-01	-1.776162e-01	4.494551e-01	6.270713e-01	-5.565089e-02	6.827222e-01	-3.691865e-01	-3.135356e-01	1.359194e-01	-2.111011e-22	1.359194e-01	-1.359194e-01
0.00491       	2.718661e-01	-1.776883e-01	4.495544e-01	6.272427e-01	-5.565505e-02	6.828978e-01	-3.692764e-01	-3.136214e-01	1.359330e-01	-2.093899e-22	1.359330e-01	-1.359330e-01
0.00492       	2.718872e-01	-1.777593e-01	4.496465e-01	6.274058e-01	-5.566319e-02	6.830690e-01	-3.693661e-01	-3.137029e-01	1.359436e-01	-2.081889e-22	1.359436e-01	-1.359436e-01
0.00493       	2.718968e-01	-1.778258e-01	4.497226e-01	6.275483e-01	-5.566960e-02	6.832179e-01	-3.694438e-01	-3.137742e-01	1.359484e-01	-2.083832e-22	1.359484e-01	-1.359484e-01
0.00494       	2.719074e-01	-1.778885e-01	4.497959e-01	6.276844e-01	-5.568530e-02	6.833697e-01	-3.695275e-01	-3.138422e-01	1.359537e-01	-2.068237e-22	1.359537e-01	-1.359537e-01
0.00495       	2.719298e-01	-1.779503e-01	4.498802e-01	6.278305e-01	-5.571376e-02	6.835442e-01	-3.696290e-01	-3.139152e-01	1.359649e-01	-2.054312e-22	1.359649e-01	-1.359649e-01
0.00496       	2.719617e-01	-1.780110e-01	4.499727e-01	6.279837e-01	-5.574422e-02	6.837279e-01	-3.697361e-01	-3.139919e-01	1.359808e-01	-2.064875e-22	1.359808e-01	-1.359808e-01
0.00497       	2.719905e-01	-1.780682e-01	4.500588e-01	6.281270e-01	-5.576034e-02	6.838874e-01	-3.698239e-01	-3.140635e-01	1.359953e-01	-2.092621e-22	1.359953e-01	-1.359953e-01
0.00498       	2.720334e-01	-1.781307e-01	4.501641e-01	6.282948e-01	-5.578552e-02	6.840803e-01	-3.699329e-01	-3.141474e-01	1.360167e-01	-2.118186e-22	1.360167e-01	-1.360167e-01
0.00499       	2.720867e-01	-1.781962e-01	4.502829e-01	6.284791e-01	-5.582333e-02	6.843025e-01	-3.700629e-01	-3.142396e-01	1.360434e-01	-2.136645e-22	1.360434e-01	-1.360434e-01
0.005         	2.721345e-01	-1.782580e-01	4.503925e-01	6.286505e-01	-5.586331e-02	6.845138e-01	-3.701885e-01	-3.143252e-01	1.360673e-01	-2.150106e-22	1.360673e-01	-1.360673e-01
0.00501       	2.721662e-01	-1.783121e-01	4.504783e-01	6.287904e-01	-5.589675e-02	6.846872e-01	-3.702920e-01	-3.143952e-01	1.360831e-01	-2.166540e-22	1.360831e-01	-1.360831e-01
0.00502       	2.721824e-01	-1.783591e-01	4.505415e-01	6.289007e-01	-5.592234e-02	6.848230e-01	-3.703727e-01	-3.144503e-01	1.360912e-01	-2.177094e-22	1.360912e-01	-1.360912e-01
0.00503       	2.722066e-01	-1.784101e-01	4.506168e-01	6.290269e-01	-5.595841e-02	6.849853e-01	-3.704719e-01	-3.145134e-01	1.361033e-01	-2.170631e-22	1.361033e-01	-1.361033e-01
0.00504       	2.722346e-01	-1.784633e-01	4.506979e-01	6.291612e-01	-5.599437e-02	6.851556e-01	-3.705750e-01	-3.145806e-01	1.361173e-01	-2.164111e-22	1.361173e-01	-1.361173e-01
0.00505       	2.722606e-01	-1.785167e-01	4.507774e-01	6.292941e-01	-5.602417e-02	6.853183e-01	-3.706712e-01	-3.146471e-01	1.361303e-01	-2.140018e-22	1.361303e-01	-1.361303e-01
0.00506       	2.722783e-01	-1.785687e-01	4.508470e-01	6.294157e-01	-5.604562e-02	6.854613e-01	-3.707535e-01	-3.147079e-01	1.361392e-01	-2.114786e-22	1.361392e-01	-1.361392e-01
0.00507       	2.722873e-01	-1.786194e-01	4.509067e-01	6.295262e-01	-5.606299e-02	6.855891e-01	-3.708261e-01	-3.147631e-01	1.361437e-01	-2.080268e-22	1.361437e-01	-1.361437e-01
0.00508       	2.722957e-01	-1.786711e-01	4.509668e-01	6.296378e-01	-5.608690e-02	6.857247e-01	-3.709058e-01	-3.148189e-01	1.361478e-01	-2.067301e-22	1.361478e-01	-1.361478e-01
0.00509       	2.722951e-01	-1.787150e-01	4.510101e-01	6.297250e-01	-5.610670e-02	6.858317e-01	-3.709692e-01	-3.148625e-01	1.361476e-01	-2.082870e-22	1.361476e-01	-1.361476e-01
0.0051        	2.722930e-01	-1.787530e-01	4.510460e-01	6.297990e-01	-5.612405e-02	6.859231e-01	-3.710236e-01	-3.148995e-01	1.361465e-01	-2.098417e-22	1.361465e-01	-1.361465e-01
0.00511       	2.723027e-01	-1.787924e-01	4.510951e-01	6.298875e-01	-5.614657e-02	6.860341e-01	-3.710903e-01	-3.149438e-01	1.361513e-01	-2.106266e-22	1.361513e-01	-1.361513e-01
0.00512       	2.723280e-01	-1.788362e-01	4.511641e-01	6.300003e-01	-5.617759e-02	6.861779e-01	-3.711778e-01	-3.150002e-01	1.361640e-01	-2.094134e-22	1.361640e-01	-1.361640e-01
0.00513       	2.723633e-01	-1.788861e-01	4.512493e-01	6.301354e-01	-5.621269e-02	6.863481e-01	-3.712804e-01	-3.150677e-01	1.361816e-01	-2.058581e-22	1.361816e-01	-1.361816e-01
0.00514       	2.723941e-01	-1.789384e-01	4.513325e-01	6.302709e-01	-5.623952e-02	6.865105e-01	-3.713750e-01	-3.151355e-01	1.361970e-01	-2.031311e-22	1.361970e-01	-1.361970e-01
0.00515       	2.724173e-01	-1.789946e-01	4.514119e-01	6.304065e-01	-5.625739e-02	6.866639e-01	-3.714606e-01	-3.152032e-01	1.362086e-01	-2.025352e-22	1.362086e-01	-1.362086e-01
0.00516       	2.724366e-01	-1.790557e-01	4.514923e-01	6.305481e-01	-5.626931e-02	6.868174e-01	-3.715433e-01	-3.152740e-01	1.362183e-01	-2.030410e-22	1.362183e-01	-1.362183e-01
0.00517       	2.724753e-01	-1.791299e-01	4.516052e-01	6.307351e-01	-5.630044e-02	6.870355e-01	-3.716680e-01	-3.153675e-01	1.362376e-01	-2.048664e-22	1.362376e-01	-1.362376e-01
0.00518       	2.725267e-01	-1.792106e-01	4.517373e-01	6.309479e-01	-5.634488e-02	6.872928e-01	-3.718188e-01	-3.154740e-01	1.362633e-01	-2.090012e-22	1.362633e-01	-1.362633e-01
0.00519       	2.725824e-01	-1.792907e-01	4.518731e-01	6.311639e-01	-5.639217e-02	6.875560e-01	-3.719741e-01	-3.155819e-01	1.362912e-01	-2.130684e-22	1.362912e-01	-1.362912e-01
0.0052        	2.726365e-01	-1.793666e-01	4.520032e-01	6.313698e-01	-5.643772e-02	6.878075e-01	-3.721226e-01	-3.156849e-01	1.363183e-01	-2.152142e-22	1.363183e-01	-1.363183e-01
0.00521       	2.726763e-01	-1.794330e-01	4.521093e-01	6.315423e-01	-5.646911e-02	6.880114e-01	-3.722402e-01	-3.157711e-01	1.363381e-01	-2.160946e-22	1.363381e-01	-1.363381e-01
0.00522       	2.727091e-01	-1.794955e-01	4.522046e-01	6.317001e-01	-5.649549e-02	6.881955e-01	-3.723455e-01	-3.158500e-01	1.363545e-01	-2.158630e-22	1.363545e-01	-1.363545e-01
0.00523       	2.727429e-01	-1.795593e-01	4.523022e-01	6.318615e-01	-5.652541e-02	6.883869e-01	-3.724561e-01	-3.159307e-01	1.363714e-01	-2.142069e-22	1.363714e-01	-1.363714e-01
0.00524       	2.727753e-01	-1.796239e-01	4.523992e-01	6.320231e-01	-5.655787e-02	6.885810e-01	-3.725694e-01	-3.160115e-01	1.363877e-01	-2.131871e-22	1.363877e-01	-1.363877e-01
0.00525       	2.727955e-01	-1.796834e-01	4.524789e-01	6.321624e-01	-5.658474e-02	6.887471e-01	-3.726659e-01	-3.160812e-01	1.363978e-01	-2.133460e-22	1.363978e-01	-1.363978e-01
0.00526       	2.728084e-01	-1.797357e-01	4.525441e-01	6.322798e-01	-5.660714e-02	6.888869e-01	-3.727470e-01	-3.161399e-01	1.364042e-01	-2.130021e-22	1.364042e-01	-1.364042e-01
0.00527       	2.728263e-01	-1.797833e-01	4.526096e-01	6.323929e-01	-5.663090e-02	6.890238e-01	-3.728273e-01	-3.161964e-01	1.364132e-01	-2.145619e-22	1.364132e-01	-1.364132e-01
0.00528       	2.728522e-01	-1.798282e-01	4.526804e-01	6.325086e-01	-5.665623e-02	6.891648e-01	-3.729105e-01	-3.162543e-01	1.364261e-01	-2.154359e-22	1.364261e-01	-1.364261e-01
0.00529       	2.728746e-01	-1.798686e-01	4.527432e-01	6.326118e-01	-5.667284e-02	6.892846e-01	-3.729787e-01	-3.163059e-01	1.364373e-01	-2.127684e-22	1.364373e-01	-1.364373e-01
0.0053        	2.728958e-01	-1.799089e-01	4.528047e-01	6.327136e-01	-5.668997e-02	6.894035e-01	-3.730467e-01	-3.163568e-01	1.364479e-01	-2.105932e-22	1.364479e-01	-1.364479e-01
0.00531       	2.729180e-01	-1.799546e-01	4.528726e-01	6.328271e-01	-5.671182e-02	6.895390e-01	-3.731254e-01	-3.164136e-01	1.364590e-01	-2.071718e-22	1.364590e-01	-1.364590e-01
0.00532       	2.729383e-01	-1.800035e-01	4.529418e-01	6.329453e-01	-5.673252e-02	6.896778e-01	-3.732052e-01	-3.164727e-01	1.364692e-01	-2.034232e-22	1.364692e-01	-1.364692e-01
0.00533       	2.729622e-01	-1.800548e-01	4.530170e-01	6.330718e-01	-5.675725e-02	6.898291e-01	-3.732932e-01	-3.165359e-01	1.364811e-01	-1.980464e-22	1.364811e-01	-1.364811e-01
0.00534       	2.729805e-01	-1.801075e-01	4.530880e-01	6.331955e-01	-5.677781e-02	6.899733e-01	-3.733756e-01	-3.165978e-01	1.364903e-01	-1.950976e-22	1.364903e-01	-1.364903e-01
0.00535       	2.729847e-01	-1.801601e-01	4.531449e-01	6.333050e-01	-5.678847e-02	6.900935e-01	-3.734410e-01	-3.166525e-01	1.364924e-01	-1.973478e-22	1.364924e-01	-1.364924e-01
0.00536       	2.729954e-01	-1.802195e-01	4.532148e-01	6.334343e-01	-5.680895e-02	6.902433e-01	-3.735261e-01	-3.167172e-01	1.364977e-01	-2.052642e-22	1.364977e-01	-1.364977e-01
0.00537       	2.730316e-01	-1.802893e-01	4.533209e-01	6.336103e-01	-5.685117e-02	6.904614e-01	-3.736563e-01	-3.168051e-01	1.365158e-01	-2.090008e-22	1.365158e-01	-1.365158e-01
0.00538       	2.730773e-01	-1.803582e-01	4.534355e-01	6.337938e-01	-5.689491e-02	6.906887e-01	-3.737918e-01	-3.168969e-01	1.365386e-01	-2.119393e-22	1.365386e-01	-1.365386e-01
0.00539       	2.731246e-01	-1.804227e-01	4.535473e-01	6.339700e-01	-5.693227e-02	6.909023e-01	-3.739173e-01	-3.169850e-01	1.365623e-01	-2.152530e-22	1.365623e-01	-1.365623e-01
0.0054        	2.731591e-01	-1.804803e-01	4.536394e-01	6.341197e-01	-5.695218e-02	6.910718e-01	-3.740120e-01	-3.170598e-01	1.365796e-01	-2.185765e-22	1.365796e-01	-1.365796e-01
0.00541       	2.731879e-01	-1.805350e-01	4.537229e-01	6.342579e-01	-5.696615e-02	6.912240e-01	-3.740951e-01	-3.171290e-01	1.365939e-01	-2.182354e-22	1.365939e-01	-1.365939e-01
0.00542       	2.732125e-01	-1.805886e-01	4.538011e-01	6.343897e-01	-5.697989e-02	6.913696e-01	-3.741747e-01	-3.171948e-01	1.366063e-01	-2.150417e-22	1.366063e-01	-1.366063e-01
0.00543       	2.732382e-01	-1.806432e-01	4.538814e-01	6.345246e-01	-5.699948e-02	6.915241e-01	-3.742618e-01	-3.172623e-01	1.366191e-01	-2.130617e-22	1.366191e-01	-1.366191e-01
0.00544       	2.732572e-01	-1.806965e-01	4.539537e-01	6.346502e-01	-5.701292e-02	6.916631e-01	-3.743380e-01	-3.173251e-01	1.366286e-01	-2.130124e-22	1.366286e-01	-1.366286e-01
0.00545       	2.732721e-01	-1.807472e-01	4.540194e-01	6.347666e-01	-5.701876e-02	6.917854e-01	-3.744021e-01	-3.173833e-01	1.366361e-01	-2.125112e-22	1.366361e-01	-1.366361e-01
0.00546       	2.732978e-01	-1.808008e-01	4.540986e-01	6.348994e-01	-5.702988e-02	6.919292e-01	-3.744796e-01	-3.174497e-01	1.366489e-01	-2.136819e-22	1.366489e-01	-1.366489e-01
0.00547       	2.733242e-01	-1.808522e-01	4.541765e-01	6.350287e-01	-5.703689e-02	6.920656e-01	-3.745513e-01	-3.175144e-01	1.366621e-01	-2.145672e-22	1.366621e-01	-1.366621e-01
0.00548       	2.733530e-01	-1.809033e-01	4.542563e-01	6.351595e-01	-5.704395e-02	6.922035e-01	-3.746237e-01	-3.175798e-01	1.366765e-01	-2.136266e-22	1.366765e-01	-1.366765e-01
0.00549       	2.733861e-01	-1.809568e-01	4.543429e-01	6.352998e-01	-5.705485e-02	6.923546e-01	-3.747047e-01	-3.176499e-01	1.366931e-01	-2.110114e-22	1.366931e-01	-1.366931e-01
0.0055        	2.734211e-01	-1.810123e-01	4.544334e-01	6.354456e-01	-5.707146e-02	6.925171e-01	-3.747943e-01	-3.177228e-01	1.367105e-01	-2.086318e-22	1.367105e-01	-1.367105e-01
0.00551       	2.734493e-01	-1.810678e-01	4.545170e-01	6.355848e-01	-5.708793e-02	6.926727e-01	-3.748803e-01	-3.177924e-01	1.367246e-01	-2.071949e-22	1.367246e-01	-1.367246e-01
0.00552       	2.734784e-01	-1.811267e-01	4.546051e-01	6.357318e-01	-5.711307e-02	6.928449e-01	-3.749790e-01	-3.178659e-01	1.367392e-01	-2.051722e-22	1.367392e-01	-1.367392e-01
0.00553       	2.735071e-01	-1.811845e-01	4.546916e-01	6.358761e-01	-5.714132e-02	6.930174e-01	-3.750794e-01	-3.179380e-01	1.367535e-01	-2.045057e-22	1.367535e-01	-1.367535e-01
0.00554       	2.735309e-01	-1.812369e-01	4.547677e-01	6.360046e-01	-5.716186e-02	6.931665e-01	-3.751642e-01	-3.180023e-01	1.367654e-01	-2.049456e-22	1.367654e-01	-1.367654e-01
0.00555       	2.735539e-01	-1.812868e-01	4.548407e-01	6.361274e-01	-5.717592e-02	6.933034e-01	-3.752396e-01	-3.180637e-01	1.367769e-01	-2.052616e-22	1.367769e-01	-1.367769e-01
0.00556       	2.736065e-01	-1.813469e-01	4.549534e-01	6.363002e-01	-5.722070e-02	6.935209e-01	-3.753708e-01	-3.181501e-01	1.368032e-01	-2.039358e-22	1.368032e-01	-1.368032e-01
0.00557       	2.736577e-01	-1.814073e-01	4.550651e-01	6.364724e-01	-5.726572e-02	6.937381e-01	-3.755019e-01	-3.182362e-01	1.368289e-01	-2.041824e-22	1.368289e-01	-1.368289e-01
0.00558       	2.736907e-01	-1.814643e-01	4.551550e-01	6.366193e-01	-5.729603e-02	6.939154e-01	-3.756057e-01	-3.183097e-01	1.368454e-01	-2.070746e-22	1.368454e-01	-1.368454e-01
0.00559       	2.737103e-01	-1.815186e-01	4.552289e-01	6.367475e-01	-5.731512e-02	6.940627e-01	-3.756889e-01	-3.183738e-01	1.368551e-01	-2.105301e-22	1.368551e-01	-1.368551e-01
0.0056        	2.737303e-01	-1.815753e-01	4.553056e-01	6.368809e-01	-5.733484e-02	6.942158e-01	-3.757753e-01	-3.184405e-01	1.368651e-01	-2.115661e-22	1.368651e-01	-1.368651e-01
0.00561       	2.737464e-01	-1.816314e-01	4.553777e-01	6.370091e-01	-5.734918e-02	6.943583e-01	-3.758537e-01	-3.185045e-01	1.368732e-01	-2.112263e-22	1.368732e-01	-1.368732e-01
0.00562       	2.737673e-01	-1.816868e-01	4.554541e-01	6.371409e-01	-5.736619e-02	6.945070e-01	-3.759366e-01	-3.185704e-01	1.368836e-01	-2.105684e-22	1.368836e-01	-1.368836e-01
0.00563       	2.737919e-01	-1.817384e-01	4.555303e-01	6.372687e-01	-5.738269e-02	6.946513e-01	-3.760170e-01	-3.186343e-01	1.368960e-01	-2.113890e-22	1.368960e-01	-1.368960e-01
0.00564       	2.738180e-01	-1.817864e-01	4.556044e-01	6.373908e-01	-5.739621e-02	6.947870e-01	-3.760916e-01	-3.186954e-01	1.369090e-01	-2.113576e-22	1.369090e-01	-1.369090e-01
0.00565       	2.738471e-01	-1.818359e-01	4.556830e-01	6.375188e-01	-5.741080e-02	6.949296e-01	-3.761702e-01	-3.187594e-01	1.369236e-01	-2.147757e-22	1.369236e-01	-1.369236e-01
0.00566       	2.738743e-01	-1.818901e-01	4.557645e-01	6.376546e-01	-5.742672e-02	6.950813e-01	-3.762540e-01	-3.188273e-01	1.369372e-01	-2.167618e-22	1.369372e-01	-1.369372e-01
0.00567       	2.738944e-01	-1.819491e-01	4.558435e-01	6.377927e-01	-5.744234e-02	6.952350e-01	-3.763387e-01	-3.188963e-01	1.369472e-01	-2.154270e-22	1.369472e-01	-1.369472e-01
0.00568       	2.739093e-01	-1.820126e-01	4.559219e-01	6.379346e-01	-5.745951e-02	6.953941e-01	-3.764268e-01	-3.189673e-01	1.369546e-01	-2.151279e-22	1.369546e-01	-1.369546e-01
0.00569       	2.739180e-01	-1.820775e-01	4.559955e-01	6.380730e-01	-5.747156e-02	6.955446e-01	-3.765081e-01	-3.190365e-01	1.369590e-01	-2.128007e-22	1.369590e-01	-1.369590e-01
0.0057        	2.739288e-01	-1.821423e-01	4.560712e-01	6.382135e-01	-5.748418e-02	6.956976e-01	-3.765909e-01	-3.191067e-01	1.369644e-01	-2.081304e-22	1.369644e-01	-1.369644e-01
