/*--------------------------------*- C++ -*----------------------------------*\
| =========                 |                                                 |
| \\      /  F ield         | OpenFOAM: The Open Source CFD Toolbox           |
|  \\    /   O peration     | Version:  2406                                  |
|   \\  /    A nd           | Website:  www.openfoam.com                      |
|    \\/     M anipulation  |                                                 |
\*---------------------------------------------------------------------------*/
FoamFile
{
    version     2.0;
    format      ascii;
    arch        "LSB;label=32;scalar=64";
    class       volScalarField;
    location    "0.029";
    object      mag(U);
}
// * * * * * * * * * * * * * * * * * * * * * * * * * * * * * * * * * * * * * //

dimensions      [0 1 -1 0 0 0 0];

internalField   nonuniform List<scalar> 
1000
(
12.5298
13.0616
13.623
14.0846
14.5104
14.9418
15.3822
15.8248
16.2665
16.7075
17.1485
17.5897
18.0312
18.4727
18.9143
19.3559
19.7975
20.2391
20.6806
21.1222
21.5639
22.0056
22.4474
22.8892
23.331
23.7728
24.2147
24.6567
25.0986
25.5407
25.9828
26.4249
26.867
27.3093
27.7515
28.1938
28.6362
29.0786
29.521
29.9635
30.4061
30.8487
31.2913
31.734
32.1767
32.6194
33.0623
33.5051
33.948
34.391
34.834
35.277
35.7201
36.1632
36.6064
37.0496
37.4928
37.9362
38.3795
38.8229
39.2663
39.7098
40.1533
40.5969
41.0405
41.4841
41.9278
42.3716
42.8153
43.2592
43.703
44.1469
44.5909
45.0349
45.4789
45.923
46.3671
46.8112
47.2554
47.6996
48.1439
48.5882
49.0326
49.477
49.9214
50.3659
50.8104
51.2549
51.6995
52.1441
52.5888
53.0335
53.4783
53.9231
54.3679
54.8128
55.2577
55.7026
56.1476
56.5926
57.0377
57.4828
57.9279
58.3731
58.8183
59.2636
59.7089
60.1542
60.5996
61.045
61.4905
61.936
62.3815
62.827
63.2726
63.7183
64.164
64.6097
65.0554
65.5012
65.947
66.3928
66.8387
67.2847
67.7306
68.1766
68.6226
69.0687
69.5148
69.9609
70.4071
70.8533
71.2995
71.7457
72.192
72.6384
73.0847
73.5311
73.9775
74.424
74.8705
75.317
75.7635
76.2101
76.6567
77.1034
77.55
77.9967
78.4435
78.8902
79.337
79.7838
80.2307
80.6775
81.1245
81.5714
82.0183
82.4653
82.9124
83.3594
83.8065
84.2536
84.7007
85.1478
85.595
86.0422
86.4895
86.9367
87.384
87.8313
88.2786
88.726
89.1733
89.6207
90.0682
90.5156
90.9631
91.4106
91.8581
92.3056
92.7532
93.2007
93.6483
94.0959
94.5436
94.9912
95.4389
95.8866
96.3343
96.782
97.2298
97.6776
98.1253
98.5731
99.0209
99.4688
99.9166
100.364
100.812
101.26
101.708
102.156
102.604
103.052
103.5
103.948
104.396
104.844
105.292
105.74
106.188
106.636
107.084
107.532
107.98
108.428
108.876
109.324
109.772
110.22
110.668
111.116
111.564
112.012
112.46
112.909
113.357
113.805
114.253
114.701
115.149
115.597
116.045
116.493
116.941
117.389
117.837
118.285
118.733
119.181
119.629
120.077
120.525
120.973
121.421
121.868
122.316
122.764
123.212
123.66
124.108
124.555
125.003
125.451
125.898
126.346
126.794
127.241
127.689
128.136
128.584
129.031
129.479
129.926
130.373
130.821
131.268
131.715
132.162
132.609
133.057
133.504
133.95
134.397
134.844
135.291
135.738
136.184
136.631
137.077
137.524
137.97
138.417
138.863
139.309
139.755
140.201
140.647
141.093
141.538
141.984
142.429
142.875
143.32
143.765
144.21
144.655
145.1
145.545
145.99
146.434
146.879
147.323
147.767
148.211
148.655
149.098
149.542
149.985
150.428
150.872
151.314
151.757
152.2
152.642
153.084
153.526
153.968
154.409
154.851
155.292
155.733
156.173
156.614
157.054
157.494
157.934
158.373
158.812
159.251
159.69
160.128
160.566
161.004
161.441
161.878
162.315
162.751
163.187
163.623
164.058
164.493
164.927
165.361
165.795
166.228
166.661
167.093
167.525
167.957
168.388
168.818
169.248
169.677
170.106
170.534
170.962
171.389
171.816
172.242
172.667
173.091
173.515
173.938
174.361
174.782
175.203
175.623
176.043
176.461
176.879
177.295
177.711
178.126
178.54
178.953
179.364
179.775
180.185
180.594
181.002
181.41
181.816
182.221
182.625
183.027
183.427
183.826
184.224
184.62
185.015
185.408
185.8
186.191
186.579
186.966
187.352
187.736
188.118
188.498
188.876
189.253
189.627
190
190.37
190.739
191.105
191.47
191.832
192.192
192.55
192.905
193.258
193.609
193.957
194.303
194.646
194.987
195.325
195.66
195.993
196.324
196.651
196.976
197.298
197.617
197.934
198.247
198.558
198.866
199.171
199.474
199.773
200.07
200.363
200.654
200.942
201.227
201.51
201.789
202.066
202.34
202.611
202.88
203.146
203.409
203.67
203.929
204.185
204.438
204.689
204.938
205.185
205.43
205.672
205.913
206.151
206.388
206.623
206.856
207.087
207.317
207.545
207.772
207.998
208.222
208.445
208.667
208.887
209.107
209.326
209.543
209.76
209.976
210.192
210.406
210.62
210.834
211.047
211.259
211.471
211.683
211.894
212.104
212.315
212.525
212.735
212.945
213.154
213.363
213.573
213.782
213.99
214.199
214.408
214.616
214.825
215.034
215.242
215.45
215.659
215.867
216.075
216.284
216.492
216.701
216.909
217.117
217.326
217.534
217.743
217.951
218.16
218.368
218.577
218.786
218.994
219.203
219.412
219.621
219.829
220.038
220.247
220.456
220.665
220.874
221.083
221.292
221.502
221.711
221.92
222.13
222.339
222.548
222.758
222.967
223.177
223.386
223.596
223.806
224.015
224.225
224.435
224.645
224.855
225.065
225.275
225.485
225.695
225.905
226.115
226.325
226.535
226.746
226.956
227.166
227.377
227.587
227.797
228.008
228.219
228.429
228.64
228.85
229.061
229.272
229.483
229.693
229.904
230.115
230.326
230.537
230.748
230.959
231.17
231.381
231.593
231.804
232.015
232.226
232.438
232.649
232.86
233.072
233.283
233.495
233.706
233.918
234.129
234.341
234.553
234.764
234.976
235.188
235.4
235.611
235.823
236.035
236.247
236.459
236.671
236.883
237.095
237.307
237.519
237.731
237.944
238.156
238.368
238.58
238.792
239.005
239.217
239.429
239.642
239.854
240.067
240.279
240.492
240.704
240.917
241.129
241.342
241.555
241.767
241.98
242.192
242.405
242.618
242.831
243.043
243.256
243.469
243.682
243.895
244.107
244.32
244.533
244.746
244.959
245.172
245.385
245.598
245.811
246.024
246.237
246.45
246.663
246.876
247.089
247.302
247.515
247.728
247.941
248.154
248.368
248.581
248.794
249.007
249.22
249.433
249.646
249.859
250.073
250.286
250.499
250.712
250.925
251.138
251.351
251.565
251.778
251.991
252.204
252.417
252.63
252.843
253.056
253.269
253.482
253.695
253.908
254.122
254.335
254.548
254.761
254.973
255.186
255.399
255.612
255.825
256.038
256.251
256.464
256.676
256.889
257.102
257.315
257.527
257.74
257.952
258.165
258.378
258.59
258.803
259.015
259.227
259.44
259.652
259.864
260.076
260.289
260.501
260.713
260.925
261.137
261.348
261.56
261.772
261.984
262.195
262.407
262.618
262.83
263.041
263.252
263.464
263.675
263.886
264.097
264.308
264.518
264.729
264.94
265.15
265.361
265.571
265.781
265.991
266.201
266.411
266.621
266.83
267.04
267.249
267.458
267.668
267.877
268.085
268.294
268.503
268.711
268.919
269.127
269.335
269.543
269.751
269.958
270.165
270.372
270.579
270.786
270.992
271.199
271.405
271.611
271.816
272.022
272.227
272.432
272.636
272.841
273.045
273.249
273.453
273.656
273.859
274.062
274.264
274.466
274.668
274.87
275.071
275.272
275.472
275.672
275.872
276.072
276.271
276.469
276.667
276.865
277.063
277.259
277.456
277.652
277.847
278.043
278.237
278.431
278.625
278.818
279.01
279.202
279.393
279.584
279.774
279.963
280.152
280.34
280.528
280.714
280.901
281.086
281.271
281.454
281.638
281.82
282.001
282.182
282.362
282.541
282.719
282.896
283.072
283.247
283.422
283.595
283.767
283.939
284.109
284.278
284.446
284.613
284.778
284.943
285.106
285.268
285.429
285.589
285.747
285.904
286.059
286.213
286.366
286.517
286.667
286.815
286.962
287.107
287.25
287.392
287.532
287.67
287.806
287.941
288.074
288.204
288.333
288.46
288.584
288.707
288.827
288.945
289.06
289.173
289.284
289.392
289.497
289.6
289.7
289.797
289.891
289.983
290.071
290.156
290.238
290.316
290.391
290.463
290.532
290.597
290.658
290.716
290.77
290.821
290.868
290.912
290.952
290.988
291.022
291.052
291.078
291.101
291.122
291.139
291.153
291.165
291.174
291.181
291.185
291.188
291.188
291.187
291.184
291.18
291.175
291.169
291.161
291.154
291.145
291.137
291.128
291.119
291.11
291.102
291.093
291.085
291.078
291.071
291.064
291.058
291.052
291.047
291.043
291.039
291.036
291.034
291.032
291.03
291.029
291.029
291.029
291.029
291.03
291.031
291.033
291.035
291.037
291.039
291.042
291.044
291.047
291.05
291.053
291.056
291.06
291.063
291.067
291.07
291.074
291.078
291.081
291.085
291.089
291.093
291.096
291.1
291.104
291.108
291.112
291.116
291.121
291.125
291.129
291.133
291.137
291.141
291.144
291.148
291.152
291.155
291.158
291.161
291.164
291.167
291.17
291.173
291.175
291.177
291.179
291.181
291.183
291.184
291.185
291.187
291.188
291.189
291.19
291.19
291.191
291.191
291.192
291.192
291.192
291.193
291.193
291.193
291.193
291.193
)
;

boundaryField
{
    sides
    {
        type            calculated;
        value           nonuniform List<scalar> 2(291.193 12.5298);
    }
    empty
    {
        type            empty;
    }
}


// ************************************************************************* //
