/*--------------------------------*- C++ -*----------------------------------*\
| =========                 |                                                 |
| \\      /  F ield         | OpenFOAM: The Open Source CFD Toolbox           |
|  \\    /   O peration     | Version:  2406                                  |
|   \\  /    A nd           | Website:  www.openfoam.com                      |
|    \\/     M anipulation  |                                                 |
\*---------------------------------------------------------------------------*/
FoamFile
{
    version     2.0;
    format      ascii;
    arch        "LSB;label=32;scalar=64";
    class       volScalarField;
    location    "0.029";
    object      p;
}
// * * * * * * * * * * * * * * * * * * * * * * * * * * * * * * * * * * * * * //

dimensions      [1 -1 -2 0 0 0 0];

internalField   nonuniform List<scalar> 
1000
(
21215.4
21211.9
21207.5
21203.7
21200.2
21196.7
21193.1
21189.6
21186
21182.4
21178.9
21175.3
21171.7
21168.2
21164.6
21161
21157.5
21153.9
21150.3
21146.8
21143.2
21139.6
21136
21132.5
21128.9
21125.3
21121.7
21118.1
21114.6
21111
21107.4
21103.8
21100.2
21096.6
21093
21089.4
21085.9
21082.3
21078.7
21075.1
21071.5
21067.9
21064.3
21060.7
21057.1
21053.5
21049.9
21046.2
21042.6
21039
21035.4
21031.8
21028.2
21024.6
21020.9
21017.3
21013.7
21010.1
21006.5
21002.8
20999.2
20995.6
20992
20988.3
20984.7
20981.1
20977.4
20973.8
20970.1
20966.5
20962.9
20959.2
20955.6
20951.9
20948.3
20944.6
20941
20937.3
20933.7
20930
20926.3
20922.7
20919
20915.4
20911.7
20908
20904.4
20900.7
20897
20893.3
20889.7
20886
20882.3
20878.6
20875
20871.3
20867.6
20863.9
20860.2
20856.5
20852.8
20849.2
20845.5
20841.8
20838.1
20834.4
20830.7
20827
20823.3
20819.6
20815.9
20812.2
20808.4
20804.7
20801
20797.3
20793.6
20789.9
20786.2
20782.5
20778.7
20775
20771.3
20767.6
20763.8
20760.1
20756.4
20752.6
20748.9
20745.2
20741.4
20737.7
20734
20730.2
20726.5
20722.8
20719
20715.3
20711.5
20707.8
20704
20700.3
20696.5
20692.8
20689
20685.2
20681.5
20677.7
20674
20670.2
20666.4
20662.7
20658.9
20655.1
20651.4
20647.6
20643.8
20640.1
20636.3
20632.5
20628.7
20625
20621.2
20617.4
20613.6
20609.8
20606.1
20602.3
20598.5
20594.7
20590.9
20587.1
20583.3
20579.6
20575.8
20572
20568.2
20564.4
20560.6
20556.8
20553
20549.2
20545.4
20541.6
20537.8
20534
20530.2
20526.4
20522.6
20518.8
20515
20511.2
20507.4
20503.6
20499.8
20496
20492.2
20488.3
20484.5
20480.7
20476.9
20473.1
20469.3
20465.5
20461.7
20457.9
20454.1
20450.3
20446.4
20442.6
20438.8
20435
20431.2
20427.4
20423.6
20419.8
20416
20412.2
20408.4
20404.6
20400.8
20396.9
20393.1
20389.3
20385.5
20381.7
20377.9
20374.1
20370.3
20366.5
20362.7
20358.9
20355.1
20351.4
20347.6
20343.8
20340
20336.2
20332.4
20328.6
20324.8
20321.1
20317.3
20313.5
20309.7
20306
20302.2
20298.4
20294.7
20290.9
20287.1
20283.4
20279.6
20275.9
20272.1
20268.4
20264.6
20260.9
20257.2
20253.4
20249.7
20246
20242.3
20238.6
20234.9
20231.2
20227.5
20223.8
20220.1
20216.4
20212.7
20209
20205.4
20201.7
20198
20194.4
20190.7
20187.1
20183.5
20179.9
20176.2
20172.6
20169
20165.4
20161.8
20158.3
20154.7
20151.1
20147.6
20144
20140.5
20137
20133.4
20129.9
20126.4
20123
20119.5
20116
20112.6
20109.1
20105.7
20102.3
20098.9
20095.5
20092.1
20088.7
20085.4
20082.1
20078.7
20075.4
20072.2
20068.9
20065.6
20062.4
20059.2
20056
20052.8
20049.6
20046.5
20043.3
20040.2
20037.1
20034.1
20031
20028
20025
20022.1
20019.1
20016.2
20013.3
20010.4
20007.6
20004.8
20002
19999.2
19996.5
19993.8
19991.2
19988.6
19986
19983.4
19980.9
19978.4
19976
19973.6
19971.2
19968.9
19966.6
19964.3
19962.1
19960
19957.9
19955.8
19953.8
19951.9
19950
19948.2
19946.4
19944.6
19943
19941.4
19939.8
19938.3
19936.9
19935.6
19934.3
19933.1
19931.9
19930.9
19929.9
19929
19928.2
19927.5
19926.8
19926.3
19925.8
19925.5
19925.2
19925.1
19925
19925
19925.1
19925.2
19925.5
19925.9
19926.5
19927.2
19928
19929
19930.1
19931.3
19932.7
19934.2
19935.9
19937.7
19939.7
19941.8
19944.1
19946.6
19949.2
19952
19955
19958.2
19961.5
19965.1
19968.8
19972.7
19976.9
19981.2
19985.8
19990.5
19995.5
20000.8
20006.2
20011.9
20017.8
20023.9
20030.3
20037
20043.9
20051
20058.4
20066.1
20074
20082.2
20090.7
20099.4
20108.5
20117.7
20127.3
20137.2
20147.3
20157.7
20168.4
20179.4
20190.6
20202.2
20214
20226.1
20238.4
20251.1
20264
20277.2
20290.7
20304.4
20318.4
20332.7
20347.2
20362
20377
20392.2
20407.7
20423.4
20439.4
20455.5
20471.9
20488.5
20505.3
20522.3
20539.4
20556.8
20574.3
20592
20609.9
20627.9
20646.1
20664.4
20682.8
20701.4
20720.1
20738.9
20757.9
20776.9
20796.1
20815.3
20834.7
20854.1
20873.6
20893.2
20912.9
20932.6
20952.4
20972.3
20992.2
21012.2
21032.2
21052.3
21072.5
21092.7
21112.9
21133.2
21153.5
21173.9
21194.2
21214.7
21235.1
21255.6
21276.2
21296.7
21317.3
21337.9
21358.6
21379.3
21400
21420.7
21441.5
21462.2
21483.1
21503.9
21524.7
21545.6
21566.5
21587.5
21608.4
21629.4
21650.4
21671.4
21692.5
21713.5
21734.6
21755.7
21776.9
21798
21819.2
21840.4
21861.6
21882.9
21904.2
21925.5
21946.8
21968.1
21989.5
22010.9
22032.3
22053.7
22075.2
22096.6
22118.1
22139.7
22161.2
22182.8
22204.4
22226
22247.6
22269.3
22291
22312.7
22334.4
22356.1
22377.9
22399.7
22421.5
22443.3
22465.2
22487.1
22509
22530.9
22552.9
22574.8
22596.8
22618.9
22640.9
22663
22685.1
22707.2
22729.3
22751.5
22773.6
22795.8
22818.1
22840.3
22862.6
22884.9
22907.2
22929.5
22951.9
22974.3
22996.7
23019.1
23041.5
23064
23086.5
23109
23131.6
23154.1
23176.7
23199.3
23222
23244.6
23267.3
23290
23312.7
23335.4
23358.2
23381
23403.8
23426.6
23449.5
23472.4
23495.3
23518.2
23541.1
23564.1
23587.1
23610.1
23633.1
23656.2
23679.3
23702.4
23725.5
23748.7
23771.8
23795
23818.2
23841.5
23864.7
23888
23911.3
23934.6
23958
23981.3
24004.7
24028.2
24051.6
24075
24098.5
24122
24145.6
24169.1
24192.7
24216.3
24239.9
24263.5
24287.2
24310.8
24334.5
24358.2
24382
24405.8
24429.5
24453.3
24477.2
24501
24524.9
24548.8
24572.7
24596.6
24620.6
24644.6
24668.6
24692.6
24716.6
24740.7
24764.8
24788.9
24813
24837.2
24861.3
24885.5
24909.7
24933.9
24958.2
24982.5
25006.8
25031.1
25055.4
25079.7
25104.1
25128.5
25152.9
25177.3
25201.8
25226.3
25250.8
25275.3
25299.8
25324.4
25348.9
25373.5
25398.1
25422.7
25447.4
25472.1
25496.7
25521.4
25546.2
25570.9
25595.7
25620.4
25645.2
25670
25694.9
25719.7
25744.6
25769.5
25794.4
25819.3
25844.2
25869.2
25894.1
25919.1
25944.1
25969.1
25994.2
26019.2
26044.3
26069.4
26094.5
26119.6
26144.7
26169.8
26195
26220.2
26245.4
26270.6
26295.8
26321
26346.2
26371.5
26396.8
26422
26447.3
26472.6
26498
26523.3
26548.6
26574
26599.4
26624.7
26650.1
26675.5
26700.9
26726.4
26751.8
26777.2
26802.7
26828.1
26853.6
26879
26904.5
26930
26955.5
26981
27006.5
27032
27057.5
27083
27108.5
27134.1
27159.6
27185.1
27210.6
27236.2
27261.7
27287.2
27312.8
27338.3
27363.8
27389.4
27414.9
27440.4
27465.9
27491.4
27517
27542.5
27568
27593.4
27618.9
27644.4
27669.9
27695.3
27720.7
27746.2
27771.6
27797
27822.4
27847.7
27873.1
27898.4
27923.7
27949
27974.3
27999.6
28024.8
28050
28075.2
28100.3
28125.4
28150.5
28175.6
28200.6
28225.6
28250.6
28275.5
28300.3
28325.2
28350
28374.7
28399.4
28424.1
28448.7
28473.3
28497.8
28522.2
28546.6
28571
28595.2
28619.5
28643.6
28667.7
28691.7
28715.7
28739.5
28763.3
28787
28810.7
28834.2
28857.7
28881
28904.3
28927.5
28950.6
28973.6
28996.5
29019.3
29041.9
29064.5
29086.9
29109.3
29131.5
29153.6
29175.5
29197.4
29219
29240.6
29262
29283.3
29304.4
29325.4
29346.2
29366.9
29387.4
29407.8
29428
29448
29467.9
29487.6
29507.1
29526.4
29545.6
29564.6
29583.4
29602
29620.4
29638.7
29656.8
29674.7
29692.4
29709.9
29727.2
29744.4
29761.4
29778.2
29794.8
29811.3
29827.6
29843.7
29859.7
29875.6
29891.3
29906.8
29922.3
29937.6
29952.8
29967.8
29982.8
29997.7
30012.5
30027.2
30041.8
30056.4
30070.9
30085.3
30099.7
30114
30128.3
30142.6
30156.8
30170.9
30185.1
30199.1
30213.1
30227.1
30240.9
30254.7
30268.4
30282
30295.5
30308.9
30322.1
30335.1
30348
30360.7
30373.2
30385.4
30397.4
30409.2
30420.7
30431.9
30442.7
30453.3
30463.5
30473.4
30483
30492.2
30501
30509.5
30517.6
30525.3
30532.7
30539.7
30546.3
30552.6
30558.5
30564.1
30569.4
30574.3
30578.9
30583.2
30587.3
30591
30594.5
30597.8
30600.8
30603.6
30606.1
30608.5
30610.7
30612.6
30614.5
30616.1
30617.6
30619
30620.2
30621.4
30622.4
30623.3
30624.1
30624.8
30625.4
30625.9
30626.4
30626.7
30627
30627.3
30627.5
30627.6
30627.7
30627.7
30627.7
30627.6
30627.5
30627.3
30627.2
30627
30626.7
30626.5
30626.2
30626
30625.7
30625.4
30625.2
30624.9
30624.6
30624.3
30624.1
30623.8
30623.6
30623.4
30623.2
30623
30622.8
30622.7
30622.5
30622.4
30622.3
30622.2
30622.1
30622
30621.9
30621.9
30621.8
30621.8
30621.8
30621.8
30621.8
30621.7
30621.7
30621.7
30621.7
)
;

boundaryField
{
    sides
    {
        type            zeroGradient;
    }
    empty
    {
        type            empty;
    }
}


// ************************************************************************* //
