/*--------------------------------*- C++ -*----------------------------------*\
| =========                 |                                                 |
| \\      /  F ield         | OpenFOAM: The Open Source CFD Toolbox           |
|  \\    /   O peration     | Version:  2406                                  |
|   \\  /    A nd           | Website:  www.openfoam.com                      |
|    \\/     M anipulation  |                                                 |
\*---------------------------------------------------------------------------*/
FoamFile
{
    version     2.0;
    format      ascii;
    arch        "LSB;label=32;scalar=64";
    class       surfaceScalarField;
    location    "0.029";
    object      phi;
}
// * * * * * * * * * * * * * * * * * * * * * * * * * * * * * * * * * * * * * //

dimensions      [1 0 -1 0 0 0 0];

oriented        oriented;

internalField   nonuniform List<scalar> 
999
(
17.1636
17.7408
18.3178
18.8942
19.4702
20.0461
20.622
21.1979
21.7732
22.3478
22.9216
23.4949
24.0681
24.6416
25.2157
25.7906
26.3661
26.9423
27.5187
28.0953
28.6718
29.2484
29.8257
30.4033
30.9808
31.5583
32.1356
32.7129
33.2901
33.8672
34.4443
35.0212
35.5981
36.1749
36.7516
37.3282
37.9047
38.4812
39.0575
39.6338
40.21
40.7862
41.3622
41.9382
42.514
43.0898
43.6655
44.2411
44.8167
45.3921
45.9675
46.5428
47.118
47.6931
48.2681
48.843
49.4179
49.9926
50.5673
51.1419
51.7164
52.2908
52.8651
53.4393
54.0134
54.5875
55.1614
55.7353
56.3091
56.8828
57.4563
58.0298
58.6032
59.1766
59.7498
60.3229
60.8959
61.4689
62.0417
62.6144
63.1871
63.7596
64.3321
64.9044
65.4768
66.0489
66.621
67.1929
67.7648
68.3366
68.9083
69.4799
70.0514
70.6228
71.194
71.7652
72.3363
72.9073
73.4782
74.0491
74.6196
75.1904
75.7607
76.3313
76.9015
77.4717
78.0419
78.6117
79.1818
79.7515
80.3211
80.8908
81.4602
82.0296
82.5989
83.168
83.7372
84.3061
84.8749
85.4437
86.0123
86.5808
87.1493
87.7176
88.2858
88.8539
89.4219
89.9898
90.5576
91.1252
91.6928
92.2602
92.8276
93.3948
93.9619
94.5289
95.0958
95.6626
96.2292
96.7958
97.3622
97.9285
98.4947
99.0608
99.6268
100.193
100.758
101.324
101.889
102.455
103.02
103.585
104.15
104.715
105.28
105.845
106.409
106.974
107.538
108.102
108.666
109.23
109.794
110.358
110.921
111.485
112.048
112.611
113.175
113.738
114.3
114.863
115.426
115.988
116.551
117.113
117.675
118.237
118.799
119.36
119.922
120.483
121.045
121.606
122.167
122.728
123.289
123.849
124.41
124.97
125.53
126.091
126.65
127.21
127.77
128.33
128.889
129.448
130.008
130.567
131.126
131.684
132.243
132.801
133.36
133.918
134.476
135.034
135.592
136.149
136.707
137.264
137.821
138.378
138.935
139.492
140.049
140.605
141.161
141.718
142.274
142.83
143.385
143.941
144.496
145.052
145.607
146.162
146.717
147.271
147.826
148.38
148.934
149.488
150.042
150.596
151.15
151.703
152.256
152.809
153.362
153.915
154.468
155.02
155.572
156.125
156.677
157.228
157.78
158.331
158.883
159.434
159.985
160.536
161.086
161.637
162.187
162.737
163.287
163.837
164.386
164.936
165.485
166.034
166.583
167.132
167.68
168.229
168.777
169.325
169.873
170.42
170.968
171.515
172.062
172.609
173.156
173.702
174.248
174.794
175.34
175.886
176.432
176.977
177.522
178.067
178.612
179.156
179.701
180.245
180.789
181.332
181.876
182.419
182.962
183.505
184.048
184.59
185.132
185.674
186.216
186.758
187.299
187.84
188.381
188.922
189.462
190.002
190.542
191.082
191.622
192.161
192.7
193.239
193.777
194.315
194.853
195.391
195.929
196.466
197.003
197.54
198.076
198.612
199.148
199.684
200.219
200.755
201.289
201.824
202.358
202.892
203.426
203.959
204.492
205.025
205.558
206.09
206.622
207.153
207.685
208.216
208.746
209.277
209.807
210.336
210.865
211.394
211.923
212.451
212.979
213.506
214.034
214.56
215.087
215.613
216.138
216.663
217.188
217.713
218.237
218.76
219.283
219.806
220.328
220.85
221.371
221.892
222.413
222.933
223.452
223.971
224.49
225.007
225.525
226.042
226.558
227.074
227.589
228.104
228.619
229.133
229.647
230.16
230.672
231.183
231.694
232.204
232.714
233.222
233.731
234.238
234.745
235.251
235.757
236.261
236.766
237.269
237.771
238.273
238.774
239.275
239.774
240.273
240.771
241.268
241.765
242.26
242.755
243.249
243.742
244.234
244.726
245.216
245.706
246.194
246.682
247.169
247.655
248.14
248.625
249.108
249.59
250.072
250.553
251.032
251.511
251.989
252.466
252.942
253.418
253.892
254.366
254.839
255.311
255.782
256.252
256.722
257.19
257.659
258.126
258.593
259.059
259.524
259.989
260.453
260.916
261.379
261.842
262.304
262.765
263.227
263.687
264.148
264.608
265.068
265.527
265.987
266.446
266.905
267.364
267.823
268.282
268.74
269.199
269.658
270.117
270.576
271.035
271.494
271.954
272.414
272.874
273.334
273.794
274.255
274.716
275.178
275.64
276.102
276.564
277.028
277.491
277.955
278.419
278.884
279.35
279.815
280.282
280.749
281.216
281.684
282.152
282.621
283.091
283.561
284.031
284.503
284.974
285.447
285.92
286.393
286.867
287.342
287.817
288.293
288.769
289.246
289.724
290.202
290.681
291.16
291.64
292.121
292.602
293.084
293.566
294.049
294.533
295.017
295.502
295.987
296.473
296.96
297.447
297.935
298.424
298.913
299.402
299.893
300.384
300.875
301.367
301.86
302.353
302.847
303.342
303.837
304.333
304.829
305.326
305.824
306.322
306.821
307.321
307.821
308.322
308.823
309.325
309.828
310.331
310.835
311.339
311.844
312.35
312.856
313.363
313.871
314.379
314.888
315.397
315.907
316.418
316.929
317.441
317.953
318.467
318.98
319.495
320.01
320.525
321.042
321.558
322.076
322.594
323.113
323.632
324.152
324.673
325.194
325.716
326.238
326.762
327.285
327.81
328.335
328.86
329.387
329.913
330.441
330.969
331.498
332.027
332.557
333.088
333.619
334.151
334.683
335.217
335.75
336.285
336.82
337.355
337.892
338.428
338.966
339.504
340.043
340.582
341.122
341.663
342.204
342.746
343.289
343.832
344.376
344.92
345.465
346.011
346.557
347.104
347.651
348.199
348.748
349.298
349.848
350.398
350.95
351.501
352.054
352.607
353.161
353.715
354.27
354.826
355.382
355.939
356.496
357.054
357.613
358.172
358.732
359.293
359.854
360.416
360.978
361.541
362.105
362.669
363.234
363.799
364.365
364.932
365.499
366.067
366.635
367.205
367.774
368.344
368.915
369.487
370.059
370.631
371.205
371.778
372.353
372.928
373.503
374.08
374.656
375.234
375.811
376.39
376.969
377.549
378.129
378.709
379.291
379.873
380.455
381.038
381.622
382.206
382.79
383.375
383.961
384.547
385.134
385.722
386.31
386.898
387.487
388.076
388.666
389.257
389.848
390.439
391.031
391.624
392.217
392.811
393.405
393.999
394.594
395.19
395.786
396.382
396.979
397.576
398.174
398.773
399.371
399.971
400.57
401.17
401.771
402.372
402.973
403.575
404.177
404.78
405.383
405.986
406.59
407.195
407.799
408.404
409.009
409.615
410.221
410.828
411.434
412.041
412.649
413.256
413.864
414.473
415.081
415.69
416.299
416.909
417.518
418.128
418.738
419.349
419.959
420.57
421.181
421.792
422.403
423.015
423.626
424.238
424.85
425.462
426.074
426.686
427.298
427.911
428.523
429.135
429.747
430.36
430.972
431.584
432.196
432.808
433.42
434.032
434.643
435.255
435.866
436.477
437.088
437.699
438.309
438.919
439.529
440.138
440.747
441.356
441.964
442.571
443.179
443.785
444.391
444.997
445.602
446.206
446.81
447.413
448.015
448.616
449.217
449.816
450.415
451.013
451.61
452.206
452.8
453.394
453.987
454.578
455.168
455.757
456.344
456.93
457.515
458.098
458.679
459.259
459.838
460.414
460.989
461.562
462.133
462.702
463.269
463.834
464.396
464.957
465.515
466.071
466.624
467.175
467.723
468.269
468.812
469.352
469.889
470.423
470.955
471.483
472.008
472.529
473.047
473.562
474.073
474.581
475.085
475.585
476.081
476.573
477.062
477.546
478.026
478.501
478.972
479.439
479.901
480.358
480.811
481.258
481.701
482.139
482.571
482.999
483.421
483.838
484.249
484.655
485.055
485.45
485.838
486.221
486.598
486.969
487.335
487.693
488.046
488.393
488.733
489.067
489.395
489.716
490.031
490.339
490.641
490.936
491.225
491.507
491.782
492.051
492.314
492.569
492.819
493.061
493.298
493.527
493.751
493.968
494.178
494.383
494.581
494.773
494.96
495.14
495.315
495.483
495.645
495.801
495.952
496.098
496.239
496.375
496.506
496.632
496.753
496.869
496.981
497.088
497.19
497.289
497.383
497.474
497.56
497.643
497.722
497.797
497.869
497.938
498.003
498.066
498.125
498.181
498.235
498.286
498.334
498.38
498.424
498.465
498.504
498.54
498.575
498.608
498.639
498.668
498.695
498.721
498.745
498.768
498.789
498.809
498.828
498.845
498.862
498.877
498.891
498.905
498.917
498.929
498.94
498.95
498.959
498.968
498.976
498.983
498.99
498.996
499.003
499.008
499.013
499.018
499.022
499.026
499.029
499.033
499.036
499.038
499.041
499.043
499.045
499.047
499.048
499.05
499.051
499.052
499.053
499.054
499.055
499.055
499.055
499.056
499.056
499.056
499.056
499.056
499.056
499.056
499.056
499.056
499.055
499.055
499.055
499.054
499.054
499.053
499.053
499.052
)
;

boundaryField
{
    sides
    {
        type            calculated;
        value           nonuniform List<scalar> 2(499.052 -16.5861);
    }
    empty
    {
        type            empty;
    }
}


// ************************************************************************* //
