/*--------------------------------*- C++ -*----------------------------------*\
| =========                 |                                                 |
| \\      /  F ield         | OpenFOAM: The Open Source CFD Toolbox           |
|  \\    /   O peration     | Version:  2406                                  |
|   \\  /    A nd           | Website:  www.openfoam.com                      |
|    \\/     M anipulation  |                                                 |
\*---------------------------------------------------------------------------*/
FoamFile
{
    version     2.0;
    format      ascii;
    arch        "LSB;label=32;scalar=64";
    class       volScalarField;
    location    "0.029";
    object      T;
}
// * * * * * * * * * * * * * * * * * * * * * * * * * * * * * * * * * * * * * //

dimensions      [0 0 0 1 0 0 0];

internalField   nonuniform List<scalar> 
1000
(
222.736
222.763
222.801
222.843
222.887
222.93
222.969
223.004
223.038
223.076
223.119
223.166
223.212
223.253
223.288
223.313
223.329
223.338
223.342
223.343
223.342
223.341
223.336
223.326
223.315
223.304
223.293
223.281
223.27
223.259
223.248
223.237
223.226
223.215
223.204
223.193
223.182
223.171
223.16
223.149
223.138
223.127
223.116
223.105
223.094
223.083
223.072
223.06
223.049
223.038
223.027
223.016
223.005
222.994
222.983
222.972
222.961
222.949
222.938
222.927
222.916
222.905
222.894
222.883
222.871
222.86
222.849
222.838
222.827
222.816
222.804
222.793
222.782
222.771
222.759
222.748
222.737
222.726
222.715
222.703
222.692
222.681
222.67
222.658
222.648
222.635
222.626
222.611
222.604
222.588
222.581
222.566
222.558
222.543
222.536
222.52
222.513
222.498
222.49
222.475
222.467
222.453
222.443
222.432
222.419
222.41
222.396
222.386
222.375
222.362
222.352
222.34
222.329
222.318
222.305
222.295
222.283
222.271
222.26
222.248
222.237
222.226
222.214
222.202
222.191
222.179
222.168
222.156
222.145
222.133
222.122
222.11
222.098
222.087
222.075
222.064
222.052
222.041
222.029
222.017
222.006
221.994
221.983
221.971
221.959
221.948
221.936
221.924
221.913
221.901
221.89
221.878
221.866
221.855
221.843
221.831
221.819
221.808
221.796
221.784
221.773
221.761
221.749
221.738
221.726
221.714
221.702
221.691
221.679
221.667
221.655
221.644
221.632
221.62
221.608
221.597
221.585
221.573
221.561
221.549
221.538
221.526
221.514
221.502
221.49
221.479
221.467
221.455
221.443
221.431
221.419
221.408
221.396
221.384
221.372
221.36
221.348
221.337
221.325
221.313
221.301
221.289
221.277
221.266
221.254
221.242
221.23
221.218
221.206
221.194
221.182
221.171
221.159
221.147
221.135
221.123
221.111
221.099
221.088
221.076
221.064
221.052
221.04
221.028
221.016
221.005
220.993
220.981
220.969
220.957
220.945
220.933
220.922
220.91
220.898
220.886
220.874
220.862
220.851
220.839
220.827
220.815
220.803
220.791
220.78
220.768
220.756
220.744
220.733
220.721
220.709
220.697
220.686
220.674
220.662
220.65
220.639
220.627
220.615
220.604
220.592
220.58
220.569
220.557
220.546
220.534
220.522
220.511
220.499
220.488
220.476
220.465
220.453
220.442
220.43
220.419
220.407
220.396
220.385
220.373
220.362
220.351
220.339
220.328
220.317
220.305
220.294
220.283
220.272
220.261
220.25
220.239
220.228
220.217
220.206
220.195
220.184
220.173
220.162
220.151
220.141
220.13
220.119
220.108
220.098
220.087
220.077
220.066
220.056
220.045
220.035
220.025
220.015
220.004
219.994
219.984
219.974
219.964
219.954
219.945
219.935
219.925
219.916
219.906
219.896
219.887
219.878
219.868
219.859
219.85
219.841
219.832
219.823
219.815
219.806
219.797
219.789
219.781
219.772
219.764
219.756
219.748
219.741
219.733
219.725
219.718
219.711
219.703
219.696
219.69
219.683
219.676
219.67
219.663
219.657
219.651
219.646
219.64
219.635
219.629
219.624
219.62
219.615
219.611
219.606
219.602
219.599
219.595
219.592
219.589
219.586
219.584
219.581
219.579
219.578
219.576
219.575
219.575
219.574
219.574
219.574
219.575
219.575
219.576
219.577
219.579
219.582
219.584
219.588
219.591
219.595
219.6
219.605
219.61
219.616
219.623
219.629
219.637
219.645
219.653
219.662
219.672
219.682
219.693
219.704
219.716
219.729
219.742
219.756
219.77
219.786
219.801
219.818
219.835
219.854
219.872
219.892
219.912
219.934
219.955
219.978
220.002
220.026
220.051
220.077
220.104
220.132
220.16
220.19
220.22
220.251
220.283
220.316
220.35
220.385
220.42
220.456
220.494
220.532
220.571
220.61
220.651
220.693
220.735
220.778
220.822
220.867
220.912
220.958
221.005
221.053
221.101
221.15
221.2
221.25
221.301
221.353
221.405
221.458
221.511
221.565
221.619
221.674
221.73
221.785
221.842
221.898
221.955
222.012
222.07
222.128
222.186
222.245
222.304
222.363
222.422
222.482
222.542
222.602
222.662
222.723
222.783
222.844
222.905
222.966
223.027
223.088
223.149
223.211
223.272
223.334
223.396
223.457
223.519
223.581
223.643
223.705
223.767
223.829
223.891
223.954
224.016
224.078
224.141
224.203
224.265
224.328
224.39
224.453
224.515
224.578
224.641
224.703
224.766
224.829
224.891
224.954
225.017
225.08
225.143
225.205
225.268
225.331
225.394
225.457
225.52
225.583
225.646
225.709
225.772
225.835
225.899
225.962
226.025
226.088
226.151
226.214
226.278
226.341
226.404
226.468
226.531
226.594
226.658
226.721
226.785
226.848
226.912
226.975
227.039
227.102
227.166
227.23
227.293
227.357
227.421
227.484
227.548
227.612
227.676
227.739
227.803
227.867
227.931
227.995
228.059
228.123
228.187
228.251
228.315
228.379
228.443
228.507
228.571
228.635
228.699
228.763
228.827
228.892
228.956
229.02
229.084
229.149
229.213
229.277
229.342
229.406
229.47
229.535
229.599
229.663
229.728
229.792
229.857
229.921
229.986
230.05
230.115
230.18
230.244
230.309
230.373
230.438
230.503
230.567
230.632
230.697
230.762
230.826
230.891
230.956
231.021
231.085
231.15
231.215
231.28
231.345
231.41
231.475
231.539
231.604
231.669
231.734
231.799
231.864
231.929
231.994
232.059
232.124
232.189
232.254
232.319
232.384
232.45
232.515
232.58
232.645
232.71
232.775
232.84
232.905
232.971
233.036
233.101
233.166
233.231
233.296
233.362
233.427
233.492
233.557
233.623
233.688
233.753
233.818
233.884
233.949
234.014
234.079
234.145
234.21
234.275
234.341
234.406
234.471
234.537
234.602
234.667
234.733
234.798
234.863
234.929
234.994
235.059
235.125
235.19
235.255
235.321
235.386
235.452
235.517
235.582
235.648
235.713
235.779
235.844
235.909
235.975
236.04
236.106
236.171
236.237
236.302
236.367
236.433
236.498
236.564
236.629
236.694
236.76
236.825
236.891
236.956
237.022
237.087
237.152
237.218
237.283
237.349
237.414
237.479
237.545
237.61
237.675
237.741
237.806
237.871
237.937
238.002
238.067
238.133
238.198
238.263
238.329
238.394
238.459
238.524
238.589
238.655
238.72
238.785
238.85
238.915
238.98
239.045
239.11
239.175
239.24
239.305
239.37
239.435
239.5
239.565
239.63
239.695
239.76
239.824
239.889
239.954
240.018
240.083
240.147
240.212
240.277
240.341
240.405
240.47
240.534
240.598
240.662
240.727
240.791
240.855
240.919
240.983
241.047
241.11
241.174
241.238
241.302
241.365
241.429
241.492
241.555
241.619
241.682
241.745
241.808
241.871
241.934
241.997
242.059
242.122
242.184
242.247
242.309
242.371
242.433
242.495
242.557
242.618
242.68
242.741
242.803
242.864
242.925
242.986
243.047
243.107
243.168
243.228
243.288
243.348
243.408
243.467
243.527
243.586
243.645
243.704
243.763
243.821
243.879
243.937
243.995
244.053
244.11
244.167
244.224
244.281
244.337
244.393
244.449
244.504
244.56
244.615
244.669
244.724
244.778
244.832
244.885
244.938
244.991
245.043
245.096
245.147
245.199
245.25
245.3
245.35
245.4
245.45
245.499
245.547
245.596
245.643
245.691
245.738
245.784
245.83
245.876
245.921
245.966
246.01
246.054
246.097
246.14
246.183
246.225
246.266
246.307
246.348
246.388
246.428
246.467
246.506
246.545
246.583
246.621
246.658
246.695
246.732
246.769
246.805
246.841
246.876
246.912
246.947
246.982
247.016
247.051
247.085
247.12
247.154
247.188
247.221
247.255
247.289
247.322
247.356
247.389
247.422
247.455
247.488
247.52
247.553
247.585
247.616
247.648
247.679
247.71
247.741
247.771
247.801
247.831
247.859
247.887
247.914
247.941
247.967
247.992
248.017
248.04
248.063
248.085
248.107
248.127
248.147
248.165
248.183
248.2
248.216
248.231
248.246
248.26
248.272
248.285
248.296
248.307
248.317
248.326
248.335
248.343
248.35
248.357
248.364
248.37
248.375
248.38
248.385
248.389
248.393
248.397
248.4
248.403
248.406
248.408
248.41
248.412
248.414
248.416
248.417
248.418
248.419
248.42
248.421
248.422
248.422
248.423
248.423
248.423
248.423
248.423
248.423
248.423
248.423
248.422
248.422
248.422
248.421
248.421
248.421
248.42
248.42
248.42
248.419
248.419
248.419
248.418
248.418
248.418
248.418
248.418
248.418
248.418
248.418
248.418
248.418
248.418
248.418
248.418
248.418
248.419
248.419
248.419
248.419
248.42
248.42
248.42
248.421
248.421
)
;

boundaryField
{
    sides
    {
        type            zeroGradient;
    }
    empty
    {
        type            empty;
    }
}


// ************************************************************************* //
