/*--------------------------------*- C++ -*----------------------------------*\
| =========                 |                                                 |
| \\      /  F ield         | OpenFOAM: The Open Source CFD Toolbox           |
|  \\    /   O peration     | Version:  2406                                  |
|   \\  /    A nd           | Website:  www.openfoam.com                      |
|    \\/     M anipulation  |                                                 |
\*---------------------------------------------------------------------------*/
FoamFile
{
    version     2.0;
    format      ascii;
    arch        "LSB;label=32;scalar=64";
    class       volVectorField;
    location    "0.029";
    object      U;
}
// * * * * * * * * * * * * * * * * * * * * * * * * * * * * * * * * * * * * * //

dimensions      [0 1 -1 0 0 0 0];

internalField   nonuniform List<vector> 
1000
(
(12.5298 0 0)
(13.0616 0 0)
(13.623 0 0)
(14.0846 0 0)
(14.5104 0 0)
(14.9418 0 0)
(15.3822 0 0)
(15.8248 0 0)
(16.2665 0 0)
(16.7075 0 0)
(17.1485 0 0)
(17.5897 0 0)
(18.0312 0 0)
(18.4727 0 0)
(18.9143 0 0)
(19.3559 0 0)
(19.7975 0 0)
(20.2391 0 0)
(20.6806 0 0)
(21.1222 0 0)
(21.5639 0 0)
(22.0056 0 0)
(22.4474 0 0)
(22.8892 0 0)
(23.331 0 0)
(23.7728 0 0)
(24.2147 0 0)
(24.6567 0 0)
(25.0986 0 0)
(25.5407 0 0)
(25.9828 0 0)
(26.4249 0 0)
(26.867 0 0)
(27.3093 0 0)
(27.7515 0 0)
(28.1938 0 0)
(28.6362 0 0)
(29.0786 0 0)
(29.521 0 0)
(29.9635 0 0)
(30.4061 0 0)
(30.8487 0 0)
(31.2913 0 0)
(31.734 0 0)
(32.1767 0 0)
(32.6194 0 0)
(33.0623 0 0)
(33.5051 0 0)
(33.948 0 0)
(34.391 0 0)
(34.834 0 0)
(35.277 0 0)
(35.7201 0 0)
(36.1632 0 0)
(36.6064 0 0)
(37.0496 0 0)
(37.4928 0 0)
(37.9362 0 0)
(38.3795 0 0)
(38.8229 0 0)
(39.2663 0 0)
(39.7098 0 0)
(40.1533 0 0)
(40.5969 0 0)
(41.0405 0 0)
(41.4841 0 0)
(41.9278 0 0)
(42.3716 0 0)
(42.8153 0 0)
(43.2592 0 0)
(43.703 0 0)
(44.1469 0 0)
(44.5909 0 0)
(45.0349 0 0)
(45.4789 0 0)
(45.923 0 0)
(46.3671 0 0)
(46.8112 0 0)
(47.2554 0 0)
(47.6996 0 0)
(48.1439 0 0)
(48.5882 0 0)
(49.0326 0 0)
(49.477 0 0)
(49.9214 0 0)
(50.3659 0 0)
(50.8104 0 0)
(51.2549 0 0)
(51.6995 0 0)
(52.1441 0 0)
(52.5888 0 0)
(53.0335 0 0)
(53.4783 0 0)
(53.9231 0 0)
(54.3679 0 0)
(54.8128 0 0)
(55.2577 0 0)
(55.7026 0 0)
(56.1476 0 0)
(56.5926 0 0)
(57.0377 0 0)
(57.4828 0 0)
(57.9279 0 0)
(58.3731 0 0)
(58.8183 0 0)
(59.2636 0 0)
(59.7089 0 0)
(60.1542 0 0)
(60.5996 0 0)
(61.045 0 0)
(61.4905 0 0)
(61.936 0 0)
(62.3815 0 0)
(62.827 0 0)
(63.2726 0 0)
(63.7183 0 0)
(64.164 0 0)
(64.6097 0 0)
(65.0554 0 0)
(65.5012 0 0)
(65.947 0 0)
(66.3928 0 0)
(66.8387 0 0)
(67.2847 0 0)
(67.7306 0 0)
(68.1766 0 0)
(68.6226 0 0)
(69.0687 0 0)
(69.5148 0 0)
(69.9609 0 0)
(70.4071 0 0)
(70.8533 0 0)
(71.2995 0 0)
(71.7457 0 0)
(72.192 0 0)
(72.6384 0 0)
(73.0847 0 0)
(73.5311 0 0)
(73.9775 0 0)
(74.424 0 0)
(74.8705 0 0)
(75.317 0 0)
(75.7635 0 0)
(76.2101 0 0)
(76.6567 0 0)
(77.1034 0 0)
(77.55 0 0)
(77.9967 0 0)
(78.4435 0 0)
(78.8902 0 0)
(79.337 0 0)
(79.7838 0 0)
(80.2307 0 0)
(80.6775 0 0)
(81.1245 0 0)
(81.5714 0 0)
(82.0183 0 0)
(82.4653 0 0)
(82.9124 0 0)
(83.3594 0 0)
(83.8065 0 0)
(84.2536 0 0)
(84.7007 0 0)
(85.1478 0 0)
(85.595 0 0)
(86.0422 0 0)
(86.4895 0 0)
(86.9367 0 0)
(87.384 0 0)
(87.8313 0 0)
(88.2786 0 0)
(88.726 0 0)
(89.1733 0 0)
(89.6207 0 0)
(90.0682 0 0)
(90.5156 0 0)
(90.9631 0 0)
(91.4106 0 0)
(91.8581 0 0)
(92.3056 0 0)
(92.7532 0 0)
(93.2007 0 0)
(93.6483 0 0)
(94.0959 0 0)
(94.5436 0 0)
(94.9912 0 0)
(95.4389 0 0)
(95.8866 0 0)
(96.3343 0 0)
(96.782 0 0)
(97.2298 0 0)
(97.6776 0 0)
(98.1253 0 0)
(98.5731 0 0)
(99.0209 0 0)
(99.4688 0 0)
(99.9166 0 0)
(100.364 0 0)
(100.812 0 0)
(101.26 0 0)
(101.708 0 0)
(102.156 0 0)
(102.604 0 0)
(103.052 0 0)
(103.5 0 0)
(103.948 0 0)
(104.396 0 0)
(104.844 0 0)
(105.292 0 0)
(105.74 0 0)
(106.188 0 0)
(106.636 0 0)
(107.084 0 0)
(107.532 0 0)
(107.98 0 0)
(108.428 0 0)
(108.876 0 0)
(109.324 0 0)
(109.772 0 0)
(110.22 0 0)
(110.668 0 0)
(111.116 0 0)
(111.564 0 0)
(112.012 0 0)
(112.46 0 0)
(112.909 0 0)
(113.357 0 0)
(113.805 0 0)
(114.253 0 0)
(114.701 0 0)
(115.149 0 0)
(115.597 0 0)
(116.045 0 0)
(116.493 0 0)
(116.941 0 0)
(117.389 0 0)
(117.837 0 0)
(118.285 0 0)
(118.733 0 0)
(119.181 0 0)
(119.629 0 0)
(120.077 0 0)
(120.525 0 0)
(120.973 0 0)
(121.421 0 0)
(121.868 0 0)
(122.316 0 0)
(122.764 0 0)
(123.212 0 0)
(123.66 0 0)
(124.108 0 0)
(124.555 0 0)
(125.003 0 0)
(125.451 0 0)
(125.898 0 0)
(126.346 0 0)
(126.794 0 0)
(127.241 0 0)
(127.689 0 0)
(128.136 0 0)
(128.584 0 0)
(129.031 0 0)
(129.479 0 0)
(129.926 0 0)
(130.373 0 0)
(130.821 0 0)
(131.268 0 0)
(131.715 0 0)
(132.162 0 0)
(132.609 0 0)
(133.057 0 0)
(133.504 0 0)
(133.95 0 0)
(134.397 0 0)
(134.844 0 0)
(135.291 0 0)
(135.738 0 0)
(136.184 0 0)
(136.631 0 0)
(137.077 0 0)
(137.524 0 0)
(137.97 0 0)
(138.417 0 0)
(138.863 0 0)
(139.309 0 0)
(139.755 0 0)
(140.201 0 0)
(140.647 0 0)
(141.093 0 0)
(141.538 0 0)
(141.984 0 0)
(142.429 0 0)
(142.875 0 0)
(143.32 0 0)
(143.765 0 0)
(144.21 0 0)
(144.655 0 0)
(145.1 0 0)
(145.545 0 0)
(145.99 0 0)
(146.434 0 0)
(146.879 0 0)
(147.323 0 0)
(147.767 0 0)
(148.211 0 0)
(148.655 0 0)
(149.098 0 0)
(149.542 0 0)
(149.985 0 0)
(150.428 0 0)
(150.872 0 0)
(151.314 0 0)
(151.757 0 0)
(152.2 0 0)
(152.642 0 0)
(153.084 0 0)
(153.526 0 0)
(153.968 0 0)
(154.409 0 0)
(154.851 0 0)
(155.292 0 0)
(155.733 0 0)
(156.173 0 0)
(156.614 0 0)
(157.054 0 0)
(157.494 0 0)
(157.934 0 0)
(158.373 0 0)
(158.812 0 0)
(159.251 0 0)
(159.69 0 0)
(160.128 0 0)
(160.566 0 0)
(161.004 0 0)
(161.441 0 0)
(161.878 0 0)
(162.315 0 0)
(162.751 0 0)
(163.187 0 0)
(163.623 0 0)
(164.058 0 0)
(164.493 0 0)
(164.927 0 0)
(165.361 0 0)
(165.795 0 0)
(166.228 0 0)
(166.661 0 0)
(167.093 0 0)
(167.525 0 0)
(167.957 0 0)
(168.388 0 0)
(168.818 0 0)
(169.248 0 0)
(169.677 0 0)
(170.106 0 0)
(170.534 0 0)
(170.962 0 0)
(171.389 0 0)
(171.816 0 0)
(172.242 0 0)
(172.667 0 0)
(173.091 0 0)
(173.515 0 0)
(173.938 0 0)
(174.361 0 0)
(174.782 0 0)
(175.203 0 0)
(175.623 0 0)
(176.043 0 0)
(176.461 0 0)
(176.879 0 0)
(177.295 0 0)
(177.711 0 0)
(178.126 0 0)
(178.54 0 0)
(178.953 0 0)
(179.364 0 0)
(179.775 0 0)
(180.185 0 0)
(180.594 0 0)
(181.002 0 0)
(181.41 0 0)
(181.816 0 0)
(182.221 0 0)
(182.625 0 0)
(183.027 0 0)
(183.427 0 0)
(183.826 0 0)
(184.224 0 0)
(184.62 0 0)
(185.015 0 0)
(185.408 0 0)
(185.8 0 0)
(186.191 0 0)
(186.579 0 0)
(186.966 0 0)
(187.352 0 0)
(187.736 0 0)
(188.118 0 0)
(188.498 0 0)
(188.876 0 0)
(189.253 0 0)
(189.627 0 0)
(190 0 0)
(190.37 0 0)
(190.739 0 0)
(191.105 0 0)
(191.47 0 0)
(191.832 0 0)
(192.192 0 0)
(192.55 0 0)
(192.905 0 0)
(193.258 0 0)
(193.609 0 0)
(193.957 0 0)
(194.303 0 0)
(194.646 0 0)
(194.987 0 0)
(195.325 0 0)
(195.66 0 0)
(195.993 0 0)
(196.324 0 0)
(196.651 0 0)
(196.976 0 0)
(197.298 0 0)
(197.617 0 0)
(197.934 0 0)
(198.247 0 0)
(198.558 0 0)
(198.866 0 0)
(199.171 0 0)
(199.474 0 0)
(199.773 0 0)
(200.07 0 0)
(200.363 0 0)
(200.654 0 0)
(200.942 0 0)
(201.227 0 0)
(201.51 0 0)
(201.789 0 0)
(202.066 0 0)
(202.34 0 0)
(202.611 0 0)
(202.88 0 0)
(203.146 0 0)
(203.409 0 0)
(203.67 0 0)
(203.929 0 0)
(204.185 0 0)
(204.438 0 0)
(204.689 0 0)
(204.938 0 0)
(205.185 0 0)
(205.43 0 0)
(205.672 0 0)
(205.913 0 0)
(206.151 0 0)
(206.388 0 0)
(206.623 0 0)
(206.856 0 0)
(207.087 0 0)
(207.317 0 0)
(207.545 0 0)
(207.772 0 0)
(207.998 0 0)
(208.222 0 0)
(208.445 0 0)
(208.667 0 0)
(208.887 0 0)
(209.107 0 0)
(209.326 0 0)
(209.543 0 0)
(209.76 0 0)
(209.976 0 0)
(210.192 0 0)
(210.406 0 0)
(210.62 0 0)
(210.834 0 0)
(211.047 0 0)
(211.259 0 0)
(211.471 0 0)
(211.683 0 0)
(211.894 0 0)
(212.104 0 0)
(212.315 0 0)
(212.525 0 0)
(212.735 0 0)
(212.945 0 0)
(213.154 0 0)
(213.363 0 0)
(213.573 0 0)
(213.782 0 0)
(213.99 0 0)
(214.199 0 0)
(214.408 0 0)
(214.616 0 0)
(214.825 0 0)
(215.034 0 0)
(215.242 0 0)
(215.45 0 0)
(215.659 0 0)
(215.867 0 0)
(216.075 0 0)
(216.284 0 0)
(216.492 0 0)
(216.701 0 0)
(216.909 0 0)
(217.117 0 0)
(217.326 0 0)
(217.534 0 0)
(217.743 0 0)
(217.951 0 0)
(218.16 0 0)
(218.368 0 0)
(218.577 0 0)
(218.786 0 0)
(218.994 0 0)
(219.203 0 0)
(219.412 0 0)
(219.621 0 0)
(219.829 0 0)
(220.038 0 0)
(220.247 0 0)
(220.456 0 0)
(220.665 0 0)
(220.874 0 0)
(221.083 0 0)
(221.292 0 0)
(221.502 0 0)
(221.711 0 0)
(221.92 0 0)
(222.13 0 0)
(222.339 0 0)
(222.548 0 0)
(222.758 0 0)
(222.967 0 0)
(223.177 0 0)
(223.386 0 0)
(223.596 0 0)
(223.806 0 0)
(224.015 0 0)
(224.225 0 0)
(224.435 0 0)
(224.645 0 0)
(224.855 0 0)
(225.065 0 0)
(225.275 0 0)
(225.485 0 0)
(225.695 0 0)
(225.905 0 0)
(226.115 0 0)
(226.325 0 0)
(226.535 0 0)
(226.746 0 0)
(226.956 0 0)
(227.166 0 0)
(227.377 0 0)
(227.587 0 0)
(227.797 0 0)
(228.008 0 0)
(228.219 0 0)
(228.429 0 0)
(228.64 0 0)
(228.85 0 0)
(229.061 0 0)
(229.272 0 0)
(229.483 0 0)
(229.693 0 0)
(229.904 0 0)
(230.115 0 0)
(230.326 0 0)
(230.537 0 0)
(230.748 0 0)
(230.959 0 0)
(231.17 0 0)
(231.381 0 0)
(231.593 0 0)
(231.804 0 0)
(232.015 0 0)
(232.226 0 0)
(232.438 0 0)
(232.649 0 0)
(232.86 0 0)
(233.072 0 0)
(233.283 0 0)
(233.495 0 0)
(233.706 0 0)
(233.918 0 0)
(234.129 0 0)
(234.341 0 0)
(234.553 0 0)
(234.764 0 0)
(234.976 0 0)
(235.188 0 0)
(235.4 0 0)
(235.611 0 0)
(235.823 0 0)
(236.035 0 0)
(236.247 0 0)
(236.459 0 0)
(236.671 0 0)
(236.883 0 0)
(237.095 0 0)
(237.307 0 0)
(237.519 0 0)
(237.731 0 0)
(237.944 0 0)
(238.156 0 0)
(238.368 0 0)
(238.58 0 0)
(238.792 0 0)
(239.005 0 0)
(239.217 0 0)
(239.429 0 0)
(239.642 0 0)
(239.854 0 0)
(240.067 0 0)
(240.279 0 0)
(240.492 0 0)
(240.704 0 0)
(240.917 0 0)
(241.129 0 0)
(241.342 0 0)
(241.555 0 0)
(241.767 0 0)
(241.98 0 0)
(242.192 0 0)
(242.405 0 0)
(242.618 0 0)
(242.831 0 0)
(243.043 0 0)
(243.256 0 0)
(243.469 0 0)
(243.682 0 0)
(243.895 0 0)
(244.107 0 0)
(244.32 0 0)
(244.533 0 0)
(244.746 0 0)
(244.959 0 0)
(245.172 0 0)
(245.385 0 0)
(245.598 0 0)
(245.811 0 0)
(246.024 0 0)
(246.237 0 0)
(246.45 0 0)
(246.663 0 0)
(246.876 0 0)
(247.089 0 0)
(247.302 0 0)
(247.515 0 0)
(247.728 0 0)
(247.941 0 0)
(248.154 0 0)
(248.368 0 0)
(248.581 0 0)
(248.794 0 0)
(249.007 0 0)
(249.22 0 0)
(249.433 0 0)
(249.646 0 0)
(249.859 0 0)
(250.073 0 0)
(250.286 0 0)
(250.499 0 0)
(250.712 0 0)
(250.925 0 0)
(251.138 0 0)
(251.351 0 0)
(251.565 0 0)
(251.778 0 0)
(251.991 0 0)
(252.204 0 0)
(252.417 0 0)
(252.63 0 0)
(252.843 0 0)
(253.056 0 0)
(253.269 0 0)
(253.482 0 0)
(253.695 0 0)
(253.908 0 0)
(254.122 0 0)
(254.335 0 0)
(254.548 0 0)
(254.761 0 0)
(254.973 0 0)
(255.186 0 0)
(255.399 0 0)
(255.612 0 0)
(255.825 0 0)
(256.038 0 0)
(256.251 0 0)
(256.464 0 0)
(256.676 0 0)
(256.889 0 0)
(257.102 0 0)
(257.315 0 0)
(257.527 0 0)
(257.74 0 0)
(257.952 0 0)
(258.165 0 0)
(258.378 0 0)
(258.59 0 0)
(258.803 0 0)
(259.015 0 0)
(259.227 0 0)
(259.44 0 0)
(259.652 0 0)
(259.864 0 0)
(260.076 0 0)
(260.289 0 0)
(260.501 0 0)
(260.713 0 0)
(260.925 0 0)
(261.137 0 0)
(261.348 0 0)
(261.56 0 0)
(261.772 0 0)
(261.984 0 0)
(262.195 0 0)
(262.407 0 0)
(262.618 0 0)
(262.83 0 0)
(263.041 0 0)
(263.252 0 0)
(263.464 0 0)
(263.675 0 0)
(263.886 0 0)
(264.097 0 0)
(264.308 0 0)
(264.518 0 0)
(264.729 0 0)
(264.94 0 0)
(265.15 0 0)
(265.361 0 0)
(265.571 0 0)
(265.781 0 0)
(265.991 0 0)
(266.201 0 0)
(266.411 0 0)
(266.621 0 0)
(266.83 0 0)
(267.04 0 0)
(267.249 0 0)
(267.458 0 0)
(267.668 0 0)
(267.877 0 0)
(268.085 0 0)
(268.294 0 0)
(268.503 0 0)
(268.711 0 0)
(268.919 0 0)
(269.127 0 0)
(269.335 0 0)
(269.543 0 0)
(269.751 0 0)
(269.958 0 0)
(270.165 0 0)
(270.372 0 0)
(270.579 0 0)
(270.786 0 0)
(270.992 0 0)
(271.199 0 0)
(271.405 0 0)
(271.611 0 0)
(271.816 0 0)
(272.022 0 0)
(272.227 0 0)
(272.432 0 0)
(272.636 0 0)
(272.841 0 0)
(273.045 0 0)
(273.249 0 0)
(273.453 0 0)
(273.656 0 0)
(273.859 0 0)
(274.062 0 0)
(274.264 0 0)
(274.466 0 0)
(274.668 0 0)
(274.87 0 0)
(275.071 0 0)
(275.272 0 0)
(275.472 0 0)
(275.672 0 0)
(275.872 0 0)
(276.072 0 0)
(276.271 0 0)
(276.469 0 0)
(276.667 0 0)
(276.865 0 0)
(277.063 0 0)
(277.259 0 0)
(277.456 0 0)
(277.652 0 0)
(277.847 0 0)
(278.043 0 0)
(278.237 0 0)
(278.431 0 0)
(278.625 0 0)
(278.818 0 0)
(279.01 0 0)
(279.202 0 0)
(279.393 0 0)
(279.584 0 0)
(279.774 0 0)
(279.963 0 0)
(280.152 0 0)
(280.34 0 0)
(280.528 0 0)
(280.714 0 0)
(280.901 0 0)
(281.086 0 0)
(281.271 0 0)
(281.454 0 0)
(281.638 0 0)
(281.82 0 0)
(282.001 0 0)
(282.182 0 0)
(282.362 0 0)
(282.541 0 0)
(282.719 0 0)
(282.896 0 0)
(283.072 0 0)
(283.247 0 0)
(283.422 0 0)
(283.595 0 0)
(283.767 0 0)
(283.939 0 0)
(284.109 0 0)
(284.278 0 0)
(284.446 0 0)
(284.613 0 0)
(284.778 0 0)
(284.943 0 0)
(285.106 0 0)
(285.268 0 0)
(285.429 0 0)
(285.589 0 0)
(285.747 0 0)
(285.904 0 0)
(286.059 0 0)
(286.213 0 0)
(286.366 0 0)
(286.517 0 0)
(286.667 0 0)
(286.815 0 0)
(286.962 0 0)
(287.107 0 0)
(287.25 0 0)
(287.392 0 0)
(287.532 0 0)
(287.67 0 0)
(287.806 0 0)
(287.941 0 0)
(288.074 0 0)
(288.204 0 0)
(288.333 0 0)
(288.46 0 0)
(288.584 0 0)
(288.707 0 0)
(288.827 0 0)
(288.945 0 0)
(289.06 0 0)
(289.173 0 0)
(289.284 0 0)
(289.392 0 0)
(289.497 0 0)
(289.6 0 0)
(289.7 0 0)
(289.797 0 0)
(289.891 0 0)
(289.983 0 0)
(290.071 0 0)
(290.156 0 0)
(290.238 0 0)
(290.316 0 0)
(290.391 0 0)
(290.463 0 0)
(290.532 0 0)
(290.597 0 0)
(290.658 0 0)
(290.716 0 0)
(290.77 0 0)
(290.821 0 0)
(290.868 0 0)
(290.912 0 0)
(290.952 0 0)
(290.988 0 0)
(291.022 0 0)
(291.052 0 0)
(291.078 0 0)
(291.101 0 0)
(291.122 0 0)
(291.139 0 0)
(291.153 0 0)
(291.165 0 0)
(291.174 0 0)
(291.181 0 0)
(291.185 0 0)
(291.188 0 0)
(291.188 0 0)
(291.187 0 0)
(291.184 0 0)
(291.18 0 0)
(291.175 0 0)
(291.169 0 0)
(291.161 0 0)
(291.154 0 0)
(291.145 0 0)
(291.137 0 0)
(291.128 0 0)
(291.119 0 0)
(291.11 0 0)
(291.102 0 0)
(291.093 0 0)
(291.085 0 0)
(291.078 0 0)
(291.071 0 0)
(291.064 0 0)
(291.058 0 0)
(291.052 0 0)
(291.047 0 0)
(291.043 0 0)
(291.039 0 0)
(291.036 0 0)
(291.034 0 0)
(291.032 0 0)
(291.03 0 0)
(291.029 0 0)
(291.029 0 0)
(291.029 0 0)
(291.029 0 0)
(291.03 0 0)
(291.031 0 0)
(291.033 0 0)
(291.035 0 0)
(291.037 0 0)
(291.039 0 0)
(291.042 0 0)
(291.044 0 0)
(291.047 0 0)
(291.05 0 0)
(291.053 0 0)
(291.056 0 0)
(291.06 0 0)
(291.063 0 0)
(291.067 0 0)
(291.07 0 0)
(291.074 0 0)
(291.078 0 0)
(291.081 0 0)
(291.085 0 0)
(291.089 0 0)
(291.093 0 0)
(291.096 0 0)
(291.1 0 0)
(291.104 0 0)
(291.108 0 0)
(291.112 0 0)
(291.116 0 0)
(291.121 0 0)
(291.125 0 0)
(291.129 0 0)
(291.133 0 0)
(291.137 0 0)
(291.141 0 0)
(291.144 0 0)
(291.148 0 0)
(291.152 0 0)
(291.155 0 0)
(291.158 0 0)
(291.161 0 0)
(291.164 0 0)
(291.167 0 0)
(291.17 0 0)
(291.173 0 0)
(291.175 0 0)
(291.177 0 0)
(291.179 0 0)
(291.181 0 0)
(291.183 0 0)
(291.184 0 0)
(291.185 0 0)
(291.187 0 0)
(291.188 0 0)
(291.189 0 0)
(291.19 0 0)
(291.19 0 0)
(291.191 0 0)
(291.191 0 0)
(291.192 0 0)
(291.192 0 0)
(291.192 0 0)
(291.193 0 0)
(291.193 0 0)
(291.193 0 0)
(291.193 0 0)
(291.193 0 0)
)
;

boundaryField
{
    sides
    {
        type            zeroGradient;
    }
    empty
    {
        type            empty;
    }
}


// ************************************************************************* //
