/*--------------------------------*- C++ -*----------------------------------*\
| =========                 |                                                 |
| \\      /  F ield         | OpenFOAM: The Open Source CFD Toolbox           |
|  \\    /   O peration     | Version:  2406                                  |
|   \\  /    A nd           | Website:  www.openfoam.com                      |
|    \\/     M anipulation  |                                                 |
\*---------------------------------------------------------------------------*/
FoamFile
{
    version     2.0;
    format      ascii;
    arch        "LSB;label=32;scalar=64";
    class       volScalarField;
    location    "0.049";
    object      mag(U);
}
// * * * * * * * * * * * * * * * * * * * * * * * * * * * * * * * * * * * * * //

dimensions      [0 1 -1 0 0 0 0];

internalField   nonuniform List<scalar> 
1000
(
20.0135
20.222
20.4971
20.7244
20.9211
21.115
21.3137
21.515
21.7161
21.9166
22.1167
22.3167
22.5166
22.7163
22.9159
23.1152
23.3144
23.5134
23.7121
23.9107
24.109
24.3071
24.5049
24.7025
24.8998
25.0968
25.2936
25.4901
25.6863
25.8821
26.0777
26.2729
26.4678
26.6624
26.8566
27.0504
27.2439
27.437
27.6297
27.8221
28.014
28.2055
28.3965
28.5872
28.7774
28.9673
29.1568
29.3457
29.5339
29.7217
29.909
30.0957
30.282
30.4677
30.6528
30.8374
31.0214
31.2049
31.3877
31.57
31.7516
31.9326
32.113
32.2927
32.4717
32.6501
32.8278
33.0048
33.181
33.3566
33.5314
33.7055
33.8788
34.0513
34.223
34.394
34.5641
34.7334
34.9019
35.0696
35.2364
35.4024
35.5675
35.7317
35.895
36.0575
36.219
36.3796
36.5393
36.6981
36.8559
37.0128
37.1687
37.3237
37.4777
37.6308
37.7829
37.934
38.0841
38.2333
38.3814
38.5286
38.6748
38.82
38.9642
39.1074
39.2497
39.391
39.5312
39.6705
39.8089
39.9463
40.0827
40.2181
40.3526
40.4862
40.6188
40.7506
40.8814
41.0113
41.1403
41.2684
41.3957
41.5221
41.6477
41.7725
41.8964
42.0196
42.142
42.2637
42.3845
42.5047
42.6242
42.743
42.8611
42.9785
43.0953
43.2116
43.3272
43.4422
43.5567
43.6706
43.7841
43.897
44.0095
44.1214
44.233
44.3441
44.4548
44.5652
44.6751
44.7848
44.894
45.003
45.1117
45.22
45.3281
45.436
45.5436
45.651
45.7582
45.8652
45.972
46.0786
46.185
46.2914
46.3975
46.5036
46.6095
46.7154
46.8211
46.9268
47.0323
47.1378
47.2433
47.3486
47.454
47.5592
47.6645
47.7697
47.8749
47.9801
48.0852
48.1904
48.2955
48.4007
48.5058
48.6109
48.7161
48.8213
48.9264
49.0316
49.1368
49.2421
49.3473
49.4526
49.5579
49.6632
49.7686
49.874
49.9794
50.0848
50.1903
50.2959
50.4014
50.507
50.6126
50.7183
50.824
50.9298
51.0356
51.1414
51.2473
51.3532
51.4591
51.5651
51.6711
51.7772
51.8833
51.9895
52.0957
52.2019
52.3082
52.4145
52.5209
52.6273
52.7337
52.8402
52.9467
53.0533
53.1599
53.2666
53.3733
53.48
53.5868
53.6936
53.8004
53.9073
54.0143
54.1213
54.2283
54.3354
54.4425
54.5496
54.6568
54.764
54.8713
54.9786
55.0859
55.1933
55.3007
55.4082
55.5157
55.6233
55.7308
55.8385
55.9461
56.0538
56.1616
56.2694
56.3772
56.485
56.5929
56.7009
56.8088
56.9169
57.0249
57.133
57.2411
57.3493
57.4575
57.5658
57.674
57.7824
57.8907
57.9991
58.1076
58.216
58.3246
58.4331
58.5417
58.6503
58.759
58.8677
58.9764
59.0852
59.194
59.3029
59.4118
59.5207
59.6296
59.7386
59.8477
59.9568
60.0659
60.175
60.2842
60.3934
60.5027
60.612
60.7213
60.8307
60.9401
61.0495
61.159
61.2685
61.3781
61.4876
61.5973
61.7069
61.8166
61.9264
62.0361
62.1459
62.2558
62.3656
62.4755
62.5855
62.6955
62.8055
62.9155
63.0256
63.1357
63.2459
63.3561
63.4663
63.5766
63.6869
63.7972
63.9076
64.018
64.1284
64.2389
64.3494
64.4599
64.5705
64.6811
64.7918
64.9024
65.0131
65.1239
65.2347
65.3455
65.4563
65.5672
65.6781
65.7891
65.9001
66.0111
66.1222
66.2332
66.3444
66.4555
66.5667
66.6779
66.7892
66.9005
67.0118
67.1232
67.2345
67.346
67.4574
67.5689
67.6804
67.792
67.9036
68.0152
68.1269
68.2385
68.3503
68.462
68.5738
68.6856
68.7975
68.9094
69.0213
69.1332
69.2452
69.3572
69.4693
69.5814
69.6935
69.8056
69.9178
70.03
70.1423
70.2546
70.3669
70.4792
70.5916
70.704
70.8164
70.9289
71.0414
71.1539
71.2665
71.3791
71.4917
71.6044
71.7171
71.8298
71.9426
72.0554
72.1682
72.281
72.3939
72.5068
72.6198
72.7328
72.8458
72.9588
73.0719
73.185
73.2981
73.4113
73.5245
73.6377
73.751
73.8643
73.9776
74.091
74.2044
74.3178
74.4312
74.5447
74.6582
74.7718
74.8854
74.999
75.1126
75.2263
75.34
75.4537
75.5675
75.6813
75.7951
75.9089
76.0228
76.1367
76.2507
76.3647
76.4787
76.5927
76.7068
76.8209
76.935
77.0492
77.1634
77.2776
77.3918
77.5061
77.6204
77.7348
77.8492
77.9636
78.078
78.1925
78.307
78.4215
78.536
78.6506
78.7652
78.8799
78.9946
79.1093
79.224
79.3388
79.4536
79.5684
79.6833
79.7981
79.9131
80.028
80.143
80.258
80.373
80.4881
80.6032
80.7183
80.8335
80.9487
81.0639
81.1791
81.2944
81.4097
81.525
81.6404
81.7558
81.8712
81.9867
82.1021
82.2176
82.3332
82.4488
82.5644
82.68
82.7956
82.9113
83.0271
83.1428
83.2586
83.3744
83.4902
83.6061
83.722
83.8379
83.9538
84.0698
84.1858
84.3019
84.4179
84.534
84.6502
84.7663
84.8825
84.9987
85.115
85.2312
85.3475
85.4639
85.5802
85.6966
85.813
85.9295
86.0459
86.1624
86.279
86.3955
86.5121
86.6287
86.7454
86.8621
86.9788
87.0955
87.2122
87.329
87.4459
87.5627
87.6796
87.7965
87.9134
88.0304
88.1474
88.2644
88.3814
88.4985
88.6156
88.7327
88.8499
88.9671
89.0843
89.2015
89.3188
89.4361
89.5534
89.6708
89.7882
89.9056
90.023
90.1405
90.258
90.3755
90.493
90.6106
90.7282
90.8459
90.9635
91.0812
91.1989
91.3167
91.4344
91.5522
91.6701
91.7879
91.9058
92.0237
92.1416
92.2596
92.3776
92.4956
92.6136
92.7317
92.8497
92.9678
93.086
93.2041
93.3223
93.4405
93.5587
93.677
93.7952
93.9135
94.0318
94.1502
94.2685
94.3868
94.5052
94.6236
94.742
94.8604
94.9788
95.0972
95.2156
95.3341
95.4525
95.5709
95.6893
95.8077
95.9261
96.0445
96.1629
96.2812
96.3995
96.5178
96.636
96.7542
96.8723
96.9904
97.1085
97.2264
97.3443
97.4621
97.5798
97.6975
97.815
97.9324
98.0496
98.1668
98.2838
98.4006
98.5173
98.6337
98.75
98.8661
98.982
99.0976
99.213
99.3282
99.443
99.5576
99.6719
99.7858
99.8994
100.013
100.126
100.238
100.35
100.462
100.573
100.684
100.794
100.904
101.013
101.122
101.231
101.338
101.446
101.552
101.659
101.764
101.869
101.973
102.077
102.18
102.283
102.385
102.486
102.586
102.687
102.786
102.885
102.983
103.081
103.178
103.274
103.37
103.466
103.56
103.655
103.749
103.842
103.936
104.028
104.121
104.213
104.305
104.397
104.488
104.579
104.67
104.762
104.853
104.944
105.035
105.126
105.217
105.309
105.401
105.493
105.585
105.677
105.77
105.864
105.958
106.052
106.146
106.242
106.337
106.434
106.531
106.628
106.727
106.825
106.925
107.025
107.126
107.227
107.33
107.433
107.536
107.64
107.745
107.851
107.958
108.065
108.173
108.281
108.39
108.5
108.61
108.721
108.833
108.945
109.058
109.172
109.286
109.4
109.515
109.631
109.747
109.863
109.98
110.098
110.215
110.334
110.452
110.571
110.691
110.81
110.931
111.051
111.172
111.293
111.414
111.535
111.657
111.779
111.901
112.024
112.146
112.269
112.392
112.515
112.638
112.761
112.885
113.008
113.132
113.255
113.379
113.502
113.626
113.75
113.873
113.997
114.12
114.243
114.366
114.489
114.612
114.734
114.857
114.978
115.1
115.221
115.341
115.462
115.581
115.7
115.818
115.935
116.052
116.167
116.282
116.396
116.508
116.62
116.73
116.838
116.945
117.051
117.155
117.258
117.358
117.457
117.554
117.649
117.742
117.833
117.922
118.009
118.094
118.177
118.257
118.336
118.412
118.486
118.558
118.629
118.697
118.764
118.829
118.892
118.954
119.015
119.075
119.133
119.191
119.248
119.304
119.36
119.416
119.472
119.528
119.584
119.64
119.697
119.755
119.813
119.872
119.932
119.993
120.055
120.119
120.183
120.249
120.316
120.385
120.455
120.526
120.599
120.673
120.749
120.826
120.905
120.985
121.066
121.148
121.232
121.317
121.404
121.492
121.581
121.671
121.762
121.854
121.948
122.043
122.138
122.235
122.333
122.432
122.532
122.632
122.734
122.836
122.94
123.044
123.149
123.255
123.362
123.47
123.578
123.687
123.797
123.908
124.019
124.131
124.244
124.358
124.472
124.587
124.703
124.819
124.936
125.053
125.171
125.29
125.409
125.529
125.65
125.771
125.893
126.015
126.138
126.261
126.385
126.509
126.634
126.76
126.886
127.012
127.139
127.267
127.395
127.523
127.652
127.782
127.911
128.042
128.173
128.304
128.435
128.568
128.7
128.833
128.967
129.1
129.235
129.369
129.504
129.64
129.776
129.912
130.049
130.186
130.323
130.461
130.599
130.738
130.877
131.016
131.156
131.296
131.437
131.577
131.718
131.86
132.002
132.144
132.286
132.429
132.572
132.716
132.86
133.004
133.148
133.293
133.438
133.584
133.729
133.875
134.022
134.168
134.315
134.463
134.61
134.758
134.906
135.055
135.203
135.352
135.502
135.651
135.801
135.951
136.102
136.252
136.403
136.555
136.706
136.858
137.01
137.162
137.315
137.468
137.621
137.774
137.928
138.082
138.236
138.39
138.545
138.7
138.855
139.01
139.166
139.323
139.481
139.745
)
;

boundaryField
{
    sides
    {
        type            calculated;
        value           nonuniform List<scalar> 2(139.745 20.0135);
    }
    empty
    {
        type            empty;
    }
}


// ************************************************************************* //
