/*--------------------------------*- C++ -*----------------------------------*\
| =========                 |                                                 |
| \\      /  F ield         | OpenFOAM: The Open Source CFD Toolbox           |
|  \\    /   O peration     | Version:  2406                                  |
|   \\  /    A nd           | Website:  www.openfoam.com                      |
|    \\/     M anipulation  |                                                 |
\*---------------------------------------------------------------------------*/
FoamFile
{
    version     2.0;
    format      ascii;
    arch        "LSB;label=32;scalar=64";
    class       volScalarField;
    location    "0.049";
    object      p;
}
// * * * * * * * * * * * * * * * * * * * * * * * * * * * * * * * * * * * * * //

dimensions      [1 -1 -2 0 0 0 0];

internalField   nonuniform List<scalar> 
1000
(
8939.47
8938.63
8937.18
8935.92
8934.86
8933.87
8932.88
8931.89
8930.92
8929.97
8929.05
8928.15
8927.28
8926.42
8925.59
8924.78
8924
8923.24
8922.5
8921.79
8921.1
8920.44
8919.8
8919.19
8918.6
8918.04
8917.5
8916.99
8916.5
8916.05
8915.62
8915.21
8914.84
8914.49
8914.17
8913.88
8913.62
8913.38
8913.18
8913
8912.86
8912.75
8912.66
8912.61
8912.59
8912.59
8912.62
8912.69
8912.8
8912.95
8913.12
8913.33
8913.57
8913.85
8914.16
8914.51
8914.9
8915.32
8915.77
8916.27
8916.8
8917.37
8917.98
8918.63
8919.32
8920.05
8920.82
8921.63
8922.48
8923.38
8924.32
8925.3
8926.32
8927.39
8928.51
8929.67
8930.87
8932.12
8933.42
8934.77
8936.16
8937.6
8939.09
8940.62
8942.21
8943.85
8945.53
8947.27
8949.06
8950.9
8952.79
8954.73
8956.73
8958.77
8960.87
8963.02
8965.23
8967.49
8969.8
8972.16
8974.58
8977.06
8979.58
8982.16
8984.8
8987.49
8990.23
8993.03
8995.88
8998.78
9001.73
9004.74
9007.8
9010.92
9014.09
9017.3
9020.57
9023.89
9027.26
9030.68
9034.15
9037.67
9041.24
9044.86
9048.52
9052.23
9055.98
9059.78
9063.62
9067.51
9071.44
9075.41
9079.42
9083.48
9087.57
9091.7
9095.87
9100.07
9104.31
9108.59
9112.9
9117.24
9121.61
9126.02
9130.46
9134.92
9139.42
9143.94
9148.49
9153.06
9157.66
9162.29
9166.94
9171.61
9176.3
9181.02
9185.75
9190.51
9195.28
9200.07
9204.88
9209.7
9214.55
9219.4
9224.28
9229.17
9234.07
9238.98
9243.91
9248.85
9253.8
9258.77
9263.74
9268.73
9273.73
9278.73
9283.75
9288.77
9293.81
9298.85
9303.9
9308.96
9314.03
9319.11
9324.19
9329.28
9334.38
9339.48
9344.6
9349.71
9354.84
9359.97
9365.11
9370.25
9375.4
9380.56
9385.72
9390.88
9396.06
9401.23
9406.42
9411.61
9416.8
9422
9427.2
9432.41
9437.63
9442.85
9448.07
9453.3
9458.54
9463.78
9469.02
9474.27
9479.53
9484.79
9490.05
9495.32
9500.6
9505.88
9511.16
9516.45
9521.74
9527.04
9532.34
9537.65
9542.96
9548.28
9553.6
9558.93
9564.26
9569.6
9574.94
9580.29
9585.64
9590.99
9596.35
9601.72
9607.09
9612.46
9617.84
9623.22
9628.61
9634
9639.4
9644.8
9650.21
9655.62
9661.04
9666.46
9671.88
9677.31
9682.75
9688.19
9693.63
9699.08
9704.53
9709.99
9715.45
9720.92
9726.39
9731.87
9737.35
9742.84
9748.33
9753.82
9759.32
9764.83
9770.34
9775.85
9781.37
9786.89
9792.42
9797.95
9803.49
9809.03
9814.58
9820.13
9825.69
9831.25
9836.81
9842.38
9847.96
9853.54
9859.12
9864.71
9870.3
9875.9
9881.5
9887.11
9892.72
9898.34
9903.96
9909.58
9915.21
9920.85
9926.49
9932.13
9937.78
9943.43
9949.09
9954.75
9960.42
9966.09
9971.77
9977.45
9983.14
9988.83
9994.52
10000.2
10005.9
10011.6
10017.3
10023.1
10028.8
10034.5
10040.2
10046
10051.7
10057.5
10063.2
10069
10074.7
10080.5
10086.3
10092
10097.8
10103.6
10109.4
10115.2
10121
10126.8
10132.6
10138.4
10144.2
10150
10155.9
10161.7
10167.5
10173.4
10179.2
10185.1
10190.9
10196.8
10202.6
10208.5
10214.4
10220.3
10226.1
10232
10237.9
10243.8
10249.7
10255.6
10261.5
10267.5
10273.4
10279.3
10285.2
10291.2
10297.1
10303
10309
10314.9
10320.9
10326.9
10332.8
10338.8
10344.8
10350.8
10356.7
10362.7
10368.7
10374.7
10380.7
10386.7
10392.8
10398.8
10404.8
10410.8
10416.9
10422.9
10428.9
10435
10441
10447.1
10453.2
10459.2
10465.3
10471.4
10477.5
10483.5
10489.6
10495.7
10501.8
10507.9
10514
10520.2
10526.3
10532.4
10538.5
10544.7
10550.8
10557
10563.1
10569.3
10575.4
10581.6
10587.7
10593.9
10600.1
10606.3
10612.5
10618.6
10624.8
10631
10637.3
10643.5
10649.7
10655.9
10662.1
10668.4
10674.6
10680.8
10687.1
10693.3
10699.6
10705.8
10712.1
10718.4
10724.6
10730.9
10737.2
10743.5
10749.8
10756.1
10762.4
10768.7
10775
10781.3
10787.6
10794
10800.3
10806.6
10813
10819.3
10825.7
10832
10838.4
10844.8
10851.1
10857.5
10863.9
10870.3
10876.7
10883.1
10889.5
10895.9
10902.3
10908.7
10915.1
10921.6
10928
10934.4
10940.9
10947.3
10953.8
10960.2
10966.7
10973.1
10979.6
10986.1
10992.6
10999
11005.5
11012
11018.5
11025
11031.5
11038.1
11044.6
11051.1
11057.6
11064.2
11070.7
11077.3
11083.8
11090.4
11096.9
11103.5
11110.1
11116.6
11123.2
11129.8
11136.4
11143
11149.6
11156.2
11162.8
11169.4
11176
11182.7
11189.3
11195.9
11202.6
11209.2
11215.9
11222.5
11229.2
11235.8
11242.5
11249.2
11255.9
11262.6
11269.2
11275.9
11282.6
11289.3
11296.1
11302.8
11309.5
11316.2
11323
11329.7
11336.4
11343.2
11349.9
11356.7
11363.5
11370.2
11377
11383.8
11390.6
11397.3
11404.1
11410.9
11417.7
11424.5
11431.4
11438.2
11445
11451.8
11458.7
11465.5
11472.3
11479.2
11486.1
11492.9
11499.8
11506.6
11513.5
11520.4
11527.3
11534.2
11541.1
11548
11554.9
11561.8
11568.7
11575.6
11582.6
11589.5
11596.4
11603.4
11610.3
11617.3
11624.2
11631.2
11638.2
11645.2
11652.1
11659.1
11666.1
11673.1
11680.1
11687.1
11694.1
11701.1
11708.2
11715.2
11722.2
11729.3
11736.3
11743.4
11750.4
11757.5
11764.5
11771.6
11778.7
11785.8
11792.9
11800
11807.1
11814.2
11821.3
11828.4
11835.5
11842.7
11849.8
11856.9
11864.1
11871.2
11878.4
11885.6
11892.8
11899.9
11907.1
11914.3
11921.5
11928.8
11936
11943.2
11950.5
11957.7
11965
11972.2
11979.5
11986.8
11994.1
12001.4
12008.7
12016.1
12023.4
12030.8
12038.2
12045.5
12052.9
12060.4
12067.8
12075.3
12082.7
12090.2
12097.7
12105.2
12112.8
12120.4
12127.9
12135.6
12143.2
12150.9
12158.6
12166.3
12174
12181.8
12189.6
12197.4
12205.3
12213.2
12221.1
12229.1
12237.1
12245.2
12253.2
12261.4
12269.5
12277.7
12286
12294.3
12302.6
12311
12319.4
12327.9
12336.4
12345
12353.6
12362.2
12371
12379.7
12388.5
12397.4
12406.3
12415.2
12424.2
12433.2
12442.3
12451.4
12460.6
12469.8
12479
12488.3
12497.6
12507
12516.4
12525.8
12535.3
12544.7
12554.2
12563.8
12573.3
12582.9
12592.5
12602
12611.6
12621.3
12630.9
12640.5
12650.1
12659.7
12669.3
12678.9
12688.5
12698.1
12707.6
12717.2
12726.7
12736.2
12745.7
12755.2
12764.6
12774
12783.4
12792.7
12802
12811.3
12820.5
12829.7
12838.9
12848
12857.2
12866.2
12875.3
12884.2
12893.2
12902.1
12911
12919.9
12928.7
12937.5
12946.2
12954.9
12963.6
12972.3
12980.9
12989.5
12998.1
13006.6
13015.1
13023.6
13032
13040.5
13048.9
13057.3
13065.6
13074
13082.3
13090.6
13098.9
13107.2
13115.5
13123.7
13132
13140.2
13148.4
13156.6
13164.8
13173
13181.2
13189.3
13197.5
13205.7
13213.8
13222
13230.1
13238.3
13246.4
13254.6
13262.8
13270.9
13279.1
13287.2
13295.4
13303.6
13311.8
13320
13328.2
13336.4
13344.7
13352.9
13361.2
13369.5
13377.9
13386.2
13394.6
13403
13411.5
13420
13428.5
13437.1
13445.7
13454.4
13463.1
13471.9
13480.8
13489.8
13498.8
13507.9
13517.1
13526.4
13535.8
13545.3
13554.9
13564.7
13574.5
13584.5
13594.6
13604.9
13615.2
13625.8
13636.5
13647.3
13658.3
13669.4
13680.7
13692.2
13703.8
13715.6
13727.5
13739.6
13751.8
13764.2
13776.7
13789.3
13802.1
13814.9
13827.9
13841
13854.1
13867.3
13880.6
13894
13907.4
13920.8
13934.2
13947.7
13961.1
13974.6
13988
14001.4
14014.8
14028.1
14041.4
14054.7
14067.8
14080.9
14093.9
14106.9
14119.8
14132.6
14145.3
14157.9
14170.5
14182.9
14195.3
14207.6
14219.8
14231.9
14243.9
14255.9
14267.7
14279.5
14291.3
14302.9
14314.5
14326
14337.4
14348.7
14360
14371.2
14382.4
14393.5
14404.5
14415.5
14426.4
14437.3
14448.1
14458.8
14469.5
14480.2
14490.8
14501.3
14511.8
14522.3
14532.7
14543
14553.4
14563.6
14573.9
14584
14594.2
14604.3
14614.4
14624.4
14634.4
14644.3
14654.2
14664.1
14673.9
14683.8
14693.5
14703.3
14713
14722.6
14732.3
14741.9
14751.5
14761
14770.5
14780
14789.5
14798.9
14808.3
14817.6
14827
14836.3
14845.6
14854.8
14864.1
14873.3
14882.4
14891.6
14900.7
14909.8
14918.9
14928
14937
14946
14955
14963.9
14972.9
14981.8
14990.7
14999.6
15008.4
15017.2
15026
15034.8
15043.6
15052.3
15061
15069.7
15078.4
15087.1
15095.7
15104.4
15113
15121.5
15130.1
15138.7
15147.2
15155.7
15164.2
15172.7
15181.1
15189.6
15198
15206.4
15214.8
15223.1
15231.5
15239.8
15248.2
15256.5
15264.7
15273
15281.3
15289.5
15297.7
15305.9
15314.1
15322.3
15330.5
15338.6
15346.8
15354.9
15363
15371.1
15379.2
15387.2
15395.3
15403.3
15411.3
15419.3
15427.3
15435.3
15443.2
15451.2
15459.1
15467.1
15475
15482.9
15490.8
15498.6
15506.5
15514.3
15522.2
15530
15537.8
15545.6
15553.4
15561
)
;

boundaryField
{
    sides
    {
        type            zeroGradient;
    }
    empty
    {
        type            empty;
    }
}


// ************************************************************************* //
