/*--------------------------------*- C++ -*----------------------------------*\
| =========                 |                                                 |
| \\      /  F ield         | OpenFOAM: The Open Source CFD Toolbox           |
|  \\    /   O peration     | Version:  2406                                  |
|   \\  /    A nd           | Website:  www.openfoam.com                      |
|    \\/     M anipulation  |                                                 |
\*---------------------------------------------------------------------------*/
FoamFile
{
    version     2.0;
    format      ascii;
    arch        "LSB;label=32;scalar=64";
    class       surfaceScalarField;
    location    "0.049";
    object      phi;
}
// * * * * * * * * * * * * * * * * * * * * * * * * * * * * * * * * * * * * * //

dimensions      [1 0 -1 0 0 0 0];

oriented        oriented;

internalField   nonuniform List<scalar> 
999
(
14.5237
14.6653
14.8068
14.9481
15.0893
15.2303
15.3712
15.512
15.6526
15.7931
15.9335
16.0737
16.2137
16.3536
16.4933
16.6329
16.7723
16.9115
17.0506
17.1894
17.3281
17.4666
17.6049
17.7431
17.8809
18.0186
18.156
18.2932
18.4303
18.5671
18.7038
18.8402
18.9763
19.1121
19.2476
19.3828
19.5179
19.6527
19.7873
19.9217
20.0558
20.1896
20.3231
20.4563
20.589
20.7214
20.8535
20.9853
21.1167
21.248
21.379
21.5097
21.6403
21.7705
21.9004
22.0298
22.1589
22.2874
22.4154
22.543
22.67
22.7965
22.9226
23.0483
23.1736
23.2986
23.4233
23.5478
23.6721
23.7962
23.9201
24.0438
24.1673
24.2905
24.4134
24.5359
24.6581
24.7798
24.9011
25.0219
25.1424
25.2625
25.3822
25.5016
25.6207
25.7393
25.8574
25.9751
26.0923
26.209
26.3252
26.4408
26.5559
26.6705
26.7845
26.898
27.011
27.1234
27.2353
27.3466
27.4573
27.5676
27.6773
27.7864
27.895
28.003
28.1105
28.2175
28.324
28.4299
28.5352
28.6401
28.7444
28.8482
28.9516
29.0544
29.1567
29.2585
29.3598
29.4607
29.5611
29.661
29.7605
29.8595
29.9581
30.0563
30.1541
30.2514
30.3484
30.445
30.5412
30.637
30.7325
30.8277
30.9225
31.017
31.1112
31.2051
31.2987
31.3921
31.4852
31.5781
31.6707
31.7631
31.8553
31.9473
32.0391
32.1307
32.2222
32.3135
32.4047
32.4957
32.5866
32.6774
32.7681
32.8587
32.9493
33.0397
33.1301
33.2204
33.3107
33.401
33.4912
33.5814
33.6715
33.7617
33.8519
33.942
34.0322
34.1224
34.2126
34.3028
34.3931
34.4834
34.5737
34.6641
34.7546
34.845
34.9356
35.0262
35.1169
35.2076
35.2984
35.3893
35.4802
35.5713
35.6624
35.7536
35.8448
35.9362
36.0276
36.1192
36.2108
36.3025
36.3943
36.4862
36.5782
36.6703
36.7625
36.8548
36.9471
37.0396
37.1322
37.2249
37.3177
37.4105
37.5035
37.5966
37.6898
37.7831
37.8765
37.97
38.0636
38.1573
38.2511
38.345
38.439
38.5332
38.6274
38.7217
38.8161
38.9107
39.0053
39.1001
39.195
39.2899
39.385
39.4802
39.5754
39.6708
39.7663
39.8619
39.9576
40.0534
40.1494
40.2454
40.3415
40.4377
40.5341
40.6305
40.7271
40.8237
40.9205
41.0174
41.1144
41.2114
41.3086
41.4059
41.5033
41.6009
41.6985
41.7962
41.894
41.992
42.09
42.1882
42.2864
42.3848
42.4832
42.5818
42.6805
42.7793
42.8782
42.9772
43.0763
43.1755
43.2749
43.3743
43.4738
43.5735
43.6732
43.7731
43.8731
43.9732
44.0733
44.1736
44.274
44.3745
44.4752
44.5759
44.6767
44.7776
44.8787
44.9798
45.0811
45.1825
45.284
45.3855
45.4872
45.589
45.6909
45.793
45.8951
45.9973
46.0997
46.2021
46.3047
46.4074
46.5101
46.613
46.716
46.8191
46.9223
47.0257
47.1291
47.2326
47.3363
47.44
47.5439
47.6479
47.752
47.8562
47.9605
48.0649
48.1694
48.274
48.3788
48.4836
48.5886
48.6937
48.7989
48.9041
49.0095
49.1151
49.2207
49.3264
49.4323
49.5382
49.6443
49.7504
49.8567
49.9631
50.0696
50.1762
50.283
50.3898
50.4967
50.6038
50.711
50.8182
50.9256
51.0331
51.1407
51.2485
51.3563
51.4642
51.5723
51.6805
51.7888
51.8971
52.0056
52.1143
52.223
52.3318
52.4408
52.5498
52.659
52.7683
52.8777
52.9872
53.0968
53.2066
53.3164
53.4264
53.5364
53.6466
53.7569
53.8673
53.9778
54.0885
54.1992
54.3101
54.4211
54.5322
54.6434
54.7547
54.8661
54.9776
55.0893
55.2011
55.3129
55.4249
55.537
55.6493
55.7616
55.874
55.9866
56.0993
56.2121
56.325
56.438
56.5511
56.6644
56.7778
56.8912
57.0048
57.1185
57.2324
57.3463
57.4604
57.5745
57.6888
57.8032
57.9177
58.0324
58.1471
58.262
58.3769
58.492
58.6072
58.7226
58.838
58.9536
59.0692
59.185
59.3009
59.4169
59.5331
59.6493
59.7657
59.8822
59.9988
60.1155
60.2324
60.3493
60.4664
60.5836
60.7009
60.8183
60.9358
61.0535
61.1713
61.2892
61.4072
61.5253
61.6436
61.7619
61.8804
61.999
62.1177
62.2366
62.3555
62.4746
62.5938
62.7131
62.8325
62.9521
63.0718
63.1915
63.3114
63.4315
63.5516
63.6719
63.7923
63.9128
64.0334
64.1541
64.275
64.396
64.5171
64.6383
64.7596
64.8811
65.0027
65.1244
65.2462
65.3681
65.4902
65.6124
65.7347
65.8571
65.9797
66.1023
66.2251
66.348
66.4711
66.5942
66.7175
66.8409
66.9644
67.088
67.2118
67.3357
67.4597
67.5838
67.7081
67.8324
67.9569
68.0815
68.2063
68.3311
68.4561
68.5812
68.7064
68.8318
68.9573
69.0829
69.2086
69.3344
69.4604
69.5865
69.7127
69.839
69.9655
70.0921
70.2188
70.3456
70.4726
70.5997
70.7269
70.8542
70.9817
71.1092
71.2369
71.3648
71.4927
71.6208
71.749
71.8773
72.0058
72.1344
72.2631
72.3919
72.5209
72.6499
72.7791
72.9085
73.0379
73.1675
73.2972
73.4271
73.557
73.6871
73.8173
73.9477
74.0781
74.2087
74.3395
74.4703
74.6013
74.7324
74.8636
74.995
75.1265
75.2581
75.3898
75.5217
75.6537
75.7858
75.9181
76.0504
76.1829
76.3156
76.4483
76.5812
76.7143
76.8474
76.9807
77.1141
77.2476
77.3813
77.5151
77.649
77.7831
77.9172
78.0515
78.186
78.3206
78.4553
78.5901
78.725
78.8601
78.9953
79.1307
79.2662
79.4018
79.5375
79.6734
79.8093
79.9455
80.0817
80.2181
80.3546
80.4913
80.628
80.7649
80.9019
81.0391
81.1764
81.3138
81.4513
81.589
81.7268
81.8647
82.0028
82.1409
82.2792
82.4176
82.5562
82.6949
82.8336
82.9725
83.1116
83.2507
83.39
83.5294
83.6688
83.8084
83.9482
84.088
84.2279
84.3679
84.5081
84.6483
84.7886
84.929
85.0695
85.2101
85.3508
85.4916
85.6324
85.7733
85.9143
86.0553
86.1964
86.3375
86.4787
86.6199
86.7612
86.9025
87.0438
87.1851
87.3264
87.4678
87.6091
87.7504
87.8917
88.033
88.1742
88.3154
88.4565
88.5976
88.7385
88.8795
89.0203
89.161
89.3016
89.4421
89.5824
89.7227
89.8628
90.0028
90.1425
90.2822
90.4215
90.5609
90.6998
90.8388
90.9774
91.116
91.2541
91.3923
91.53
91.6677
91.8049
91.9423
92.079
92.2159
92.3523
92.4887
92.6246
92.7606
92.8962
93.0317
93.167
93.3021
93.4371
93.5719
93.7066
93.8412
93.9757
94.1101
94.2444
94.3787
94.5129
94.6471
94.7814
94.9157
95.05
95.1844
95.3189
95.4536
95.5884
95.7234
95.8585
95.9939
96.1296
96.2655
96.4017
96.5381
96.675
96.8121
96.9497
97.0876
97.226
97.3648
97.504
97.6436
97.7838
97.9244
98.0655
98.207
98.3492
98.4918
98.6349
98.7786
98.9228
99.0675
99.2128
99.3586
99.5049
99.6518
99.7992
99.9471
100.096
100.245
100.394
100.544
100.695
100.845
100.997
101.149
101.301
101.454
101.608
101.761
101.916
102.07
102.225
102.381
102.537
102.693
102.85
103.007
103.164
103.322
103.48
103.639
103.797
103.956
104.116
104.276
104.436
104.596
104.756
104.917
105.078
105.24
105.401
105.563
105.725
105.887
106.05
106.213
106.375
106.539
106.702
106.865
107.029
107.193
107.356
107.52
107.685
107.849
108.013
108.177
108.342
108.506
108.671
108.835
109
109.164
109.329
109.493
109.657
109.821
109.985
110.149
110.312
110.476
110.639
110.801
110.963
111.125
111.286
111.447
111.607
111.767
111.926
112.084
112.242
112.398
112.554
112.709
112.864
113.017
113.169
113.321
113.471
113.62
113.769
113.916
114.062
114.207
114.352
114.495
114.637
114.778
114.918
115.058
115.197
115.335
115.472
115.608
115.744
115.88
116.015
116.15
116.285
116.42
116.554
116.689
116.824
116.959
117.094
117.23
117.366
117.503
117.641
117.779
117.918
118.057
118.198
118.339
118.481
118.624
118.768
118.913
119.059
119.205
119.353
119.502
119.651
119.802
119.954
120.106
120.26
120.414
120.569
120.725
120.882
121.04
121.199
121.359
121.519
121.68
121.842
122.005
122.168
122.333
122.498
122.663
122.83
122.997
123.165
123.333
123.502
123.672
123.843
124.014
124.185
124.358
124.53
124.704
124.878
125.053
125.228
125.404
125.58
125.757
125.934
126.112
126.291
126.47
126.65
126.83
127.01
127.191
127.373
127.555
127.738
127.921
128.105
128.289
128.473
128.658
128.844
129.029
129.216
129.403
129.59
129.778
129.966
130.154
130.343
130.533
130.723
130.913
131.104
131.295
131.486
131.678
131.871
132.063
132.257
132.45
132.644
132.838
133.033
133.228
133.424
133.62
133.816
134.013
134.21
134.407
134.605
134.803
135.002
135.201
135.4
135.599
135.799
136
136.2
136.401
136.603
136.805
137.007
137.209
137.412
137.615
137.818
138.022
138.226
138.431
138.636
138.841
139.046
139.252
139.458
139.665
139.871
140.078
140.286
140.493
140.702
140.91
141.119
141.328
141.537
141.746
141.956
142.167
142.377
142.588
142.799
143.011
143.222
143.434
143.647
143.859
144.072
144.286
144.499
144.713
144.927
145.142
145.356
145.571
145.787
146.002
146.218
146.434
146.651
146.867
147.085
147.302
147.519
)
;

boundaryField
{
    sides
    {
        type            calculated;
        value           nonuniform List<scalar> 2(147.737 -14.382);
    }
    empty
    {
        type            empty;
    }
}


// ************************************************************************* //
