/*--------------------------------*- C++ -*----------------------------------*\
| =========                 |                                                 |
| \\      /  F ield         | OpenFOAM: The Open Source CFD Toolbox           |
|  \\    /   O peration     | Version:  2406                                  |
|   \\  /    A nd           | Website:  www.openfoam.com                      |
|    \\/     M anipulation  |                                                 |
\*---------------------------------------------------------------------------*/
FoamFile
{
    version     2.0;
    format      ascii;
    arch        "LSB;label=32;scalar=64";
    class       volScalarField;
    location    "0.049";
    object      T;
}
// * * * * * * * * * * * * * * * * * * * * * * * * * * * * * * * * * * * * * //

dimensions      [0 0 0 1 0 0 0];

internalField   nonuniform List<scalar> 
1000
(
172.938
172.946
172.959
172.973
172.988
173.004
173.02
173.036
173.053
173.07
173.086
173.104
173.121
173.139
173.157
173.175
173.193
173.211
173.23
173.249
173.268
173.287
173.306
173.324
173.344
173.364
173.384
173.404
173.424
173.444
173.464
173.483
173.503
173.524
173.546
173.568
173.589
173.611
173.632
173.653
173.673
173.694
173.715
173.736
173.759
173.782
173.806
173.83
173.854
173.878
173.9
173.922
173.944
173.964
173.985
174.006
174.028
174.051
174.075
174.1
174.127
174.154
174.182
174.21
174.238
174.266
174.293
174.318
174.343
174.365
174.386
174.406
174.423
174.44
174.456
174.471
174.485
174.499
174.514
174.528
174.541
174.555
174.567
174.579
174.59
174.6
174.611
174.621
174.631
174.641
174.652
174.663
174.674
174.685
174.697
174.708
174.721
174.733
174.746
174.759
174.772
174.786
174.8
174.814
174.829
174.844
174.859
174.875
174.89
174.906
174.923
174.939
174.956
174.974
174.991
175.009
175.027
175.045
175.064
175.083
175.102
175.122
175.141
175.161
175.182
175.202
175.223
175.244
175.265
175.286
175.308
175.33
175.352
175.375
175.397
175.42
175.443
175.466
175.489
175.513
175.536
175.56
175.584
175.609
175.633
175.657
175.682
175.707
175.732
175.757
175.782
175.808
175.833
175.859
175.884
175.91
175.936
175.962
175.988
176.014
176.041
176.067
176.093
176.12
176.146
176.173
176.2
176.227
176.253
176.28
176.307
176.334
176.361
176.388
176.416
176.443
176.47
176.497
176.525
176.552
176.579
176.607
176.634
176.662
176.689
176.717
176.744
176.772
176.8
176.827
176.855
176.883
176.91
176.938
176.966
176.994
177.021
177.049
177.077
177.105
177.133
177.161
177.189
177.217
177.245
177.273
177.301
177.329
177.357
177.385
177.413
177.441
177.469
177.497
177.525
177.553
177.581
177.61
177.638
177.666
177.694
177.722
177.751
177.779
177.807
177.835
177.864
177.892
177.92
177.949
177.977
178.005
178.034
178.062
178.091
178.119
178.147
178.176
178.204
178.233
178.261
178.29
178.318
178.347
178.375
178.404
178.433
178.461
178.49
178.518
178.547
178.576
178.604
178.633
178.662
178.69
178.719
178.748
178.776
178.805
178.834
178.863
178.892
178.92
178.949
178.978
179.007
179.036
179.065
179.093
179.122
179.151
179.18
179.209
179.238
179.267
179.296
179.325
179.354
179.383
179.412
179.441
179.47
179.499
179.528
179.557
179.586
179.615
179.644
179.674
179.703
179.732
179.761
179.79
179.819
179.849
179.878
179.907
179.936
179.966
179.995
180.024
180.053
180.083
180.112
180.141
180.171
180.2
180.229
180.259
180.288
180.318
180.347
180.376
180.406
180.435
180.465
180.494
180.524
180.553
180.583
180.612
180.642
180.671
180.701
180.73
180.76
180.79
180.819
180.849
180.878
180.908
180.938
180.967
180.997
181.027
181.056
181.086
181.116
181.146
181.175
181.205
181.235
181.265
181.294
181.324
181.354
181.384
181.414
181.444
181.474
181.503
181.533
181.563
181.593
181.623
181.653
181.683
181.713
181.743
181.773
181.803
181.833
181.863
181.893
181.923
181.953
181.983
182.013
182.043
182.073
182.104
182.134
182.164
182.194
182.224
182.254
182.284
182.315
182.345
182.375
182.405
182.435
182.466
182.496
182.526
182.557
182.587
182.617
182.648
182.678
182.708
182.739
182.769
182.799
182.83
182.86
182.891
182.921
182.951
182.982
183.012
183.043
183.073
183.104
183.134
183.165
183.195
183.226
183.256
183.287
183.318
183.348
183.379
183.409
183.44
183.471
183.501
183.532
183.563
183.593
183.624
183.655
183.685
183.716
183.747
183.777
183.808
183.839
183.87
183.901
183.931
183.962
183.993
184.024
184.055
184.086
184.116
184.147
184.178
184.209
184.24
184.271
184.302
184.333
184.364
184.395
184.426
184.457
184.488
184.519
184.55
184.581
184.612
184.643
184.674
184.705
184.736
184.767
184.798
184.829
184.861
184.892
184.923
184.954
184.985
185.016
185.048
185.079
185.11
185.141
185.173
185.204
185.235
185.266
185.298
185.329
185.36
185.392
185.423
185.454
185.486
185.517
185.548
185.58
185.611
185.643
185.674
185.705
185.737
185.768
185.8
185.831
185.863
185.894
185.926
185.957
185.989
186.02
186.052
186.084
186.115
186.147
186.178
186.21
186.242
186.273
186.305
186.337
186.368
186.4
186.432
186.463
186.495
186.527
186.558
186.59
186.622
186.654
186.685
186.717
186.749
186.781
186.813
186.844
186.876
186.908
186.94
186.972
187.004
187.036
187.068
187.1
187.131
187.163
187.195
187.227
187.259
187.291
187.323
187.355
187.387
187.419
187.451
187.483
187.515
187.548
187.58
187.612
187.644
187.676
187.708
187.74
187.772
187.804
187.837
187.869
187.901
187.933
187.965
187.998
188.03
188.062
188.094
188.127
188.159
188.191
188.224
188.256
188.288
188.32
188.353
188.385
188.418
188.45
188.482
188.515
188.547
188.58
188.612
188.644
188.677
188.709
188.742
188.774
188.807
188.839
188.872
188.904
188.937
188.97
189.002
189.035
189.067
189.1
189.133
189.165
189.198
189.231
189.263
189.296
189.329
189.361
189.394
189.427
189.46
189.493
189.525
189.558
189.591
189.624
189.657
189.69
189.723
189.756
189.789
189.822
189.855
189.888
189.921
189.955
189.988
190.021
190.055
190.088
190.121
190.155
190.189
190.222
190.256
190.289
190.323
190.357
190.391
190.425
190.459
190.493
190.528
190.562
190.597
190.631
190.666
190.7
190.736
190.77
190.806
190.84
190.877
190.911
190.949
190.983
191.021
191.054
191.094
191.127
191.167
191.2
191.242
191.274
191.317
191.348
191.393
191.423
191.469
191.499
191.547
191.575
191.625
191.653
191.704
191.731
191.783
191.81
191.863
191.89
191.944
191.971
192.025
192.053
192.107
192.135
192.19
192.217
192.272
192.3
192.356
192.384
192.44
192.467
192.523
192.551
192.608
192.636
192.692
192.72
192.776
192.804
192.86
192.888
192.944
192.972
193.027
193.055
193.111
193.138
193.194
193.221
193.276
193.303
193.358
193.385
193.439
193.466
193.519
193.546
193.599
193.626
193.678
193.704
193.757
193.783
193.835
193.86
193.912
193.937
193.988
194.013
194.064
194.089
194.139
194.164
194.213
194.238
194.287
194.312
194.361
194.385
194.433
194.457
194.506
194.53
194.578
194.601
194.649
194.673
194.72
194.744
194.791
194.814
194.861
194.885
194.931
194.955
195.001
195.024
195.071
195.094
195.14
195.163
195.21
195.233
195.279
195.302
195.348
195.371
195.417
195.44
195.486
195.509
195.555
195.578
195.624
195.647
195.694
195.717
195.763
195.786
195.833
195.856
195.903
195.926
195.973
195.996
196.043
196.067
196.115
196.139
196.187
196.211
196.259
196.284
196.333
196.358
196.408
196.433
196.484
196.51
196.561
196.588
196.64
196.667
196.721
196.749
196.804
196.832
196.889
196.918
196.976
197.006
197.066
197.097
197.158
197.19
197.252
197.285
197.349
197.383
197.449
197.483
197.55
197.585
197.654
197.689
197.76
197.796
197.867
197.903
197.975
198.012
198.085
198.121
198.194
198.231
198.304
198.341
198.414
198.45
198.523
198.559
198.632
198.668
198.739
198.775
198.846
198.881
198.951
198.986
199.055
199.089
199.157
199.191
199.258
199.291
199.357
199.39
199.455
199.487
199.551
199.583
199.646
199.677
199.74
199.771
199.832
199.863
199.923
199.953
200.013
200.043
200.102
200.131
200.19
200.219
200.277
200.305
200.362
200.391
200.447
200.475
200.531
200.559
200.615
200.642
200.697
200.724
200.778
200.805
200.859
200.886
200.939
200.966
201.019
201.045
201.097
201.123
201.176
201.201
201.253
201.279
201.33
201.355
201.406
201.431
201.482
201.507
201.557
201.582
201.631
201.656
201.705
201.73
201.779
201.803
201.852
201.876
201.924
201.948
201.997
202.02
202.068
202.092
202.139
202.163
202.21
202.233
202.28
202.304
202.35
202.373
202.42
202.443
202.489
202.511
202.557
202.58
202.625
202.648
202.693
202.716
202.761
202.783
202.828
202.85
202.895
202.917
202.961
202.983
203.027
203.049
203.093
203.115
203.159
203.18
203.224
203.245
203.289
203.31
203.353
203.374
203.417
203.438
203.481
203.502
203.545
203.566
203.608
203.629
203.671
203.692
203.734
203.754
203.796
203.817
203.858
203.879
203.92
203.941
203.982
204.002
204.043
204.063
204.104
204.125
204.165
204.185
204.226
204.246
204.286
204.306
204.346
204.366
204.406
204.426
204.466
204.485
204.525
204.544
204.589
204.599
204.666
)
;

boundaryField
{
    sides
    {
        type            zeroGradient;
    }
    empty
    {
        type            empty;
    }
}


// ************************************************************************* //
