/*--------------------------------*- C++ -*----------------------------------*\
| =========                 |                                                 |
| \\      /  F ield         | OpenFOAM: The Open Source CFD Toolbox           |
|  \\    /   O peration     | Version:  2406                                  |
|   \\  /    A nd           | Website:  www.openfoam.com                      |
|    \\/     M anipulation  |                                                 |
\*---------------------------------------------------------------------------*/
FoamFile
{
    version     2.0;
    format      ascii;
    arch        "LSB;label=32;scalar=64";
    class       volVectorField;
    location    "0.049";
    object      U;
}
// * * * * * * * * * * * * * * * * * * * * * * * * * * * * * * * * * * * * * //

dimensions      [0 1 -1 0 0 0 0];

internalField   nonuniform List<vector> 
1000
(
(20.0135 0 0)
(20.222 0 0)
(20.4971 0 0)
(20.7244 0 0)
(20.9211 0 0)
(21.115 0 0)
(21.3137 0 0)
(21.515 0 0)
(21.7161 0 0)
(21.9166 0 0)
(22.1167 0 0)
(22.3167 0 0)
(22.5166 0 0)
(22.7163 0 0)
(22.9159 0 0)
(23.1152 0 0)
(23.3144 0 0)
(23.5134 0 0)
(23.7121 0 0)
(23.9107 0 0)
(24.109 0 0)
(24.3071 0 0)
(24.5049 0 0)
(24.7025 0 0)
(24.8998 0 0)
(25.0968 0 0)
(25.2936 0 0)
(25.4901 0 0)
(25.6863 0 0)
(25.8821 0 0)
(26.0777 0 0)
(26.2729 0 0)
(26.4678 0 0)
(26.6624 0 0)
(26.8566 0 0)
(27.0504 0 0)
(27.2439 0 0)
(27.437 0 0)
(27.6297 0 0)
(27.8221 0 0)
(28.014 0 0)
(28.2055 0 0)
(28.3965 0 0)
(28.5872 0 0)
(28.7774 0 0)
(28.9673 0 0)
(29.1568 0 0)
(29.3457 0 0)
(29.5339 0 0)
(29.7217 0 0)
(29.909 0 0)
(30.0957 0 0)
(30.282 0 0)
(30.4677 0 0)
(30.6528 0 0)
(30.8374 0 0)
(31.0214 0 0)
(31.2049 0 0)
(31.3877 0 0)
(31.57 0 0)
(31.7516 0 0)
(31.9326 0 0)
(32.113 0 0)
(32.2927 0 0)
(32.4717 0 0)
(32.6501 0 0)
(32.8278 0 0)
(33.0048 0 0)
(33.181 0 0)
(33.3566 0 0)
(33.5314 0 0)
(33.7055 0 0)
(33.8788 0 0)
(34.0513 0 0)
(34.223 0 0)
(34.394 0 0)
(34.5641 0 0)
(34.7334 0 0)
(34.9019 0 0)
(35.0696 0 0)
(35.2364 0 0)
(35.4024 0 0)
(35.5675 0 0)
(35.7317 0 0)
(35.895 0 0)
(36.0575 0 0)
(36.219 0 0)
(36.3796 0 0)
(36.5393 0 0)
(36.6981 0 0)
(36.8559 0 0)
(37.0128 0 0)
(37.1687 0 0)
(37.3237 0 0)
(37.4777 0 0)
(37.6308 0 0)
(37.7829 0 0)
(37.934 0 0)
(38.0841 0 0)
(38.2333 0 0)
(38.3814 0 0)
(38.5286 0 0)
(38.6748 0 0)
(38.82 0 0)
(38.9642 0 0)
(39.1074 0 0)
(39.2497 0 0)
(39.391 0 0)
(39.5312 0 0)
(39.6705 0 0)
(39.8089 0 0)
(39.9463 0 0)
(40.0827 0 0)
(40.2181 0 0)
(40.3526 0 0)
(40.4862 0 0)
(40.6188 0 0)
(40.7506 0 0)
(40.8814 0 0)
(41.0113 0 0)
(41.1403 0 0)
(41.2684 0 0)
(41.3957 0 0)
(41.5221 0 0)
(41.6477 0 0)
(41.7725 0 0)
(41.8964 0 0)
(42.0196 0 0)
(42.142 0 0)
(42.2637 0 0)
(42.3845 0 0)
(42.5047 0 0)
(42.6242 0 0)
(42.743 0 0)
(42.8611 0 0)
(42.9785 0 0)
(43.0953 0 0)
(43.2116 0 0)
(43.3272 0 0)
(43.4422 0 0)
(43.5567 0 0)
(43.6706 0 0)
(43.7841 0 0)
(43.897 0 0)
(44.0095 0 0)
(44.1214 0 0)
(44.233 0 0)
(44.3441 0 0)
(44.4548 0 0)
(44.5652 0 0)
(44.6751 0 0)
(44.7848 0 0)
(44.894 0 0)
(45.003 0 0)
(45.1117 0 0)
(45.22 0 0)
(45.3281 0 0)
(45.436 0 0)
(45.5436 0 0)
(45.651 0 0)
(45.7582 0 0)
(45.8652 0 0)
(45.972 0 0)
(46.0786 0 0)
(46.185 0 0)
(46.2914 0 0)
(46.3975 0 0)
(46.5036 0 0)
(46.6095 0 0)
(46.7154 0 0)
(46.8211 0 0)
(46.9268 0 0)
(47.0323 0 0)
(47.1378 0 0)
(47.2433 0 0)
(47.3486 0 0)
(47.454 0 0)
(47.5592 0 0)
(47.6645 0 0)
(47.7697 0 0)
(47.8749 0 0)
(47.9801 0 0)
(48.0852 0 0)
(48.1904 0 0)
(48.2955 0 0)
(48.4007 0 0)
(48.5058 0 0)
(48.6109 0 0)
(48.7161 0 0)
(48.8213 0 0)
(48.9264 0 0)
(49.0316 0 0)
(49.1368 0 0)
(49.2421 0 0)
(49.3473 0 0)
(49.4526 0 0)
(49.5579 0 0)
(49.6632 0 0)
(49.7686 0 0)
(49.874 0 0)
(49.9794 0 0)
(50.0848 0 0)
(50.1903 0 0)
(50.2959 0 0)
(50.4014 0 0)
(50.507 0 0)
(50.6126 0 0)
(50.7183 0 0)
(50.824 0 0)
(50.9298 0 0)
(51.0356 0 0)
(51.1414 0 0)
(51.2473 0 0)
(51.3532 0 0)
(51.4591 0 0)
(51.5651 0 0)
(51.6711 0 0)
(51.7772 0 0)
(51.8833 0 0)
(51.9895 0 0)
(52.0957 0 0)
(52.2019 0 0)
(52.3082 0 0)
(52.4145 0 0)
(52.5209 0 0)
(52.6273 0 0)
(52.7337 0 0)
(52.8402 0 0)
(52.9467 0 0)
(53.0533 0 0)
(53.1599 0 0)
(53.2666 0 0)
(53.3733 0 0)
(53.48 0 0)
(53.5868 0 0)
(53.6936 0 0)
(53.8004 0 0)
(53.9073 0 0)
(54.0143 0 0)
(54.1213 0 0)
(54.2283 0 0)
(54.3354 0 0)
(54.4425 0 0)
(54.5496 0 0)
(54.6568 0 0)
(54.764 0 0)
(54.8713 0 0)
(54.9786 0 0)
(55.0859 0 0)
(55.1933 0 0)
(55.3007 0 0)
(55.4082 0 0)
(55.5157 0 0)
(55.6233 0 0)
(55.7308 0 0)
(55.8385 0 0)
(55.9461 0 0)
(56.0538 0 0)
(56.1616 0 0)
(56.2694 0 0)
(56.3772 0 0)
(56.485 0 0)
(56.5929 0 0)
(56.7009 0 0)
(56.8088 0 0)
(56.9169 0 0)
(57.0249 0 0)
(57.133 0 0)
(57.2411 0 0)
(57.3493 0 0)
(57.4575 0 0)
(57.5658 0 0)
(57.674 0 0)
(57.7824 0 0)
(57.8907 0 0)
(57.9991 0 0)
(58.1076 0 0)
(58.216 0 0)
(58.3246 0 0)
(58.4331 0 0)
(58.5417 0 0)
(58.6503 0 0)
(58.759 0 0)
(58.8677 0 0)
(58.9764 0 0)
(59.0852 0 0)
(59.194 0 0)
(59.3029 0 0)
(59.4118 0 0)
(59.5207 0 0)
(59.6296 0 0)
(59.7386 0 0)
(59.8477 0 0)
(59.9568 0 0)
(60.0659 0 0)
(60.175 0 0)
(60.2842 0 0)
(60.3934 0 0)
(60.5027 0 0)
(60.612 0 0)
(60.7213 0 0)
(60.8307 0 0)
(60.9401 0 0)
(61.0495 0 0)
(61.159 0 0)
(61.2685 0 0)
(61.3781 0 0)
(61.4876 0 0)
(61.5973 0 0)
(61.7069 0 0)
(61.8166 0 0)
(61.9264 0 0)
(62.0361 0 0)
(62.1459 0 0)
(62.2558 0 0)
(62.3656 0 0)
(62.4755 0 0)
(62.5855 0 0)
(62.6955 0 0)
(62.8055 0 0)
(62.9155 0 0)
(63.0256 0 0)
(63.1357 0 0)
(63.2459 0 0)
(63.3561 0 0)
(63.4663 0 0)
(63.5766 0 0)
(63.6869 0 0)
(63.7972 0 0)
(63.9076 0 0)
(64.018 0 0)
(64.1284 0 0)
(64.2389 0 0)
(64.3494 0 0)
(64.4599 0 0)
(64.5705 0 0)
(64.6811 0 0)
(64.7918 0 0)
(64.9024 0 0)
(65.0131 0 0)
(65.1239 0 0)
(65.2347 0 0)
(65.3455 0 0)
(65.4563 0 0)
(65.5672 0 0)
(65.6781 0 0)
(65.7891 0 0)
(65.9001 0 0)
(66.0111 0 0)
(66.1222 0 0)
(66.2332 0 0)
(66.3444 0 0)
(66.4555 0 0)
(66.5667 0 0)
(66.6779 0 0)
(66.7892 0 0)
(66.9005 0 0)
(67.0118 0 0)
(67.1232 0 0)
(67.2345 0 0)
(67.346 0 0)
(67.4574 0 0)
(67.5689 0 0)
(67.6804 0 0)
(67.792 0 0)
(67.9036 0 0)
(68.0152 0 0)
(68.1269 0 0)
(68.2385 0 0)
(68.3503 0 0)
(68.462 0 0)
(68.5738 0 0)
(68.6856 0 0)
(68.7975 0 0)
(68.9094 0 0)
(69.0213 0 0)
(69.1332 0 0)
(69.2452 0 0)
(69.3572 0 0)
(69.4693 0 0)
(69.5814 0 0)
(69.6935 0 0)
(69.8056 0 0)
(69.9178 0 0)
(70.03 0 0)
(70.1423 0 0)
(70.2546 0 0)
(70.3669 0 0)
(70.4792 0 0)
(70.5916 0 0)
(70.704 0 0)
(70.8164 0 0)
(70.9289 0 0)
(71.0414 0 0)
(71.1539 0 0)
(71.2665 0 0)
(71.3791 0 0)
(71.4917 0 0)
(71.6044 0 0)
(71.7171 0 0)
(71.8298 0 0)
(71.9426 0 0)
(72.0554 0 0)
(72.1682 0 0)
(72.281 0 0)
(72.3939 0 0)
(72.5068 0 0)
(72.6198 0 0)
(72.7328 0 0)
(72.8458 0 0)
(72.9588 0 0)
(73.0719 0 0)
(73.185 0 0)
(73.2981 0 0)
(73.4113 0 0)
(73.5245 0 0)
(73.6377 0 0)
(73.751 0 0)
(73.8643 0 0)
(73.9776 0 0)
(74.091 0 0)
(74.2044 0 0)
(74.3178 0 0)
(74.4312 0 0)
(74.5447 0 0)
(74.6582 0 0)
(74.7718 0 0)
(74.8854 0 0)
(74.999 0 0)
(75.1126 0 0)
(75.2263 0 0)
(75.34 0 0)
(75.4537 0 0)
(75.5675 0 0)
(75.6813 0 0)
(75.7951 0 0)
(75.9089 0 0)
(76.0228 0 0)
(76.1367 0 0)
(76.2507 0 0)
(76.3647 0 0)
(76.4787 0 0)
(76.5927 0 0)
(76.7068 0 0)
(76.8209 0 0)
(76.935 0 0)
(77.0492 0 0)
(77.1634 0 0)
(77.2776 0 0)
(77.3918 0 0)
(77.5061 0 0)
(77.6204 0 0)
(77.7348 0 0)
(77.8492 0 0)
(77.9636 0 0)
(78.078 0 0)
(78.1925 0 0)
(78.307 0 0)
(78.4215 0 0)
(78.536 0 0)
(78.6506 0 0)
(78.7652 0 0)
(78.8799 0 0)
(78.9946 0 0)
(79.1093 0 0)
(79.224 0 0)
(79.3388 0 0)
(79.4536 0 0)
(79.5684 0 0)
(79.6833 0 0)
(79.7981 0 0)
(79.9131 0 0)
(80.028 0 0)
(80.143 0 0)
(80.258 0 0)
(80.373 0 0)
(80.4881 0 0)
(80.6032 0 0)
(80.7183 0 0)
(80.8335 0 0)
(80.9487 0 0)
(81.0639 0 0)
(81.1791 0 0)
(81.2944 0 0)
(81.4097 0 0)
(81.525 0 0)
(81.6404 0 0)
(81.7558 0 0)
(81.8712 0 0)
(81.9867 0 0)
(82.1021 0 0)
(82.2176 0 0)
(82.3332 0 0)
(82.4488 0 0)
(82.5644 0 0)
(82.68 0 0)
(82.7956 0 0)
(82.9113 0 0)
(83.0271 0 0)
(83.1428 0 0)
(83.2586 0 0)
(83.3744 0 0)
(83.4902 0 0)
(83.6061 0 0)
(83.722 0 0)
(83.8379 0 0)
(83.9538 0 0)
(84.0698 0 0)
(84.1858 0 0)
(84.3019 0 0)
(84.4179 0 0)
(84.534 0 0)
(84.6502 0 0)
(84.7663 0 0)
(84.8825 0 0)
(84.9987 0 0)
(85.115 0 0)
(85.2312 0 0)
(85.3475 0 0)
(85.4639 0 0)
(85.5802 0 0)
(85.6966 0 0)
(85.813 0 0)
(85.9295 0 0)
(86.0459 0 0)
(86.1624 0 0)
(86.279 0 0)
(86.3955 0 0)
(86.5121 0 0)
(86.6287 0 0)
(86.7454 0 0)
(86.8621 0 0)
(86.9788 0 0)
(87.0955 0 0)
(87.2122 0 0)
(87.329 0 0)
(87.4459 0 0)
(87.5627 0 0)
(87.6796 0 0)
(87.7965 0 0)
(87.9134 0 0)
(88.0304 0 0)
(88.1474 0 0)
(88.2644 0 0)
(88.3814 0 0)
(88.4985 0 0)
(88.6156 0 0)
(88.7327 0 0)
(88.8499 0 0)
(88.9671 0 0)
(89.0843 0 0)
(89.2015 0 0)
(89.3188 0 0)
(89.4361 0 0)
(89.5534 0 0)
(89.6708 0 0)
(89.7882 0 0)
(89.9056 0 0)
(90.023 0 0)
(90.1405 0 0)
(90.258 0 0)
(90.3755 0 0)
(90.493 0 0)
(90.6106 0 0)
(90.7282 0 0)
(90.8459 0 0)
(90.9635 0 0)
(91.0812 0 0)
(91.1989 0 0)
(91.3167 0 0)
(91.4344 0 0)
(91.5522 0 0)
(91.6701 0 0)
(91.7879 0 0)
(91.9058 0 0)
(92.0237 0 0)
(92.1416 0 0)
(92.2596 0 0)
(92.3776 0 0)
(92.4956 0 0)
(92.6136 0 0)
(92.7317 0 0)
(92.8497 0 0)
(92.9678 0 0)
(93.086 0 0)
(93.2041 0 0)
(93.3223 0 0)
(93.4405 0 0)
(93.5587 0 0)
(93.677 0 0)
(93.7952 0 0)
(93.9135 0 0)
(94.0318 0 0)
(94.1502 0 0)
(94.2685 0 0)
(94.3868 0 0)
(94.5052 0 0)
(94.6236 0 0)
(94.742 0 0)
(94.8604 0 0)
(94.9788 0 0)
(95.0972 0 0)
(95.2156 0 0)
(95.3341 0 0)
(95.4525 0 0)
(95.5709 0 0)
(95.6893 0 0)
(95.8077 0 0)
(95.9261 0 0)
(96.0445 0 0)
(96.1629 0 0)
(96.2812 0 0)
(96.3995 0 0)
(96.5178 0 0)
(96.636 0 0)
(96.7542 0 0)
(96.8723 0 0)
(96.9904 0 0)
(97.1085 0 0)
(97.2264 0 0)
(97.3443 0 0)
(97.4621 0 0)
(97.5798 0 0)
(97.6975 0 0)
(97.815 0 0)
(97.9324 0 0)
(98.0496 0 0)
(98.1668 0 0)
(98.2838 0 0)
(98.4006 0 0)
(98.5173 0 0)
(98.6337 0 0)
(98.75 0 0)
(98.8661 0 0)
(98.982 0 0)
(99.0976 0 0)
(99.213 0 0)
(99.3282 0 0)
(99.443 0 0)
(99.5576 0 0)
(99.6719 0 0)
(99.7858 0 0)
(99.8994 0 0)
(100.013 0 0)
(100.126 0 0)
(100.238 0 0)
(100.35 0 0)
(100.462 0 0)
(100.573 0 0)
(100.684 0 0)
(100.794 0 0)
(100.904 0 0)
(101.013 0 0)
(101.122 0 0)
(101.231 0 0)
(101.338 0 0)
(101.446 0 0)
(101.552 0 0)
(101.659 0 0)
(101.764 0 0)
(101.869 0 0)
(101.973 0 0)
(102.077 0 0)
(102.18 0 0)
(102.283 0 0)
(102.385 0 0)
(102.486 0 0)
(102.586 0 0)
(102.687 0 0)
(102.786 0 0)
(102.885 0 0)
(102.983 0 0)
(103.081 0 0)
(103.178 0 0)
(103.274 0 0)
(103.37 0 0)
(103.466 0 0)
(103.56 0 0)
(103.655 0 0)
(103.749 0 0)
(103.842 0 0)
(103.936 0 0)
(104.028 0 0)
(104.121 0 0)
(104.213 0 0)
(104.305 0 0)
(104.397 0 0)
(104.488 0 0)
(104.579 0 0)
(104.67 0 0)
(104.762 0 0)
(104.853 0 0)
(104.944 0 0)
(105.035 0 0)
(105.126 0 0)
(105.217 0 0)
(105.309 0 0)
(105.401 0 0)
(105.493 0 0)
(105.585 0 0)
(105.677 0 0)
(105.77 0 0)
(105.864 0 0)
(105.958 0 0)
(106.052 0 0)
(106.146 0 0)
(106.242 0 0)
(106.337 0 0)
(106.434 0 0)
(106.531 0 0)
(106.628 0 0)
(106.727 0 0)
(106.825 0 0)
(106.925 0 0)
(107.025 0 0)
(107.126 0 0)
(107.227 0 0)
(107.33 0 0)
(107.433 0 0)
(107.536 0 0)
(107.64 0 0)
(107.745 0 0)
(107.851 0 0)
(107.958 0 0)
(108.065 0 0)
(108.173 0 0)
(108.281 0 0)
(108.39 0 0)
(108.5 0 0)
(108.61 0 0)
(108.721 0 0)
(108.833 0 0)
(108.945 0 0)
(109.058 0 0)
(109.172 0 0)
(109.286 0 0)
(109.4 0 0)
(109.515 0 0)
(109.631 0 0)
(109.747 0 0)
(109.863 0 0)
(109.98 0 0)
(110.098 0 0)
(110.215 0 0)
(110.334 0 0)
(110.452 0 0)
(110.571 0 0)
(110.691 0 0)
(110.81 0 0)
(110.931 0 0)
(111.051 0 0)
(111.172 0 0)
(111.293 0 0)
(111.414 0 0)
(111.535 0 0)
(111.657 0 0)
(111.779 0 0)
(111.901 0 0)
(112.024 0 0)
(112.146 0 0)
(112.269 0 0)
(112.392 0 0)
(112.515 0 0)
(112.638 0 0)
(112.761 0 0)
(112.885 0 0)
(113.008 0 0)
(113.132 0 0)
(113.255 0 0)
(113.379 0 0)
(113.502 0 0)
(113.626 0 0)
(113.75 0 0)
(113.873 0 0)
(113.997 0 0)
(114.12 0 0)
(114.243 0 0)
(114.366 0 0)
(114.489 0 0)
(114.612 0 0)
(114.734 0 0)
(114.857 0 0)
(114.978 0 0)
(115.1 0 0)
(115.221 0 0)
(115.341 0 0)
(115.462 0 0)
(115.581 0 0)
(115.7 0 0)
(115.818 0 0)
(115.935 0 0)
(116.052 0 0)
(116.167 0 0)
(116.282 0 0)
(116.396 0 0)
(116.508 0 0)
(116.62 0 0)
(116.73 0 0)
(116.838 0 0)
(116.945 0 0)
(117.051 0 0)
(117.155 0 0)
(117.258 0 0)
(117.358 0 0)
(117.457 0 0)
(117.554 0 0)
(117.649 0 0)
(117.742 0 0)
(117.833 0 0)
(117.922 0 0)
(118.009 0 0)
(118.094 0 0)
(118.177 0 0)
(118.257 0 0)
(118.336 0 0)
(118.412 0 0)
(118.486 0 0)
(118.558 0 0)
(118.629 0 0)
(118.697 0 0)
(118.764 0 0)
(118.829 0 0)
(118.892 0 0)
(118.954 0 0)
(119.015 0 0)
(119.075 0 0)
(119.133 0 0)
(119.191 0 0)
(119.248 0 0)
(119.304 0 0)
(119.36 0 0)
(119.416 0 0)
(119.472 0 0)
(119.528 0 0)
(119.584 0 0)
(119.64 0 0)
(119.697 0 0)
(119.755 0 0)
(119.813 0 0)
(119.872 0 0)
(119.932 0 0)
(119.993 0 0)
(120.055 0 0)
(120.119 0 0)
(120.183 0 0)
(120.249 0 0)
(120.316 0 0)
(120.385 0 0)
(120.455 0 0)
(120.526 0 0)
(120.599 0 0)
(120.673 0 0)
(120.749 0 0)
(120.826 0 0)
(120.905 0 0)
(120.985 0 0)
(121.066 0 0)
(121.148 0 0)
(121.232 0 0)
(121.317 0 0)
(121.404 0 0)
(121.492 0 0)
(121.581 0 0)
(121.671 0 0)
(121.762 0 0)
(121.854 0 0)
(121.948 0 0)
(122.043 0 0)
(122.138 0 0)
(122.235 0 0)
(122.333 0 0)
(122.432 0 0)
(122.532 0 0)
(122.632 0 0)
(122.734 0 0)
(122.836 0 0)
(122.94 0 0)
(123.044 0 0)
(123.149 0 0)
(123.255 0 0)
(123.362 0 0)
(123.47 0 0)
(123.578 0 0)
(123.687 0 0)
(123.797 0 0)
(123.908 0 0)
(124.019 0 0)
(124.131 0 0)
(124.244 0 0)
(124.358 0 0)
(124.472 0 0)
(124.587 0 0)
(124.703 0 0)
(124.819 0 0)
(124.936 0 0)
(125.053 0 0)
(125.171 0 0)
(125.29 0 0)
(125.409 0 0)
(125.529 0 0)
(125.65 0 0)
(125.771 0 0)
(125.893 0 0)
(126.015 0 0)
(126.138 0 0)
(126.261 0 0)
(126.385 0 0)
(126.509 0 0)
(126.634 0 0)
(126.76 0 0)
(126.886 0 0)
(127.012 0 0)
(127.139 0 0)
(127.267 0 0)
(127.395 0 0)
(127.523 0 0)
(127.652 0 0)
(127.782 0 0)
(127.911 0 0)
(128.042 0 0)
(128.173 0 0)
(128.304 0 0)
(128.435 0 0)
(128.568 0 0)
(128.7 0 0)
(128.833 0 0)
(128.967 0 0)
(129.1 0 0)
(129.235 0 0)
(129.369 0 0)
(129.504 0 0)
(129.64 0 0)
(129.776 0 0)
(129.912 0 0)
(130.049 0 0)
(130.186 0 0)
(130.323 0 0)
(130.461 0 0)
(130.599 0 0)
(130.738 0 0)
(130.877 0 0)
(131.016 0 0)
(131.156 0 0)
(131.296 0 0)
(131.437 0 0)
(131.577 0 0)
(131.718 0 0)
(131.86 0 0)
(132.002 0 0)
(132.144 0 0)
(132.286 0 0)
(132.429 0 0)
(132.572 0 0)
(132.716 0 0)
(132.86 0 0)
(133.004 0 0)
(133.148 0 0)
(133.293 0 0)
(133.438 0 0)
(133.584 0 0)
(133.729 0 0)
(133.875 0 0)
(134.022 0 0)
(134.168 0 0)
(134.315 0 0)
(134.463 0 0)
(134.61 0 0)
(134.758 0 0)
(134.906 0 0)
(135.055 0 0)
(135.203 0 0)
(135.352 0 0)
(135.502 0 0)
(135.651 0 0)
(135.801 0 0)
(135.951 0 0)
(136.102 0 0)
(136.252 0 0)
(136.403 0 0)
(136.555 0 0)
(136.706 0 0)
(136.858 0 0)
(137.01 0 0)
(137.162 0 0)
(137.315 0 0)
(137.468 0 0)
(137.621 0 0)
(137.774 0 0)
(137.928 0 0)
(138.082 0 0)
(138.236 0 0)
(138.39 0 0)
(138.545 0 0)
(138.7 0 0)
(138.855 0 0)
(139.01 0 0)
(139.166 0 0)
(139.323 0 0)
(139.481 0 0)
(139.745 0 0)
)
;

boundaryField
{
    sides
    {
        type            zeroGradient;
    }
    empty
    {
        type            empty;
    }
}


// ************************************************************************* //
