/*--------------------------------*- C++ -*----------------------------------*\
| =========                 |                                                 |
| \\      /  F ield         | OpenFOAM: The Open Source CFD Toolbox           |
|  \\    /   O peration     | Version:  2406                                  |
|   \\  /    A nd           | Website:  www.openfoam.com                      |
|    \\/     M anipulation  |                                                 |
\*---------------------------------------------------------------------------*/
FoamFile
{
    version     2.0;
    format      ascii;
    arch        "LSB;label=32;scalar=64";
    class       volScalarField;
    location    "0.026";
    object      mag(U);
}
// * * * * * * * * * * * * * * * * * * * * * * * * * * * * * * * * * * * * * //

dimensions      [0 1 -1 0 0 0 0];

internalField   nonuniform List<scalar> 
1000
(
10.8246
11.4638
12.0881
12.6053
13.0929
13.5899
14.096
14.604
15.111
15.6173
16.1236
16.63
17.1363
17.6426
18.149
18.6554
19.1619
19.6684
20.1749
20.6815
21.1881
21.6948
22.2016
22.7084
23.2153
23.7222
24.2292
24.7363
25.2434
25.7506
26.2579
26.7652
27.2726
27.78
28.2875
28.795
29.3026
29.8103
30.318
30.8258
31.3336
31.8415
32.3495
32.8575
33.3655
33.8737
34.3819
34.8901
35.3984
35.9068
36.4152
36.9237
37.4322
37.9408
38.4494
38.9581
39.4669
39.9757
40.4846
40.9935
41.5025
42.0116
42.5207
43.0298
43.5391
44.0483
44.5577
45.0671
45.5765
46.086
46.5956
47.1052
47.6149
48.1246
48.6344
49.1442
49.6541
50.164
50.674
51.1841
51.6942
52.2044
52.7146
53.2249
53.7352
54.2456
54.756
55.2665
55.7771
56.2877
56.7983
57.309
57.8198
58.3306
58.8415
59.3524
59.8634
60.3744
60.8855
61.3967
61.9078
62.4191
62.9304
63.4417
63.9531
64.4646
64.9761
65.4876
65.9992
66.5109
67.0226
67.5344
68.0462
68.5581
69.07
69.5819
70.094
70.606
71.1181
71.6303
72.1425
72.6548
73.1671
73.6795
74.1919
74.7044
75.2169
75.7295
76.2421
76.7548
77.2675
77.7803
78.2931
78.8059
79.3189
79.8318
80.3448
80.8579
81.371
81.8841
82.3973
82.9106
83.4239
83.9372
84.4506
84.9641
85.4775
85.9911
86.5047
87.0183
87.5319
88.0457
88.5594
89.0732
89.5871
90.101
90.6149
91.1289
91.643
92.157
92.6712
93.1853
93.6995
94.2138
94.7281
95.2424
95.7568
96.2713
96.7857
97.3002
97.8148
98.3294
98.844
99.3587
99.8735
100.388
100.903
101.418
101.933
102.448
102.963
103.478
103.993
104.508
105.023
105.538
106.053
106.569
107.084
107.599
108.115
108.63
109.145
109.661
110.176
110.692
111.207
111.723
112.239
112.754
113.27
113.786
114.302
114.817
115.333
115.849
116.365
116.881
117.397
117.913
118.429
118.945
119.461
119.977
120.493
121.01
121.526
122.042
122.558
123.075
123.591
124.107
124.624
125.14
125.656
126.173
126.689
127.206
127.722
128.239
128.755
129.272
129.789
130.305
130.822
131.338
131.855
132.372
132.888
133.405
133.922
134.439
134.955
135.472
135.989
136.506
137.023
137.539
138.056
138.573
139.09
139.607
140.124
140.641
141.157
141.674
142.191
142.708
143.225
143.742
144.259
144.776
145.292
145.809
146.326
146.843
147.36
147.877
148.394
148.911
149.427
149.944
150.461
150.978
151.495
152.011
152.528
153.045
153.562
154.078
154.595
155.112
155.628
156.145
156.662
157.178
157.695
158.211
158.728
159.244
159.76
160.277
160.793
161.309
161.826
162.342
162.858
163.374
163.89
164.406
164.922
165.438
165.954
166.47
166.985
167.501
168.016
168.532
169.047
169.563
170.078
170.593
171.108
171.623
172.138
172.653
173.168
173.682
174.197
174.711
175.226
175.74
176.254
176.768
177.282
177.796
178.309
178.823
179.336
179.849
180.362
180.875
181.388
181.901
182.413
182.925
183.437
183.949
184.461
184.972
185.484
185.995
186.506
187.017
187.527
188.037
188.547
189.057
189.567
190.076
190.585
191.094
191.602
192.11
192.618
193.126
193.633
194.14
194.647
195.153
195.659
196.165
196.67
197.175
197.679
198.183
198.687
199.19
199.693
200.195
200.697
201.198
201.699
202.199
202.699
203.198
203.697
204.195
204.692
205.189
205.686
206.181
206.676
207.17
207.664
208.157
208.649
209.14
209.63
210.12
210.609
211.097
211.584
212.07
212.555
213.039
213.522
214.004
214.485
214.965
215.444
215.921
216.397
216.872
217.346
217.818
218.289
218.758
219.226
219.692
220.157
220.62
221.083
221.544
222.004
222.461
222.916
223.369
223.82
224.269
224.716
225.161
225.604
226.045
226.483
226.919
227.352
227.783
228.212
228.638
229.062
229.482
229.901
230.316
230.728
231.138
231.544
231.948
232.348
232.745
233.139
233.53
233.917
234.302
234.682
235.06
235.433
235.804
236.17
236.533
236.893
237.249
237.601
237.949
238.294
238.635
238.973
239.307
239.637
239.963
240.286
240.605
240.921
241.233
241.541
241.846
242.148
242.447
242.742
243.034
243.322
243.608
243.891
244.171
244.448
244.722
244.994
245.263
245.529
245.794
246.056
246.316
246.574
246.83
247.084
247.337
247.588
247.837
248.085
248.331
248.576
248.82
249.063
249.305
249.545
249.785
250.024
250.262
250.5
250.737
250.973
251.209
251.444
251.679
251.913
252.147
252.381
252.614
252.847
253.08
253.312
253.545
253.777
254.009
254.241
254.472
254.704
254.935
255.167
255.398
255.629
255.86
256.091
256.322
256.553
256.783
257.014
257.245
257.475
257.706
257.936
258.167
258.397
258.627
258.857
259.088
259.318
259.548
259.778
260.008
260.238
260.467
260.697
260.927
261.156
261.386
261.615
261.845
262.074
262.303
262.533
262.762
262.991
263.22
263.448
263.677
263.906
264.134
264.363
264.591
264.819
265.047
265.275
265.503
265.73
265.958
266.185
266.413
266.64
266.867
267.094
267.32
267.547
267.773
268
268.226
268.452
268.677
268.903
269.128
269.353
269.578
269.803
270.027
270.252
270.476
270.699
270.923
271.146
271.369
271.592
271.815
272.037
272.259
272.481
272.702
272.924
273.144
273.365
273.585
273.805
274.024
274.243
274.462
274.681
274.899
275.116
275.333
275.55
275.767
275.982
276.198
276.413
276.627
276.841
277.055
277.268
277.48
277.692
277.904
278.114
278.325
278.534
278.743
278.951
279.159
279.366
279.572
279.777
279.982
280.186
280.39
280.592
280.794
280.994
281.194
281.393
281.591
281.789
281.985
282.18
282.374
282.568
282.76
282.951
283.141
283.33
283.518
283.704
283.89
284.074
284.257
284.438
284.618
284.797
284.975
285.151
285.326
285.499
285.67
285.84
286.009
286.176
286.341
286.505
286.667
286.827
286.986
287.143
287.298
287.451
287.602
287.752
287.899
288.045
288.188
288.33
288.469
288.607
288.742
288.875
289.007
289.136
289.262
289.387
289.509
289.63
289.748
289.863
289.977
290.088
290.197
290.304
290.408
290.51
290.609
290.707
290.802
290.895
290.985
291.073
291.159
291.242
291.324
291.402
291.479
291.554
291.626
291.696
291.764
291.829
291.893
291.954
292.013
292.071
292.126
292.179
292.23
292.28
292.327
292.373
292.417
292.459
292.499
292.537
292.574
292.61
292.644
292.676
292.707
292.736
292.764
292.79
292.816
292.84
292.862
292.884
292.905
292.924
292.942
292.96
292.976
292.992
293.006
293.02
293.033
293.045
293.056
293.067
293.077
293.086
293.095
293.104
293.111
293.118
293.125
293.131
293.137
293.143
293.148
293.152
293.157
293.161
293.164
293.168
293.171
293.174
293.177
293.179
293.182
293.184
293.186
293.187
293.189
293.191
293.192
293.193
293.194
293.196
293.197
293.197
293.198
293.199
293.2
293.2
293.201
293.201
293.202
293.202
293.203
293.203
293.203
293.204
293.204
293.204
293.204
293.204
293.205
293.205
293.205
293.205
293.205
293.205
293.205
293.205
293.205
293.206
293.206
293.206
293.206
293.206
293.206
293.206
293.206
293.206
293.206
293.206
293.206
293.206
293.206
293.206
293.206
293.206
293.206
293.206
293.206
293.206
293.206
293.206
293.206
293.206
293.206
293.206
293.206
293.206
293.206
293.206
293.206
293.206
293.206
293.206
293.206
293.206
293.206
293.206
293.206
293.206
293.206
293.206
293.206
293.206
293.206
293.205
293.205
293.205
293.205
293.205
293.204
293.204
293.204
293.203
293.202
293.201
293.201
293.199
293.198
293.196
293.195
293.193
293.19
293.187
293.184
293.18
293.176
293.171
293.166
293.16
293.153
293.145
293.137
293.127
293.116
293.104
293.091
293.076
293.06
293.043
293.024
293.003
292.981
292.957
292.931
292.903
292.873
292.841
292.808
292.772
292.735
292.696
292.655
292.613
292.569
292.523
292.476
292.428
292.379
292.328
292.278
292.226
292.175
292.123
292.071
292.02
291.969
291.919
291.87
291.821
291.774
291.729
291.684
291.642
291.601
291.562
291.524
291.489
291.455
291.424
291.394
291.367
291.341
291.317
291.295
291.274
291.256
291.239
291.223
291.209
291.196
291.185
291.174
291.165
291.157
291.149
291.143
291.137
291.132
291.128
291.124
291.121
291.118
291.115
291.114
291.112
291.111
291.11
291.11
291.109
291.109
291.11
291.11
291.111
291.112
291.114
291.116
291.118
291.12
291.123
291.126
291.129
291.132
291.135
291.138
291.142
291.146
291.149
291.153
291.156
291.16
291.163
291.166
291.169
291.172
291.175
291.178
291.18
291.182
291.184
291.186
291.188
291.189
291.19
291.191
291.192
291.192
291.193
291.193
291.194
291.194
291.194
291.194
)
;

boundaryField
{
    sides
    {
        type            calculated;
        value           nonuniform List<scalar> 2(291.194 10.8246);
    }
    empty
    {
        type            empty;
    }
}


// ************************************************************************* //
