/*--------------------------------*- C++ -*----------------------------------*\
| =========                 |                                                 |
| \\      /  F ield         | OpenFOAM: The Open Source CFD Toolbox           |
|  \\    /   O peration     | Version:  2406                                  |
|   \\  /    A nd           | Website:  www.openfoam.com                      |
|    \\/     M anipulation  |                                                 |
\*---------------------------------------------------------------------------*/
FoamFile
{
    version     2.0;
    format      ascii;
    arch        "LSB;label=32;scalar=64";
    class       volScalarField;
    location    "0.026";
    object      p;
}
// * * * * * * * * * * * * * * * * * * * * * * * * * * * * * * * * * * * * * //

dimensions      [1 -1 -2 0 0 0 0];

internalField   nonuniform List<scalar> 
1000
(
25848.7
25844.1
25838.9
25834.3
25830.1
25825.8
25821.4
25817.1
25812.7
25808.3
25804
25799.6
25795.2
25790.8
25786.5
25782.1
25777.7
25773.3
25768.9
25764.5
25760.1
25755.7
25751.3
25746.9
25742.5
25738
25733.6
25729.2
25724.7
25720.3
25715.9
25711.4
25707
25702.5
25698
25693.6
25689.1
25684.7
25680.2
25675.7
25671.2
25666.7
25662.2
25657.8
25653.3
25648.8
25644.2
25639.7
25635.2
25630.7
25626.2
25621.7
25617.1
25612.6
25608.1
25603.5
25599
25594.4
25589.9
25585.3
25580.7
25576.2
25571.6
25567
25562.5
25557.9
25553.3
25548.7
25544.1
25539.5
25534.9
25530.3
25525.7
25521
25516.4
25511.8
25507.2
25502.5
25497.9
25493.2
25488.6
25483.9
25479.3
25474.6
25470
25465.3
25460.6
25455.9
25451.2
25446.6
25441.9
25437.2
25432.5
25427.8
25423.1
25418.3
25413.6
25408.9
25404.2
25399.4
25394.7
25390
25385.2
25380.5
25375.7
25370.9
25366.2
25361.4
25356.6
25351.9
25347.1
25342.3
25337.5
25332.7
25327.9
25323.1
25318.3
25313.5
25308.7
25303.8
25299
25294.2
25289.3
25284.5
25279.6
25274.8
25269.9
25265.1
25260.2
25255.3
25250.5
25245.6
25240.7
25235.8
25230.9
25226
25221.1
25216.2
25211.3
25206.4
25201.5
25196.6
25191.6
25186.7
25181.8
25176.8
25171.9
25166.9
25162
25157
25152
25147.1
25142.1
25137.1
25132.1
25127.2
25122.2
25117.2
25112.2
25107.2
25102.2
25097.1
25092.1
25087.1
25082.1
25077
25072
25067
25061.9
25056.9
25051.8
25046.8
25041.7
25036.6
25031.5
25026.5
25021.4
25016.3
25011.2
25006.1
25001
24995.9
24990.8
24985.7
24980.6
24975.5
24970.3
24965.2
24960.1
24954.9
24949.8
24944.7
24939.5
24934.4
24929.2
24924
24918.9
24913.7
24908.5
24903.3
24898.2
24893
24887.8
24882.6
24877.4
24872.2
24867
24861.8
24856.5
24851.3
24846.1
24840.9
24835.6
24830.4
24825.2
24819.9
24814.7
24809.4
24804.2
24798.9
24793.7
24788.4
24783.1
24777.8
24772.6
24767.3
24762
24756.7
24751.4
24746.1
24740.8
24735.5
24730.2
24724.9
24719.6
24714.3
24709
24703.7
24698.3
24693
24687.7
24682.3
24677
24671.7
24666.3
24661
24655.6
24650.3
24644.9
24639.6
24634.2
24628.9
24623.5
24618.1
24612.8
24607.4
24602
24596.7
24591.3
24585.9
24580.5
24575.1
24569.8
24564.4
24559
24553.6
24548.2
24542.8
24537.4
24532
24526.7
24521.3
24515.9
24510.5
24505.1
24499.7
24494.3
24488.9
24483.5
24478.1
24472.7
24467.3
24461.9
24456.5
24451.1
24445.7
24440.3
24434.9
24429.5
24424.1
24418.8
24413.4
24408
24402.6
24397.2
24391.8
24386.5
24381.1
24375.7
24370.4
24365
24359.6
24354.3
24348.9
24343.6
24338.2
24332.9
24327.5
24322.2
24316.9
24311.6
24306.3
24300.9
24295.6
24290.3
24285.1
24279.8
24274.5
24269.2
24264
24258.7
24253.5
24248.3
24243
24237.8
24232.6
24227.4
24222.3
24217.1
24211.9
24206.8
24201.7
24196.5
24191.4
24186.4
24181.3
24176.2
24171.2
24166.2
24161.1
24156.2
24151.2
24146.2
24141.3
24136.4
24131.5
24126.6
24121.8
24116.9
24112.1
24107.4
24102.6
24097.9
24093.2
24088.5
24083.9
24079.3
24074.7
24070.1
24065.6
24061.1
24056.7
24052.3
24047.9
24043.6
24039.3
24035
24030.8
24026.7
24022.5
24018.5
24014.4
24010.5
24006.5
24002.7
23998.9
23995.1
23991.4
23987.8
23984.2
23980.7
23977.2
23973.8
23970.5
23967.3
23964.1
23961.1
23958.1
23955.1
23952.3
23949.6
23946.9
23944.4
23941.9
23939.5
23937.3
23935.1
23933.1
23931.1
23929.3
23927.6
23926.1
23924.6
23923.3
23922.2
23921.2
23920.3
23919.6
23919
23918.7
23918.5
23918.4
23918.5
23918.6
23918.9
23919.4
23920.2
23921.3
23922.5
23924
23925.6
23927.5
23929.7
23932
23934.6
23937.5
23940.6
23944
23947.7
23951.6
23955.8
23960.3
23965.1
23970.2
23975.6
23981.3
23987.4
23993.8
24000.5
24007.6
24015
24022.8
24030.9
24039.4
24048.3
24057.6
24067.2
24077.3
24087.7
24098.5
24109.8
24121.4
24133.4
24145.9
24158.8
24172
24185.7
24199.9
24214.4
24229.3
24244.7
24260.4
24276.6
24293.2
24310.1
24327.5
24345.3
24363.4
24381.9
24400.8
24420.1
24439.7
24459.7
24480
24500.6
24521.6
24542.8
24564.4
24586.3
24608.4
24630.8
24653.5
24676.5
24699.6
24723
24746.6
24770.5
24794.5
24818.7
24843.1
24867.7
24892.4
24917.3
24942.3
24967.4
24992.7
25018.1
25043.6
25069.2
25094.9
25120.7
25146.6
25172.6
25198.6
25224.7
25250.9
25277.1
25303.4
25329.8
25356.2
25382.6
25409.1
25435.6
25462.2
25488.8
25515.5
25542.2
25568.9
25595.6
25622.4
25649.2
25676.1
25702.9
25729.8
25756.7
25783.7
25810.6
25837.6
25864.6
25891.7
25918.7
25945.8
25972.9
26000
26027.1
26054.3
26081.5
26108.6
26135.9
26163.1
26190.3
26217.6
26244.9
26272.2
26299.5
26326.8
26354.1
26381.5
26408.9
26436.3
26463.7
26491.1
26518.5
26546
26573.4
26600.9
26628.4
26655.9
26683.4
26710.9
26738.4
26766
26793.5
26821.1
26848.6
26876.2
26903.8
26931.4
26959
26986.6
27014.2
27041.8
27069.5
27097.1
27124.7
27152.4
27180
27207.6
27235.3
27262.9
27290.6
27318.2
27345.9
27373.5
27401.1
27428.8
27456.4
27484
27511.6
27539.2
27566.8
27594.4
27622
27649.6
27677.1
27704.7
27732.2
27759.7
27787.2
27814.7
27842.1
27869.6
27897
27924.4
27951.7
27979.1
28006.4
28033.7
28060.9
28088.1
28115.3
28142.5
28169.6
28196.7
28223.7
28250.7
28277.6
28304.6
28331.4
28358.2
28385
28411.6
28438.3
28464.9
28491.4
28517.8
28544.2
28570.5
28596.8
28622.9
28649
28675
28701
28726.8
28752.6
28778.2
28803.8
28829.3
28854.6
28879.9
28905.1
28930.1
28955
28979.8
29004.5
29029.1
29053.5
29077.8
29102
29126
29149.9
29173.6
29197.2
29220.6
29243.9
29267
29289.9
29312.6
29335.2
29357.6
29379.8
29401.8
29423.6
29445.2
29466.6
29487.8
29508.8
29529.6
29550.1
29570.4
29590.5
29610.3
29630
29649.3
29668.4
29687.3
29705.9
29724.3
29742.4
29760.2
29777.7
29795
29812
29828.7
29845.2
29861.3
29877.2
29892.8
29908
29923
29937.7
29952.1
29966.2
29980
29993.5
30006.6
30019.5
30032.1
30044.4
30056.3
30068
30079.3
30090.4
30101.1
30111.6
30121.7
30131.6
30141.2
30150.4
30159.4
30168.1
30176.5
30184.6
30192.5
30200.1
30207.4
30214.4
30221.2
30227.8
30234
30240.1
30245.9
30251.4
30256.8
30261.9
30266.8
30271.4
30275.9
30280.2
30284.2
30288.1
30291.8
30295.3
30298.7
30301.8
30304.8
30307.7
30310.4
30313
30315.4
30317.7
30319.8
30321.9
30323.8
30325.6
30327.3
30328.9
30330.4
30331.8
30333.1
30334.4
30335.5
30336.6
30337.6
30338.6
30339.5
30340.3
30341
30341.7
30342.4
30343
30343.6
30344.1
30344.6
30345.1
30345.5
30345.9
30346.2
30346.5
30346.8
30347.1
30347.4
30347.6
30347.8
30348
30348.2
30348.4
30348.5
30348.6
30348.8
30348.9
30349
30349.1
30349.2
30349.3
30349.3
30349.4
30349.4
30349.5
30349.5
30349.6
30349.6
30349.7
30349.7
30349.7
30349.7
30349.8
30349.8
30349.8
30349.8
30349.8
30349.9
30349.9
30349.9
30349.9
30349.9
30349.9
30349.9
30349.9
30349.9
30349.9
30349.9
30349.9
30349.9
30349.9
30349.9
30349.9
30349.9
30349.9
30349.9
30349.9
30350
30350
30350
30350
30350
30350
30350
30350
30350
30350
30350
30350
30350
30350
30350
30350
30350
30350
30350
30350
30350
30350
30350
30350
30350
30350
30350
30350
30350
30350
30350
30350
30350
30350.1
30350.1
30350.1
30350.2
30350.2
30350.3
30350.3
30350.4
30350.5
30350.7
30350.8
30351
30351.2
30351.4
30351.7
30352
30352.4
30352.8
30353.3
30353.9
30354.5
30355.2
30356
30356.9
30358
30359.1
30360.4
30361.8
30363.4
30365.2
30367.1
30369.2
30371.5
30374.1
30376.8
30379.8
30383
30386.5
30390.2
30394.2
30398.4
30402.9
30407.6
30412.6
30417.8
30423.3
30429
30434.9
30441.1
30447.4
30453.9
30460.5
30467.2
30474.1
30481
30487.9
30494.9
30501.9
30508.9
30515.7
30522.5
30529.2
30535.8
30542.2
30548.4
30554.4
30560.2
30565.8
30571.1
30576.2
30581
30585.6
30589.9
30594
30597.8
30601.3
30604.6
30607.6
30610.4
30612.9
30615.3
30617.4
30619.4
30621.1
30622.7
30624.2
30625.4
30626.6
30627.6
30628.5
30629.3
30630
30630.6
30631.1
30631.6
30632
30632.3
30632.5
30632.8
30632.9
30633
30633.1
30633.1
30633.1
30633.1
30633
30632.9
30632.8
30632.6
30632.3
30632
30631.7
30631.4
30631
30630.6
30630.2
30629.7
30629.3
30628.8
30628.3
30627.8
30627.3
30626.9
30626.4
30625.9
30625.5
30625.1
30624.6
30624.3
30623.9
30623.6
30623.3
30623
30622.8
30622.6
30622.4
30622.2
30622.1
30622
30621.9
30621.8
30621.7
30621.7
30621.7
30621.7
30621.6
)
;

boundaryField
{
    sides
    {
        type            zeroGradient;
    }
    empty
    {
        type            empty;
    }
}


// ************************************************************************* //
