/*--------------------------------*- C++ -*----------------------------------*\
| =========                 |                                                 |
| \\      /  F ield         | OpenFOAM: The Open Source CFD Toolbox           |
|  \\    /   O peration     | Version:  2406                                  |
|   \\  /    A nd           | Website:  www.openfoam.com                      |
|    \\/     M anipulation  |                                                 |
\*---------------------------------------------------------------------------*/
FoamFile
{
    version     2.0;
    format      ascii;
    arch        "LSB;label=32;scalar=64";
    class       surfaceScalarField;
    location    "0.026";
    object      phi;
}
// * * * * * * * * * * * * * * * * * * * * * * * * * * * * * * * * * * * * * //

dimensions      [1 0 -1 0 0 0 0];

oriented        oriented;

internalField   nonuniform List<scalar> 
999
(
17.2447
18.0075
18.77
19.5324
20.2944
21.0554
21.8155
22.575
23.3347
24.0951
24.8564
25.6185
26.3814
27.1445
27.9076
28.6709
29.4348
30.199
30.9631
31.7271
32.491
33.2548
34.0185
34.7821
35.5456
36.309
37.0723
37.8355
38.5986
39.3616
40.1244
40.8872
41.6499
42.4125
43.1749
43.9373
44.6996
45.4617
46.2238
46.9857
47.7475
48.5093
49.2709
50.0324
50.7938
51.5551
52.3163
53.0773
53.8383
54.5991
55.3599
56.1205
56.881
57.6414
58.4017
59.1619
59.9219
60.6819
61.4417
62.2014
62.961
63.7205
64.4798
65.2391
65.9982
66.7572
67.5161
68.2749
69.0335
69.792
70.5505
71.3087
72.0669
72.8249
73.5829
74.3406
75.0983
75.8559
76.6133
77.3706
78.1277
78.8848
79.6417
80.3985
81.1551
81.9116
82.668
83.4243
84.1804
84.9364
85.6923
86.4481
87.2037
87.9591
88.7145
89.4697
90.2248
90.9797
91.7345
92.4891
93.2437
93.998
94.7524
95.5064
96.2605
97.0142
97.768
98.5215
99.2749
100.028
100.781
101.534
102.287
103.04
103.792
104.545
105.297
106.049
106.801
107.553
108.305
109.056
109.807
110.559
111.31
112.061
112.812
113.562
114.313
115.063
115.813
116.563
117.313
118.063
118.812
119.562
120.311
121.06
121.809
122.558
123.306
124.055
124.803
125.551
126.299
127.047
127.795
128.542
129.289
130.037
130.784
131.53
132.277
133.024
133.77
134.516
135.262
136.008
136.754
137.499
138.244
138.99
139.735
140.479
141.224
141.968
142.713
143.457
144.201
144.944
145.688
146.431
147.175
147.918
148.661
149.403
150.146
150.888
151.63
152.372
153.114
153.856
154.597
155.338
156.079
156.82
157.561
158.301
159.041
159.782
160.521
161.261
162.001
162.74
163.479
164.218
164.957
165.695
166.434
167.172
167.91
168.648
169.385
170.123
170.86
171.597
172.333
173.07
173.806
174.543
175.278
176.014
176.75
177.485
178.22
178.955
179.69
180.424
181.158
181.893
182.626
183.36
184.093
184.827
185.56
186.292
187.025
187.757
188.489
189.221
189.953
190.684
191.415
192.146
192.877
193.608
194.338
195.068
195.798
196.528
197.257
197.986
198.715
199.444
200.172
200.9
201.628
202.356
203.084
203.811
204.538
205.265
205.991
206.718
207.444
208.169
208.895
209.62
210.345
211.07
211.795
212.519
213.243
213.967
214.69
215.414
216.137
216.86
217.582
218.304
219.026
219.748
220.47
221.191
221.912
222.632
223.353
224.073
224.793
225.513
226.232
226.951
227.67
228.388
229.106
229.824
230.542
231.26
231.977
232.693
233.41
234.126
234.842
235.558
236.273
236.989
237.703
238.418
239.132
239.846
240.56
241.273
241.986
242.699
243.411
244.123
244.835
245.547
246.258
246.969
247.68
248.39
249.1
249.809
250.519
251.228
251.937
252.645
253.353
254.061
254.768
255.475
256.182
256.888
257.594
258.3
259.006
259.711
260.415
261.12
261.824
262.527
263.231
263.934
264.636
265.339
266.04
266.742
267.443
268.144
268.844
269.544
270.244
270.943
271.642
272.341
273.039
273.737
274.434
275.131
275.828
276.524
277.22
277.916
278.611
279.305
279.999
280.693
281.387
282.08
282.772
283.464
284.156
284.847
285.538
286.228
286.918
287.608
288.297
288.985
289.674
290.361
291.049
291.735
292.422
293.107
293.793
294.477
295.162
295.846
296.529
297.212
297.894
298.576
299.257
299.938
300.618
301.298
301.977
302.655
303.333
304.011
304.687
305.364
306.039
306.715
307.389
308.063
308.736
309.409
310.081
310.752
311.423
312.093
312.763
313.431
314.099
314.767
315.433
316.099
316.764
317.428
318.093
318.757
319.42
320.082
320.743
321.403
322.062
322.721
323.379
324.036
324.692
325.348
326.002
326.656
327.309
327.961
328.613
329.263
329.913
330.561
331.209
331.856
332.502
333.148
333.792
334.435
335.078
335.72
336.36
337
337.639
338.277
338.915
339.551
340.186
340.821
341.455
342.088
342.72
343.351
343.981
344.611
345.24
345.868
346.495
347.122
347.748
348.373
348.998
349.622
350.245
350.868
351.49
352.112
352.733
353.354
353.974
354.594
355.214
355.833
356.452
357.071
357.69
358.308
358.927
359.545
360.163
360.782
361.4
362.018
362.637
363.255
363.874
364.493
365.112
365.731
366.351
366.971
367.591
368.212
368.833
369.455
370.076
370.699
371.322
371.945
372.569
373.193
373.818
374.443
375.069
375.695
376.322
376.95
377.578
378.207
378.836
379.466
380.097
380.728
381.36
381.992
382.625
383.259
383.893
384.528
385.163
385.799
386.436
387.073
387.711
388.349
388.988
389.628
390.268
390.909
391.551
392.193
392.835
393.478
394.122
394.766
395.411
396.057
396.703
397.349
397.996
398.644
399.292
399.941
400.59
401.239
401.89
402.54
403.192
403.843
404.495
405.148
405.801
406.455
407.109
407.763
408.418
409.074
409.729
410.385
411.042
411.699
412.356
413.014
413.672
414.331
414.989
415.648
416.308
416.968
417.628
418.288
418.948
419.609
420.27
420.932
421.593
422.255
422.917
423.579
424.241
424.903
425.566
426.228
426.891
427.553
428.216
428.879
429.542
430.204
430.867
431.53
432.192
432.855
433.517
434.179
434.841
435.503
436.164
436.825
437.486
438.147
438.807
439.467
440.126
440.785
441.444
442.102
442.759
443.416
444.072
444.728
445.382
446.036
446.69
447.342
447.994
448.644
449.294
449.942
450.59
451.236
451.881
452.525
453.168
453.809
454.449
455.087
455.724
456.359
456.993
457.625
458.255
458.883
459.509
460.134
460.756
461.376
461.994
462.609
463.222
463.833
464.441
465.047
465.65
466.25
466.847
467.441
468.032
468.62
469.204
469.785
470.363
470.937
471.508
472.075
472.638
473.196
473.751
474.302
474.848
475.39
475.928
476.461
476.989
477.512
478.03
478.544
479.052
479.555
480.052
480.544
481.031
481.511
481.986
482.455
482.918
483.375
483.826
484.271
484.709
485.141
485.566
485.984
486.396
486.801
487.199
487.59
487.974
488.351
488.721
489.084
489.44
489.788
490.129
490.462
490.789
491.108
491.419
491.723
492.02
492.309
492.591
492.866
493.133
493.393
493.646
493.891
494.129
494.36
494.584
494.801
495.011
495.214
495.41
495.6
495.783
495.96
496.13
496.293
496.451
496.602
496.748
496.888
497.022
497.15
497.273
497.391
497.503
497.611
497.713
497.811
497.904
497.993
498.077
498.157
498.233
498.306
498.374
498.439
498.5
498.558
498.613
498.665
498.714
498.76
498.803
498.843
498.882
498.917
498.951
498.982
499.012
499.039
499.065
499.089
499.111
499.132
499.152
499.17
499.186
499.202
499.216
499.23
499.242
499.253
499.264
499.274
499.282
499.291
499.298
499.305
499.311
499.317
499.322
499.327
499.332
499.336
499.339
499.343
499.346
499.348
499.351
499.353
499.355
499.356
499.358
499.359
499.361
499.362
499.363
499.363
499.364
499.365
499.365
499.366
499.366
499.366
499.366
499.366
499.367
499.367
499.367
499.367
499.366
499.366
499.366
499.366
499.366
499.366
499.365
499.365
499.365
499.365
499.364
499.364
499.364
499.363
499.363
499.363
499.362
499.362
499.361
499.361
499.361
499.36
499.36
499.359
499.359
499.359
499.358
499.358
499.357
499.357
499.357
499.356
499.356
499.355
499.355
499.354
499.354
499.353
499.353
499.353
499.352
499.352
499.351
499.351
499.35
499.35
499.349
499.349
499.348
499.348
499.347
499.347
499.346
499.346
499.345
499.345
499.344
499.344
499.343
499.342
499.342
499.341
499.34
499.339
499.338
499.338
499.337
499.336
499.334
499.333
499.332
499.331
499.329
499.328
499.326
499.324
499.322
499.32
499.318
499.315
499.312
499.309
499.306
499.303
499.299
499.295
499.291
499.287
499.282
499.277
499.272
499.267
499.261
499.255
499.249
499.243
499.236
499.23
499.223
499.216
499.208
499.201
499.194
499.186
499.179
499.171
499.164
499.156
499.149
499.142
499.134
499.127
499.121
499.114
499.108
499.101
499.096
499.09
499.084
499.079
499.074
499.07
499.065
499.061
499.057
499.054
499.05
499.047
499.044
499.041
499.039
499.037
499.034
499.032
499.03
499.029
499.027
499.025
499.024
499.023
499.021
499.02
499.019
499.018
499.017
499.016
499.015
499.014
499.013
499.012
499.011
499.01
499.01
499.009
499.008
499.007
499.007
499.006
499.005
499.005
499.004
499.004
499.003
499.003
499.003
499.002
499.002
499.001
499.001
499
499
499
498.999
498.999
498.998
498.998
498.997
498.996
498.996
498.995
498.994
498.993
498.993
498.992
498.991
498.99
498.989
498.988
498.987
498.986
498.985
498.984
498.983
498.981
498.98
498.979
498.978
)
;

boundaryField
{
    sides
    {
        type            calculated;
        value           nonuniform List<scalar> 2(498.977 -16.4814);
    }
    empty
    {
        type            empty;
    }
}


// ************************************************************************* //
