/*--------------------------------*- C++ -*----------------------------------*\
| =========                 |                                                 |
| \\      /  F ield         | OpenFOAM: The Open Source CFD Toolbox           |
|  \\    /   O peration     | Version:  2406                                  |
|   \\  /    A nd           | Website:  www.openfoam.com                      |
|    \\/     M anipulation  |                                                 |
\*---------------------------------------------------------------------------*/
FoamFile
{
    version     2.0;
    format      ascii;
    arch        "LSB;label=32;scalar=64";
    class       volScalarField;
    location    "0.026";
    object      T;
}
// * * * * * * * * * * * * * * * * * * * * * * * * * * * * * * * * * * * * * //

dimensions      [0 0 0 1 0 0 0];

internalField   nonuniform List<scalar> 
1000
(
235.905
235.938
235.99
236.037
236.081
236.128
236.183
236.24
236.295
236.339
236.371
236.389
236.398
236.401
236.401
236.4
236.395
236.384
236.371
236.359
236.347
236.335
236.324
236.312
236.3
236.288
236.276
236.265
236.253
236.241
236.229
236.217
236.205
236.194
236.182
236.17
236.158
236.146
236.134
236.122
236.11
236.098
236.086
236.074
236.062
236.05
236.038
236.026
236.014
236.002
235.99
235.978
235.966
235.954
235.942
235.93
235.918
235.906
235.894
235.881
235.869
235.857
235.845
235.833
235.82
235.808
235.796
235.784
235.771
235.759
235.747
235.735
235.722
235.71
235.698
235.685
235.673
235.66
235.648
235.636
235.623
235.611
235.598
235.586
235.573
235.561
235.548
235.536
235.523
235.511
235.498
235.486
235.473
235.461
235.448
235.435
235.423
235.41
235.398
235.385
235.373
235.359
235.348
235.333
235.323
235.307
235.298
235.281
235.272
235.255
235.247
235.23
235.221
235.204
235.196
235.178
235.17
235.153
235.144
235.128
235.117
235.103
235.089
235.078
235.063
235.052
235.038
235.025
235.013
234.998
234.986
234.973
234.959
234.947
234.933
234.92
234.907
234.894
234.881
234.868
234.854
234.841
234.828
234.814
234.801
234.788
234.775
234.761
234.748
234.735
234.721
234.708
234.695
234.681
234.668
234.655
234.641
234.628
234.614
234.601
234.587
234.574
234.56
234.547
234.533
234.52
234.506
234.493
234.479
234.465
234.452
234.438
234.425
234.411
234.397
234.384
234.37
234.356
234.342
234.329
234.315
234.301
234.287
234.274
234.26
234.246
234.232
234.218
234.205
234.191
234.177
234.163
234.149
234.135
234.121
234.107
234.093
234.079
234.065
234.051
234.037
234.023
234.009
233.995
233.981
233.967
233.953
233.939
233.925
233.911
233.897
233.883
233.869
233.854
233.84
233.826
233.812
233.798
233.783
233.769
233.755
233.741
233.726
233.712
233.698
233.684
233.669
233.655
233.641
233.626
233.612
233.598
233.583
233.569
233.554
233.54
233.526
233.511
233.497
233.482
233.468
233.453
233.439
233.424
233.41
233.395
233.381
233.366
233.352
233.337
233.323
233.308
233.294
233.279
233.264
233.25
233.235
233.221
233.206
233.191
233.177
233.162
233.148
233.133
233.118
233.104
233.089
233.074
233.06
233.045
233.03
233.016
233.001
232.986
232.972
232.957
232.942
232.927
232.913
232.898
232.883
232.869
232.854
232.839
232.825
232.81
232.795
232.78
232.766
232.751
232.736
232.722
232.707
232.692
232.678
232.663
232.648
232.634
232.619
232.604
232.59
232.575
232.56
232.546
232.531
232.516
232.502
232.487
232.473
232.458
232.444
232.429
232.415
232.4
232.386
232.371
232.357
232.342
232.328
232.313
232.299
232.285
232.27
232.256
232.242
232.228
232.213
232.199
232.185
232.171
232.157
232.143
232.129
232.115
232.101
232.087
232.073
232.059
232.046
232.032
232.018
232.005
231.991
231.978
231.964
231.951
231.937
231.924
231.911
231.898
231.885
231.872
231.859
231.846
231.833
231.82
231.808
231.795
231.783
231.77
231.758
231.746
231.734
231.722
231.71
231.698
231.687
231.675
231.664
231.652
231.641
231.63
231.619
231.609
231.598
231.588
231.577
231.567
231.557
231.548
231.538
231.529
231.519
231.51
231.501
231.493
231.484
231.476
231.468
231.461
231.453
231.446
231.439
231.432
231.426
231.42
231.414
231.409
231.404
231.399
231.394
231.39
231.386
231.383
231.38
231.377
231.375
231.373
231.372
231.371
231.371
231.371
231.372
231.372
231.373
231.375
231.378
231.381
231.384
231.389
231.394
231.399
231.405
231.412
231.42
231.428
231.437
231.447
231.457
231.469
231.481
231.493
231.507
231.522
231.537
231.553
231.57
231.589
231.608
231.628
231.649
231.671
231.693
231.717
231.742
231.769
231.796
231.824
231.853
231.884
231.915
231.948
231.981
232.016
232.052
232.089
232.128
232.167
232.207
232.249
232.292
232.336
232.38
232.426
232.474
232.522
232.571
232.621
232.672
232.724
232.778
232.832
232.887
232.943
232.999
233.057
233.115
233.175
233.234
233.295
233.357
233.419
233.481
233.544
233.608
233.673
233.737
233.803
233.869
233.935
234.002
234.069
234.136
234.204
234.272
234.34
234.409
234.477
234.546
234.616
234.685
234.755
234.824
234.894
234.964
235.035
235.105
235.175
235.246
235.316
235.387
235.457
235.528
235.599
235.67
235.741
235.812
235.883
235.954
236.025
236.096
236.167
236.238
236.309
236.38
236.451
236.522
236.593
236.664
236.736
236.807
236.878
236.949
237.02
237.091
237.162
237.233
237.305
237.376
237.447
237.518
237.589
237.66
237.731
237.802
237.873
237.944
238.015
238.086
238.157
238.228
238.299
238.37
238.441
238.512
238.582
238.653
238.724
238.795
238.865
238.936
239.007
239.077
239.148
239.219
239.289
239.36
239.43
239.5
239.571
239.641
239.711
239.782
239.852
239.922
239.992
240.062
240.132
240.202
240.272
240.342
240.412
240.481
240.551
240.621
240.69
240.76
240.829
240.898
240.968
241.037
241.106
241.175
241.244
241.313
241.381
241.45
241.519
241.587
241.656
241.724
241.792
241.86
241.928
241.996
242.064
242.131
242.199
242.266
242.334
242.401
242.468
242.535
242.601
242.668
242.734
242.801
242.867
242.933
242.998
243.064
243.129
243.194
243.26
243.324
243.389
243.453
243.518
243.582
243.645
243.709
243.772
243.835
243.898
243.96
244.023
244.085
244.146
244.208
244.269
244.33
244.39
244.451
244.51
244.57
244.629
244.688
244.747
244.805
244.862
244.92
244.977
245.033
245.089
245.145
245.2
245.255
245.31
245.364
245.417
245.47
245.523
245.575
245.626
245.677
245.728
245.777
245.827
245.876
245.924
245.972
246.019
246.065
246.111
246.156
246.201
246.245
246.288
246.331
246.373
246.414
246.455
246.495
246.535
246.573
246.611
246.649
246.685
246.721
246.756
246.791
246.825
246.858
246.89
246.921
246.952
246.982
247.012
247.041
247.069
247.096
247.122
247.148
247.173
247.198
247.221
247.244
247.267
247.288
247.309
247.329
247.349
247.368
247.386
247.404
247.421
247.437
247.453
247.468
247.483
247.497
247.51
247.523
247.536
247.547
247.559
247.57
247.58
247.59
247.599
247.608
247.617
247.625
247.633
247.64
247.647
247.654
247.66
247.666
247.672
247.677
247.682
247.687
247.692
247.696
247.7
247.704
247.707
247.711
247.714
247.717
247.72
247.722
247.725
247.727
247.729
247.731
247.733
247.735
247.736
247.738
247.739
247.741
247.742
247.743
247.744
247.745
247.746
247.747
247.748
247.749
247.75
247.75
247.751
247.752
247.752
247.753
247.753
247.754
247.754
247.754
247.755
247.755
247.756
247.756
247.756
247.757
247.757
247.757
247.758
247.758
247.758
247.758
247.759
247.759
247.759
247.759
247.76
247.76
247.76
247.76
247.76
247.761
247.761
247.761
247.761
247.761
247.762
247.762
247.762
247.762
247.763
247.763
247.763
247.763
247.763
247.763
247.764
247.764
247.764
247.764
247.765
247.765
247.765
247.765
247.765
247.766
247.766
247.766
247.766
247.766
247.767
247.767
247.767
247.767
247.768
247.768
247.768
247.768
247.768
247.769
247.769
247.769
247.769
247.77
247.77
247.77
247.77
247.77
247.771
247.771
247.771
247.771
247.772
247.772
247.772
247.773
247.773
247.773
247.774
247.774
247.775
247.775
247.776
247.776
247.777
247.778
247.779
247.78
247.781
247.782
247.783
247.785
247.786
247.788
247.79
247.792
247.795
247.798
247.801
247.804
247.808
247.812
247.817
247.822
247.827
247.833
247.839
247.846
247.854
247.862
247.87
247.88
247.889
247.9
247.911
247.922
247.935
247.947
247.961
247.974
247.989
248.004
248.019
248.034
248.05
248.066
248.083
248.099
248.116
248.132
248.149
248.165
248.182
248.198
248.214
248.229
248.244
248.259
248.273
248.286
248.299
248.312
248.324
248.335
248.346
248.356
248.366
248.374
248.383
248.39
248.398
248.404
248.41
248.416
248.421
248.426
248.43
248.434
248.437
248.441
248.444
248.446
248.449
248.451
248.453
248.454
248.456
248.457
248.459
248.46
248.461
248.461
248.462
248.463
248.463
248.464
248.464
248.465
248.465
248.465
248.465
248.465
248.465
248.464
248.464
248.464
248.463
248.463
248.462
248.462
248.461
248.46
248.46
248.459
248.458
248.458
248.457
248.457
248.456
248.456
248.455
248.455
248.455
248.454
248.454
248.454
248.454
248.454
248.454
248.454
248.455
248.455
248.455
248.456
248.456
248.457
248.457
248.458
248.459
)
;

boundaryField
{
    sides
    {
        type            zeroGradient;
    }
    empty
    {
        type            empty;
    }
}


// ************************************************************************* //
