/*--------------------------------*- C++ -*----------------------------------*\
| =========                 |                                                 |
| \\      /  F ield         | OpenFOAM: The Open Source CFD Toolbox           |
|  \\    /   O peration     | Version:  2406                                  |
|   \\  /    A nd           | Website:  www.openfoam.com                      |
|    \\/     M anipulation  |                                                 |
\*---------------------------------------------------------------------------*/
FoamFile
{
    version     2.0;
    format      ascii;
    arch        "LSB;label=32;scalar=64";
    class       volVectorField;
    location    "0.026";
    object      U;
}
// * * * * * * * * * * * * * * * * * * * * * * * * * * * * * * * * * * * * * //

dimensions      [0 1 -1 0 0 0 0];

internalField   nonuniform List<vector> 
1000
(
(10.8246 0 0)
(11.4638 0 0)
(12.0881 0 0)
(12.6053 0 0)
(13.0929 0 0)
(13.5899 0 0)
(14.096 0 0)
(14.604 0 0)
(15.111 0 0)
(15.6173 0 0)
(16.1236 0 0)
(16.63 0 0)
(17.1363 0 0)
(17.6426 0 0)
(18.149 0 0)
(18.6554 0 0)
(19.1619 0 0)
(19.6684 0 0)
(20.1749 0 0)
(20.6815 0 0)
(21.1881 0 0)
(21.6948 0 0)
(22.2016 0 0)
(22.7084 0 0)
(23.2153 0 0)
(23.7222 0 0)
(24.2292 0 0)
(24.7363 0 0)
(25.2434 0 0)
(25.7506 0 0)
(26.2579 0 0)
(26.7652 0 0)
(27.2726 0 0)
(27.78 0 0)
(28.2875 0 0)
(28.795 0 0)
(29.3026 0 0)
(29.8103 0 0)
(30.318 0 0)
(30.8258 0 0)
(31.3336 0 0)
(31.8415 0 0)
(32.3495 0 0)
(32.8575 0 0)
(33.3655 0 0)
(33.8737 0 0)
(34.3819 0 0)
(34.8901 0 0)
(35.3984 0 0)
(35.9068 0 0)
(36.4152 0 0)
(36.9237 0 0)
(37.4322 0 0)
(37.9408 0 0)
(38.4494 0 0)
(38.9581 0 0)
(39.4669 0 0)
(39.9757 0 0)
(40.4846 0 0)
(40.9935 0 0)
(41.5025 0 0)
(42.0116 0 0)
(42.5207 0 0)
(43.0298 0 0)
(43.5391 0 0)
(44.0483 0 0)
(44.5577 0 0)
(45.0671 0 0)
(45.5765 0 0)
(46.086 0 0)
(46.5956 0 0)
(47.1052 0 0)
(47.6149 0 0)
(48.1246 0 0)
(48.6344 0 0)
(49.1442 0 0)
(49.6541 0 0)
(50.164 0 0)
(50.674 0 0)
(51.1841 0 0)
(51.6942 0 0)
(52.2044 0 0)
(52.7146 0 0)
(53.2249 0 0)
(53.7352 0 0)
(54.2456 0 0)
(54.756 0 0)
(55.2665 0 0)
(55.7771 0 0)
(56.2877 0 0)
(56.7983 0 0)
(57.309 0 0)
(57.8198 0 0)
(58.3306 0 0)
(58.8415 0 0)
(59.3524 0 0)
(59.8634 0 0)
(60.3744 0 0)
(60.8855 0 0)
(61.3967 0 0)
(61.9078 0 0)
(62.4191 0 0)
(62.9304 0 0)
(63.4417 0 0)
(63.9531 0 0)
(64.4646 0 0)
(64.9761 0 0)
(65.4876 0 0)
(65.9992 0 0)
(66.5109 0 0)
(67.0226 0 0)
(67.5344 0 0)
(68.0462 0 0)
(68.5581 0 0)
(69.07 0 0)
(69.5819 0 0)
(70.094 0 0)
(70.606 0 0)
(71.1181 0 0)
(71.6303 0 0)
(72.1425 0 0)
(72.6548 0 0)
(73.1671 0 0)
(73.6795 0 0)
(74.1919 0 0)
(74.7044 0 0)
(75.2169 0 0)
(75.7295 0 0)
(76.2421 0 0)
(76.7548 0 0)
(77.2675 0 0)
(77.7803 0 0)
(78.2931 0 0)
(78.8059 0 0)
(79.3189 0 0)
(79.8318 0 0)
(80.3448 0 0)
(80.8579 0 0)
(81.371 0 0)
(81.8841 0 0)
(82.3973 0 0)
(82.9106 0 0)
(83.4239 0 0)
(83.9372 0 0)
(84.4506 0 0)
(84.9641 0 0)
(85.4775 0 0)
(85.9911 0 0)
(86.5047 0 0)
(87.0183 0 0)
(87.5319 0 0)
(88.0457 0 0)
(88.5594 0 0)
(89.0732 0 0)
(89.5871 0 0)
(90.101 0 0)
(90.6149 0 0)
(91.1289 0 0)
(91.643 0 0)
(92.157 0 0)
(92.6712 0 0)
(93.1853 0 0)
(93.6995 0 0)
(94.2138 0 0)
(94.7281 0 0)
(95.2424 0 0)
(95.7568 0 0)
(96.2713 0 0)
(96.7857 0 0)
(97.3002 0 0)
(97.8148 0 0)
(98.3294 0 0)
(98.844 0 0)
(99.3587 0 0)
(99.8735 0 0)
(100.388 0 0)
(100.903 0 0)
(101.418 0 0)
(101.933 0 0)
(102.448 0 0)
(102.963 0 0)
(103.478 0 0)
(103.993 0 0)
(104.508 0 0)
(105.023 0 0)
(105.538 0 0)
(106.053 0 0)
(106.569 0 0)
(107.084 0 0)
(107.599 0 0)
(108.115 0 0)
(108.63 0 0)
(109.145 0 0)
(109.661 0 0)
(110.176 0 0)
(110.692 0 0)
(111.207 0 0)
(111.723 0 0)
(112.239 0 0)
(112.754 0 0)
(113.27 0 0)
(113.786 0 0)
(114.302 0 0)
(114.817 0 0)
(115.333 0 0)
(115.849 0 0)
(116.365 0 0)
(116.881 0 0)
(117.397 0 0)
(117.913 0 0)
(118.429 0 0)
(118.945 0 0)
(119.461 0 0)
(119.977 0 0)
(120.493 0 0)
(121.01 0 0)
(121.526 0 0)
(122.042 0 0)
(122.558 0 0)
(123.075 0 0)
(123.591 0 0)
(124.107 0 0)
(124.624 0 0)
(125.14 0 0)
(125.656 0 0)
(126.173 0 0)
(126.689 0 0)
(127.206 0 0)
(127.722 0 0)
(128.239 0 0)
(128.755 0 0)
(129.272 0 0)
(129.789 0 0)
(130.305 0 0)
(130.822 0 0)
(131.338 0 0)
(131.855 0 0)
(132.372 0 0)
(132.888 0 0)
(133.405 0 0)
(133.922 0 0)
(134.439 0 0)
(134.955 0 0)
(135.472 0 0)
(135.989 0 0)
(136.506 0 0)
(137.023 0 0)
(137.539 0 0)
(138.056 0 0)
(138.573 0 0)
(139.09 0 0)
(139.607 0 0)
(140.124 0 0)
(140.641 0 0)
(141.157 0 0)
(141.674 0 0)
(142.191 0 0)
(142.708 0 0)
(143.225 0 0)
(143.742 0 0)
(144.259 0 0)
(144.776 0 0)
(145.292 0 0)
(145.809 0 0)
(146.326 0 0)
(146.843 0 0)
(147.36 0 0)
(147.877 0 0)
(148.394 0 0)
(148.911 0 0)
(149.427 0 0)
(149.944 0 0)
(150.461 0 0)
(150.978 0 0)
(151.495 0 0)
(152.011 0 0)
(152.528 0 0)
(153.045 0 0)
(153.562 0 0)
(154.078 0 0)
(154.595 0 0)
(155.112 0 0)
(155.628 0 0)
(156.145 0 0)
(156.662 0 0)
(157.178 0 0)
(157.695 0 0)
(158.211 0 0)
(158.728 0 0)
(159.244 0 0)
(159.76 0 0)
(160.277 0 0)
(160.793 0 0)
(161.309 0 0)
(161.826 0 0)
(162.342 0 0)
(162.858 0 0)
(163.374 0 0)
(163.89 0 0)
(164.406 0 0)
(164.922 0 0)
(165.438 0 0)
(165.954 0 0)
(166.47 0 0)
(166.985 0 0)
(167.501 0 0)
(168.016 0 0)
(168.532 0 0)
(169.047 0 0)
(169.563 0 0)
(170.078 0 0)
(170.593 0 0)
(171.108 0 0)
(171.623 0 0)
(172.138 0 0)
(172.653 0 0)
(173.168 0 0)
(173.682 0 0)
(174.197 0 0)
(174.711 0 0)
(175.226 0 0)
(175.74 0 0)
(176.254 0 0)
(176.768 0 0)
(177.282 0 0)
(177.796 0 0)
(178.309 0 0)
(178.823 0 0)
(179.336 0 0)
(179.849 0 0)
(180.362 0 0)
(180.875 0 0)
(181.388 0 0)
(181.901 0 0)
(182.413 0 0)
(182.925 0 0)
(183.437 0 0)
(183.949 0 0)
(184.461 0 0)
(184.972 0 0)
(185.484 0 0)
(185.995 0 0)
(186.506 0 0)
(187.017 0 0)
(187.527 0 0)
(188.037 0 0)
(188.547 0 0)
(189.057 0 0)
(189.567 0 0)
(190.076 0 0)
(190.585 0 0)
(191.094 0 0)
(191.602 0 0)
(192.11 0 0)
(192.618 0 0)
(193.126 0 0)
(193.633 0 0)
(194.14 0 0)
(194.647 0 0)
(195.153 0 0)
(195.659 0 0)
(196.165 0 0)
(196.67 0 0)
(197.175 0 0)
(197.679 0 0)
(198.183 0 0)
(198.687 0 0)
(199.19 0 0)
(199.693 0 0)
(200.195 0 0)
(200.697 0 0)
(201.198 0 0)
(201.699 0 0)
(202.199 0 0)
(202.699 0 0)
(203.198 0 0)
(203.697 0 0)
(204.195 0 0)
(204.692 0 0)
(205.189 0 0)
(205.686 0 0)
(206.181 0 0)
(206.676 0 0)
(207.17 0 0)
(207.664 0 0)
(208.157 0 0)
(208.649 0 0)
(209.14 0 0)
(209.63 0 0)
(210.12 0 0)
(210.609 0 0)
(211.097 0 0)
(211.584 0 0)
(212.07 0 0)
(212.555 0 0)
(213.039 0 0)
(213.522 0 0)
(214.004 0 0)
(214.485 0 0)
(214.965 0 0)
(215.444 0 0)
(215.921 0 0)
(216.397 0 0)
(216.872 0 0)
(217.346 0 0)
(217.818 0 0)
(218.289 0 0)
(218.758 0 0)
(219.226 0 0)
(219.692 0 0)
(220.157 0 0)
(220.62 0 0)
(221.083 0 0)
(221.544 0 0)
(222.004 0 0)
(222.461 0 0)
(222.916 0 0)
(223.369 0 0)
(223.82 0 0)
(224.269 0 0)
(224.716 0 0)
(225.161 0 0)
(225.604 0 0)
(226.045 0 0)
(226.483 0 0)
(226.919 0 0)
(227.352 0 0)
(227.783 0 0)
(228.212 0 0)
(228.638 0 0)
(229.062 0 0)
(229.482 0 0)
(229.901 0 0)
(230.316 0 0)
(230.728 0 0)
(231.138 0 0)
(231.544 0 0)
(231.948 0 0)
(232.348 0 0)
(232.745 0 0)
(233.139 0 0)
(233.53 0 0)
(233.917 0 0)
(234.302 0 0)
(234.682 0 0)
(235.06 0 0)
(235.433 0 0)
(235.804 0 0)
(236.17 0 0)
(236.533 0 0)
(236.893 0 0)
(237.249 0 0)
(237.601 0 0)
(237.949 0 0)
(238.294 0 0)
(238.635 0 0)
(238.973 0 0)
(239.307 0 0)
(239.637 0 0)
(239.963 0 0)
(240.286 0 0)
(240.605 0 0)
(240.921 0 0)
(241.233 0 0)
(241.541 0 0)
(241.846 0 0)
(242.148 0 0)
(242.447 0 0)
(242.742 0 0)
(243.034 0 0)
(243.322 0 0)
(243.608 0 0)
(243.891 0 0)
(244.171 0 0)
(244.448 0 0)
(244.722 0 0)
(244.994 0 0)
(245.263 0 0)
(245.529 0 0)
(245.794 0 0)
(246.056 0 0)
(246.316 0 0)
(246.574 0 0)
(246.83 0 0)
(247.084 0 0)
(247.337 0 0)
(247.588 0 0)
(247.837 0 0)
(248.085 0 0)
(248.331 0 0)
(248.576 0 0)
(248.82 0 0)
(249.063 0 0)
(249.305 0 0)
(249.545 0 0)
(249.785 0 0)
(250.024 0 0)
(250.262 0 0)
(250.5 0 0)
(250.737 0 0)
(250.973 0 0)
(251.209 0 0)
(251.444 0 0)
(251.679 0 0)
(251.913 0 0)
(252.147 0 0)
(252.381 0 0)
(252.614 0 0)
(252.847 0 0)
(253.08 0 0)
(253.312 0 0)
(253.545 0 0)
(253.777 0 0)
(254.009 0 0)
(254.241 0 0)
(254.472 0 0)
(254.704 0 0)
(254.935 0 0)
(255.167 0 0)
(255.398 0 0)
(255.629 0 0)
(255.86 0 0)
(256.091 0 0)
(256.322 0 0)
(256.553 0 0)
(256.783 0 0)
(257.014 0 0)
(257.245 0 0)
(257.475 0 0)
(257.706 0 0)
(257.936 0 0)
(258.167 0 0)
(258.397 0 0)
(258.627 0 0)
(258.857 0 0)
(259.088 0 0)
(259.318 0 0)
(259.548 0 0)
(259.778 0 0)
(260.008 0 0)
(260.238 0 0)
(260.467 0 0)
(260.697 0 0)
(260.927 0 0)
(261.156 0 0)
(261.386 0 0)
(261.615 0 0)
(261.845 0 0)
(262.074 0 0)
(262.303 0 0)
(262.533 0 0)
(262.762 0 0)
(262.991 0 0)
(263.22 0 0)
(263.448 0 0)
(263.677 0 0)
(263.906 0 0)
(264.134 0 0)
(264.363 0 0)
(264.591 0 0)
(264.819 0 0)
(265.047 0 0)
(265.275 0 0)
(265.503 0 0)
(265.73 0 0)
(265.958 0 0)
(266.185 0 0)
(266.413 0 0)
(266.64 0 0)
(266.867 0 0)
(267.094 0 0)
(267.32 0 0)
(267.547 0 0)
(267.773 0 0)
(268 0 0)
(268.226 0 0)
(268.452 0 0)
(268.677 0 0)
(268.903 0 0)
(269.128 0 0)
(269.353 0 0)
(269.578 0 0)
(269.803 0 0)
(270.027 0 0)
(270.252 0 0)
(270.476 0 0)
(270.699 0 0)
(270.923 0 0)
(271.146 0 0)
(271.369 0 0)
(271.592 0 0)
(271.815 0 0)
(272.037 0 0)
(272.259 0 0)
(272.481 0 0)
(272.702 0 0)
(272.924 0 0)
(273.144 0 0)
(273.365 0 0)
(273.585 0 0)
(273.805 0 0)
(274.024 0 0)
(274.243 0 0)
(274.462 0 0)
(274.681 0 0)
(274.899 0 0)
(275.116 0 0)
(275.333 0 0)
(275.55 0 0)
(275.767 0 0)
(275.982 0 0)
(276.198 0 0)
(276.413 0 0)
(276.627 0 0)
(276.841 0 0)
(277.055 0 0)
(277.268 0 0)
(277.48 0 0)
(277.692 0 0)
(277.904 0 0)
(278.114 0 0)
(278.325 0 0)
(278.534 0 0)
(278.743 0 0)
(278.951 0 0)
(279.159 0 0)
(279.366 0 0)
(279.572 0 0)
(279.777 0 0)
(279.982 0 0)
(280.186 0 0)
(280.39 0 0)
(280.592 0 0)
(280.794 0 0)
(280.994 0 0)
(281.194 0 0)
(281.393 0 0)
(281.591 0 0)
(281.789 0 0)
(281.985 0 0)
(282.18 0 0)
(282.374 0 0)
(282.568 0 0)
(282.76 0 0)
(282.951 0 0)
(283.141 0 0)
(283.33 0 0)
(283.518 0 0)
(283.704 0 0)
(283.89 0 0)
(284.074 0 0)
(284.257 0 0)
(284.438 0 0)
(284.618 0 0)
(284.797 0 0)
(284.975 0 0)
(285.151 0 0)
(285.326 0 0)
(285.499 0 0)
(285.67 0 0)
(285.84 0 0)
(286.009 0 0)
(286.176 0 0)
(286.341 0 0)
(286.505 0 0)
(286.667 0 0)
(286.827 0 0)
(286.986 0 0)
(287.143 0 0)
(287.298 0 0)
(287.451 0 0)
(287.602 0 0)
(287.752 0 0)
(287.899 0 0)
(288.045 0 0)
(288.188 0 0)
(288.33 0 0)
(288.469 0 0)
(288.607 0 0)
(288.742 0 0)
(288.875 0 0)
(289.007 0 0)
(289.136 0 0)
(289.262 0 0)
(289.387 0 0)
(289.509 0 0)
(289.63 0 0)
(289.748 0 0)
(289.863 0 0)
(289.977 0 0)
(290.088 0 0)
(290.197 0 0)
(290.304 0 0)
(290.408 0 0)
(290.51 0 0)
(290.609 0 0)
(290.707 0 0)
(290.802 0 0)
(290.895 0 0)
(290.985 0 0)
(291.073 0 0)
(291.159 0 0)
(291.242 0 0)
(291.324 0 0)
(291.402 0 0)
(291.479 0 0)
(291.554 0 0)
(291.626 0 0)
(291.696 0 0)
(291.764 0 0)
(291.829 0 0)
(291.893 0 0)
(291.954 0 0)
(292.013 0 0)
(292.071 0 0)
(292.126 0 0)
(292.179 0 0)
(292.23 0 0)
(292.28 0 0)
(292.327 0 0)
(292.373 0 0)
(292.417 0 0)
(292.459 0 0)
(292.499 0 0)
(292.537 0 0)
(292.574 0 0)
(292.61 0 0)
(292.644 0 0)
(292.676 0 0)
(292.707 0 0)
(292.736 0 0)
(292.764 0 0)
(292.79 0 0)
(292.816 0 0)
(292.84 0 0)
(292.862 0 0)
(292.884 0 0)
(292.905 0 0)
(292.924 0 0)
(292.942 0 0)
(292.96 0 0)
(292.976 0 0)
(292.992 0 0)
(293.006 0 0)
(293.02 0 0)
(293.033 0 0)
(293.045 0 0)
(293.056 0 0)
(293.067 0 0)
(293.077 0 0)
(293.086 0 0)
(293.095 0 0)
(293.104 0 0)
(293.111 0 0)
(293.118 0 0)
(293.125 0 0)
(293.131 0 0)
(293.137 0 0)
(293.143 0 0)
(293.148 0 0)
(293.152 0 0)
(293.157 0 0)
(293.161 0 0)
(293.164 0 0)
(293.168 0 0)
(293.171 0 0)
(293.174 0 0)
(293.177 0 0)
(293.179 0 0)
(293.182 0 0)
(293.184 0 0)
(293.186 0 0)
(293.187 0 0)
(293.189 0 0)
(293.191 0 0)
(293.192 0 0)
(293.193 0 0)
(293.194 0 0)
(293.196 0 0)
(293.197 0 0)
(293.197 0 0)
(293.198 0 0)
(293.199 0 0)
(293.2 0 0)
(293.2 0 0)
(293.201 0 0)
(293.201 0 0)
(293.202 0 0)
(293.202 0 0)
(293.203 0 0)
(293.203 0 0)
(293.203 0 0)
(293.204 0 0)
(293.204 0 0)
(293.204 0 0)
(293.204 0 0)
(293.204 0 0)
(293.205 0 0)
(293.205 0 0)
(293.205 0 0)
(293.205 0 0)
(293.205 0 0)
(293.205 0 0)
(293.205 0 0)
(293.205 0 0)
(293.205 0 0)
(293.206 0 0)
(293.206 0 0)
(293.206 0 0)
(293.206 0 0)
(293.206 0 0)
(293.206 0 0)
(293.206 0 0)
(293.206 0 0)
(293.206 0 0)
(293.206 0 0)
(293.206 0 0)
(293.206 0 0)
(293.206 0 0)
(293.206 0 0)
(293.206 0 0)
(293.206 0 0)
(293.206 0 0)
(293.206 0 0)
(293.206 0 0)
(293.206 0 0)
(293.206 0 0)
(293.206 0 0)
(293.206 0 0)
(293.206 0 0)
(293.206 0 0)
(293.206 0 0)
(293.206 0 0)
(293.206 0 0)
(293.206 0 0)
(293.206 0 0)
(293.206 0 0)
(293.206 0 0)
(293.206 0 0)
(293.206 0 0)
(293.206 0 0)
(293.206 0 0)
(293.206 0 0)
(293.206 0 0)
(293.206 0 0)
(293.206 0 0)
(293.206 0 0)
(293.206 0 0)
(293.206 0 0)
(293.206 0 0)
(293.206 0 0)
(293.206 0 0)
(293.205 0 0)
(293.205 0 0)
(293.205 0 0)
(293.205 0 0)
(293.205 0 0)
(293.204 0 0)
(293.204 0 0)
(293.204 0 0)
(293.203 0 0)
(293.202 0 0)
(293.201 0 0)
(293.201 0 0)
(293.199 0 0)
(293.198 0 0)
(293.196 0 0)
(293.195 0 0)
(293.193 0 0)
(293.19 0 0)
(293.187 0 0)
(293.184 0 0)
(293.18 0 0)
(293.176 0 0)
(293.171 0 0)
(293.166 0 0)
(293.16 0 0)
(293.153 0 0)
(293.145 0 0)
(293.137 0 0)
(293.127 0 0)
(293.116 0 0)
(293.104 0 0)
(293.091 0 0)
(293.076 0 0)
(293.06 0 0)
(293.043 0 0)
(293.024 0 0)
(293.003 0 0)
(292.981 0 0)
(292.957 0 0)
(292.931 0 0)
(292.903 0 0)
(292.873 0 0)
(292.841 0 0)
(292.808 0 0)
(292.772 0 0)
(292.735 0 0)
(292.696 0 0)
(292.655 0 0)
(292.613 0 0)
(292.569 0 0)
(292.523 0 0)
(292.476 0 0)
(292.428 0 0)
(292.379 0 0)
(292.328 0 0)
(292.278 0 0)
(292.226 0 0)
(292.175 0 0)
(292.123 0 0)
(292.071 0 0)
(292.02 0 0)
(291.969 0 0)
(291.919 0 0)
(291.87 0 0)
(291.821 0 0)
(291.774 0 0)
(291.729 0 0)
(291.684 0 0)
(291.642 0 0)
(291.601 0 0)
(291.562 0 0)
(291.524 0 0)
(291.489 0 0)
(291.455 0 0)
(291.424 0 0)
(291.394 0 0)
(291.367 0 0)
(291.341 0 0)
(291.317 0 0)
(291.295 0 0)
(291.274 0 0)
(291.256 0 0)
(291.239 0 0)
(291.223 0 0)
(291.209 0 0)
(291.196 0 0)
(291.185 0 0)
(291.174 0 0)
(291.165 0 0)
(291.157 0 0)
(291.149 0 0)
(291.143 0 0)
(291.137 0 0)
(291.132 0 0)
(291.128 0 0)
(291.124 0 0)
(291.121 0 0)
(291.118 0 0)
(291.115 0 0)
(291.114 0 0)
(291.112 0 0)
(291.111 0 0)
(291.11 0 0)
(291.11 0 0)
(291.109 0 0)
(291.109 0 0)
(291.11 0 0)
(291.11 0 0)
(291.111 0 0)
(291.112 0 0)
(291.114 0 0)
(291.116 0 0)
(291.118 0 0)
(291.12 0 0)
(291.123 0 0)
(291.126 0 0)
(291.129 0 0)
(291.132 0 0)
(291.135 0 0)
(291.138 0 0)
(291.142 0 0)
(291.146 0 0)
(291.149 0 0)
(291.153 0 0)
(291.156 0 0)
(291.16 0 0)
(291.163 0 0)
(291.166 0 0)
(291.169 0 0)
(291.172 0 0)
(291.175 0 0)
(291.178 0 0)
(291.18 0 0)
(291.182 0 0)
(291.184 0 0)
(291.186 0 0)
(291.188 0 0)
(291.189 0 0)
(291.19 0 0)
(291.191 0 0)
(291.192 0 0)
(291.192 0 0)
(291.193 0 0)
(291.193 0 0)
(291.194 0 0)
(291.194 0 0)
(291.194 0 0)
(291.194 0 0)
)
;

boundaryField
{
    sides
    {
        type            zeroGradient;
    }
    empty
    {
        type            empty;
    }
}


// ************************************************************************* //
