/*--------------------------------*- C++ -*----------------------------------*\
| =========                 |                                                 |
| \\      /  F ield         | OpenFOAM: The Open Source CFD Toolbox           |
|  \\    /   O peration     | Version:  2406                                  |
|   \\  /    A nd           | Website:  www.openfoam.com                      |
|    \\/     M anipulation  |                                                 |
\*---------------------------------------------------------------------------*/
FoamFile
{
    version     2.0;
    format      ascii;
    arch        "LSB;label=32;scalar=64";
    class       volScalarField;
    location    "0.036";
    object      mag(U);
}
// * * * * * * * * * * * * * * * * * * * * * * * * * * * * * * * * * * * * * //

dimensions      [0 1 -1 0 0 0 0];

internalField   nonuniform List<scalar> 
1000
(
15.7908
16.1682
16.6138
16.9794
17.306
17.6332
17.968
18.3058
18.6433
18.9801
19.3168
19.6534
19.9902
20.327
20.6639
21.0008
21.3377
21.6747
22.0117
22.3487
22.6856
23.0226
23.3597
23.6967
24.0338
24.371
24.7082
25.0454
25.3827
25.72
26.0574
26.3947
26.7321
27.0694
27.4068
27.7442
28.0816
28.419
28.7565
29.0939
29.4315
29.7691
30.1066
30.4442
30.7817
31.1193
31.4569
31.7946
32.1323
32.4699
32.8076
33.1454
33.4831
33.8209
34.1586
34.4964
34.8343
35.1721
35.51
35.8478
36.1857
36.5236
36.8616
37.1995
37.5375
37.8754
38.2134
38.5515
38.8895
39.2275
39.5656
39.9036
40.2417
40.5798
40.9179
41.2561
41.5942
41.9324
42.2705
42.6087
42.9469
43.2851
43.6233
43.9615
44.2998
44.638
44.9763
45.3145
45.6528
45.9911
46.3294
46.6677
47.006
47.3443
47.6826
48.021
48.3593
48.6976
49.036
49.3743
49.7127
50.0511
50.3894
50.7278
51.0662
51.4046
51.7429
52.0813
52.4197
52.7581
53.0965
53.4348
53.7732
54.1116
54.45
54.7883
55.1267
55.4651
55.8035
56.1418
56.4802
56.8185
57.1569
57.4952
57.8335
58.1719
58.5102
58.8485
59.1868
59.5251
59.8634
60.2016
60.5399
60.8781
61.2163
61.5546
61.8928
62.2309
62.5691
62.9073
63.2454
63.5835
63.9216
64.2597
64.5977
64.9358
65.2738
65.6118
65.9497
66.2877
66.6256
66.9634
67.3013
67.6391
67.9769
68.3147
68.6524
68.9901
69.3278
69.6654
70.003
70.3406
70.6781
71.0156
71.353
71.6904
72.0278
72.3651
72.7024
73.0396
73.3768
73.7139
74.051
74.388
74.725
75.0619
75.3988
75.7356
76.0723
76.409
76.7456
77.0822
77.4187
77.7551
78.0915
78.4278
78.764
79.1001
79.4362
79.7722
80.1081
80.4439
80.7797
81.1153
81.4509
81.7864
82.1218
82.4571
82.7923
83.1274
83.4624
83.7973
84.1321
84.4668
84.8014
85.1358
85.4702
85.8044
86.1385
86.4725
86.8064
87.1401
87.4737
87.8071
88.1405
88.4736
88.8067
89.1396
89.4723
89.8049
90.1373
90.4695
90.8016
91.1336
91.4653
91.7969
92.1282
92.4594
92.7904
93.1212
93.4518
93.7822
94.1124
94.4424
94.7722
95.1017
95.431
95.7601
96.0889
96.4175
96.7458
97.0739
97.4017
97.7292
98.0565
98.3834
98.7101
99.0365
99.3626
99.6884
100.014
100.339
100.664
100.988
101.312
101.636
101.959
102.282
102.605
102.927
103.249
103.571
103.892
104.212
104.532
104.852
105.171
105.49
105.808
106.126
106.443
106.76
107.076
107.392
107.707
108.022
108.336
108.65
108.963
109.275
109.587
109.898
110.209
110.52
110.83
111.138
111.446
111.753
112.059
112.364
112.669
112.972
113.275
113.577
113.879
114.179
114.478
114.777
115.074
115.371
115.667
115.962
116.255
116.548
116.84
117.13
117.419
117.708
117.995
118.281
118.566
118.849
119.132
119.413
119.693
119.971
120.249
120.524
120.799
121.072
121.344
121.614
121.883
122.15
122.416
122.68
122.943
123.204
123.464
123.721
123.978
124.232
124.485
124.737
124.986
125.234
125.48
125.724
125.967
126.208
126.447
126.684
126.919
127.153
127.385
127.615
127.843
128.069
128.293
128.516
128.737
128.956
129.173
129.388
129.602
129.814
130.024
130.232
130.439
130.644
130.847
131.048
131.248
131.446
131.643
131.838
132.032
132.224
132.414
132.603
132.791
132.978
133.163
133.346
133.529
133.71
133.89
134.069
134.247
134.424
134.6
134.775
134.949
135.122
135.294
135.465
135.636
135.806
135.975
136.144
136.311
136.479
136.646
136.812
136.977
137.143
137.307
137.472
137.636
137.8
137.963
138.126
138.289
138.451
138.613
138.775
138.937
139.099
139.26
139.422
139.583
139.744
139.905
140.066
140.227
140.388
140.548
140.709
140.869
141.03
141.19
141.351
141.511
141.672
141.832
141.993
142.153
142.314
142.474
142.634
142.795
142.955
143.116
143.277
143.437
143.598
143.758
143.919
144.08
144.24
144.401
144.562
144.723
144.884
145.045
145.206
145.367
145.528
145.689
145.85
146.011
146.172
146.333
146.495
146.656
146.817
146.979
147.14
147.302
147.463
147.625
147.786
147.948
148.11
148.271
148.433
148.595
148.757
148.919
149.081
149.243
149.405
149.567
149.729
149.891
150.053
150.216
150.378
150.54
150.702
150.865
151.027
151.19
151.352
151.515
151.678
151.84
152.003
152.166
152.329
152.491
152.654
152.817
152.98
153.143
153.306
153.469
153.632
153.796
153.959
154.122
154.285
154.449
154.612
154.775
154.939
155.102
155.266
155.43
155.593
155.757
155.921
156.084
156.248
156.412
156.576
156.74
156.904
157.068
157.232
157.396
157.56
157.724
157.889
158.053
158.217
158.381
158.546
158.71
158.875
159.039
159.204
159.369
159.533
159.698
159.863
160.027
160.192
160.357
160.522
160.687
160.852
161.017
161.182
161.347
161.512
161.677
161.843
162.008
162.173
162.339
162.504
162.669
162.835
163.001
163.166
163.332
163.497
163.663
163.829
163.995
164.16
164.326
164.492
164.658
164.824
164.99
165.156
165.322
165.488
165.655
165.821
165.987
166.153
166.32
166.486
166.653
166.819
166.986
167.152
167.319
167.485
167.652
167.819
167.986
168.152
168.319
168.486
168.653
168.82
168.987
169.154
169.321
169.488
169.656
169.823
169.99
170.157
170.325
170.492
170.66
170.827
170.994
171.162
171.33
171.497
171.665
171.833
172
172.168
172.336
172.504
172.672
172.84
173.008
173.176
173.344
173.512
173.68
173.848
174.017
174.185
174.353
174.521
174.69
174.858
175.027
175.195
175.364
175.532
175.701
175.87
176.038
176.207
176.376
176.545
176.714
176.883
177.052
177.221
177.39
177.559
177.728
177.897
178.066
178.235
178.405
178.574
178.743
178.913
179.082
179.252
179.421
179.591
179.76
179.93
180.1
180.269
180.439
180.609
180.779
180.949
181.118
181.288
181.458
181.628
181.798
181.969
182.139
182.309
182.479
182.649
182.82
182.99
183.16
183.331
183.501
183.672
183.842
184.013
184.183
184.354
184.525
184.695
184.866
185.037
185.208
185.379
185.55
185.721
185.892
186.063
186.234
186.405
186.576
186.747
186.918
187.09
187.261
187.432
187.604
187.775
187.946
188.118
188.289
188.461
188.633
188.804
188.976
189.148
189.319
189.491
189.663
189.835
190.007
190.179
190.351
190.523
190.695
190.867
191.039
191.211
191.383
191.556
191.728
191.9
192.072
192.245
192.417
192.59
192.762
192.935
193.107
193.28
193.453
193.625
193.798
193.971
194.143
194.316
194.489
194.662
194.835
195.008
195.181
195.354
195.527
195.7
195.873
196.047
196.22
196.393
196.566
196.74
196.913
197.086
197.26
197.433
197.607
197.78
197.954
198.127
198.301
198.475
198.649
198.822
198.996
199.17
199.344
199.518
199.692
199.865
200.039
200.213
200.388
200.562
200.736
200.91
201.084
201.258
201.433
201.607
201.781
201.955
202.13
202.304
202.479
202.653
202.827
203.002
203.176
203.351
203.525
203.7
203.874
204.049
204.223
204.397
204.572
204.746
204.92
205.095
205.269
205.443
205.617
205.791
205.965
206.139
206.312
206.486
206.659
206.832
207.005
207.178
207.35
207.523
207.695
207.866
208.038
208.209
208.379
208.549
208.719
208.888
209.057
209.225
209.393
209.56
209.726
209.892
210.057
210.221
210.384
210.547
210.709
210.87
211.03
211.19
211.348
211.505
211.662
211.817
211.972
212.125
212.278
212.43
212.58
212.73
212.879
213.026
213.173
213.319
213.464
213.609
213.753
213.895
214.038
214.179
214.321
214.461
214.602
214.742
214.881
215.021
215.161
215.3
215.44
215.579
215.719
215.86
216
216.141
216.283
216.425
216.568
216.711
216.856
217.001
217.147
217.294
217.442
217.591
217.741
217.892
218.044
218.197
218.351
218.506
218.662
218.82
218.978
219.137
219.298
219.46
219.622
219.786
219.95
220.116
220.282
220.449
220.617
220.786
220.956
221.126
221.297
221.469
221.641
221.814
221.988
222.162
222.337
222.512
222.688
222.864
223.041
223.218
223.395
223.573
223.751
223.93
224.109
224.288
224.467
224.646
224.826
225.006
225.186
225.367
225.547
225.728
225.908
226.089
226.27
226.451
226.632
226.814
226.995
227.176
227.357
227.539
227.72
227.901
228.082
228.264
228.445
228.626
228.806
228.987
229.168
229.348
229.527
229.707
229.886
230.064
230.241
230.418
230.594
230.768
230.941
231.112
231.282
231.449
231.614
231.777
231.936
232.092
232.244
232.393
232.538
232.678
232.814
232.945
233.072
233.194
233.311
233.424
233.533
233.638
233.739
233.837
233.932
234.025
234.116
234.205
234.294
234.383
234.472
234.561
234.652
234.744
234.838
234.933
235.031
235.131
235.233
235.337
235.446
235.556
235.671
235.951
)
;

boundaryField
{
    sides
    {
        type            calculated;
        value           nonuniform List<scalar> 2(235.951 15.7908);
    }
    empty
    {
        type            empty;
    }
}


// ************************************************************************* //
