/*--------------------------------*- C++ -*----------------------------------*\
| =========                 |                                                 |
| \\      /  F ield         | OpenFOAM: The Open Source CFD Toolbox           |
|  \\    /   O peration     | Version:  2406                                  |
|   \\  /    A nd           | Website:  www.openfoam.com                      |
|    \\/     M anipulation  |                                                 |
\*---------------------------------------------------------------------------*/
FoamFile
{
    version     2.0;
    format      ascii;
    arch        "LSB;label=32;scalar=64";
    class       volScalarField;
    location    "0.036";
    object      p;
}
// * * * * * * * * * * * * * * * * * * * * * * * * * * * * * * * * * * * * * //

dimensions      [1 -1 -2 0 0 0 0];

internalField   nonuniform List<scalar> 
1000
(
14579.4
14577.3
14574.3
14571.7
14569.3
14567
14564.7
14562.3
14559.9
14557.6
14555.2
14552.9
14550.5
14548.2
14545.8
14543.5
14541.1
14538.8
14536.5
14534.1
14531.8
14529.5
14527.1
14524.8
14522.5
14520.1
14517.8
14515.5
14513.2
14510.8
14508.5
14506.2
14503.9
14501.6
14499.2
14496.9
14494.6
14492.3
14490
14487.7
14485.4
14483.1
14480.8
14478.5
14476.2
14473.9
14471.6
14469.3
14467
14464.7
14462.4
14460.1
14457.8
14455.5
14453.2
14450.9
14448.7
14446.4
14444.1
14441.8
14439.5
14437.3
14435
14432.7
14430.4
14428.2
14425.9
14423.6
14421.3
14419.1
14416.8
14414.5
14412.3
14410
14407.8
14405.5
14403.3
14401
14398.7
14396.5
14394.2
14392
14389.8
14387.5
14385.3
14383
14380.8
14378.5
14376.3
14374.1
14371.8
14369.6
14367.4
14365.2
14362.9
14360.7
14358.5
14356.3
14354.1
14351.8
14349.6
14347.4
14345.2
14343
14340.8
14338.6
14336.4
14334.2
14332
14329.8
14327.6
14325.4
14323.2
14321
14318.9
14316.7
14314.5
14312.3
14310.1
14308
14305.8
14303.6
14301.5
14299.3
14297.2
14295
14292.8
14290.7
14288.5
14286.4
14284.3
14282.1
14280
14277.8
14275.7
14273.6
14271.5
14269.3
14267.2
14265.1
14263
14260.9
14258.8
14256.7
14254.6
14252.5
14250.4
14248.3
14246.2
14244.1
14242.1
14240
14237.9
14235.9
14233.8
14231.7
14229.7
14227.6
14225.6
14223.6
14221.5
14219.5
14217.5
14215.4
14213.4
14211.4
14209.4
14207.4
14205.4
14203.4
14201.4
14199.4
14197.5
14195.5
14193.5
14191.6
14189.6
14187.7
14185.7
14183.8
14181.8
14179.9
14178
14176.1
14174.2
14172.3
14170.4
14168.5
14166.6
14164.8
14162.9
14161
14159.2
14157.3
14155.5
14153.7
14151.9
14150.1
14148.3
14146.5
14144.7
14142.9
14141.1
14139.4
14137.6
14135.9
14134.2
14132.4
14130.7
14129
14127.3
14125.7
14124
14122.3
14120.7
14119.1
14117.5
14115.8
14114.2
14112.7
14111.1
14109.5
14108
14106.5
14104.9
14103.4
14101.9
14100.5
14099
14097.6
14096.1
14094.7
14093.3
14091.9
14090.6
14089.2
14087.9
14086.6
14085.3
14084
14082.8
14081.5
14080.3
14079.1
14077.9
14076.8
14075.7
14074.5
14073.5
14072.4
14071.4
14070.3
14069.3
14068.4
14067.4
14066.5
14065.6
14064.8
14063.9
14063.1
14062.4
14061.6
14060.9
14060.2
14059.6
14059
14058.4
14057.8
14057.3
14056.9
14056.4
14056
14055.6
14055.3
14055
14054.8
14054.5
14054.4
14054.3
14054.2
14054.1
14054.1
14054.1
14054.2
14054.3
14054.5
14054.7
14055
14055.4
14055.8
14056.3
14056.8
14057.4
14058.1
14058.8
14059.6
14060.5
14061.4
14062.3
14063.4
14064.5
14065.7
14067
14068.3
14069.7
14071.2
14072.7
14074.4
14076.1
14077.9
14079.8
14081.8
14083.9
14086
14088.3
14090.6
14093.1
14095.6
14098.2
14101
14103.8
14106.8
14109.8
14113
14116.2
14119.6
14123.1
14126.7
14130.4
14134.3
14138.2
14142.3
14146.5
14150.8
14155.2
14159.8
14164.5
14169.3
14174.3
14179.3
14184.5
14189.9
14195.4
14201
14206.7
14212.6
14218.6
14224.7
14231
14237.4
14244
14250.6
14257.5
14264.4
14271.5
14278.7
14286.1
14293.5
14301.1
14308.9
14316.8
14324.8
14332.9
14341.1
14349.5
14358
14366.6
14375.3
14384.1
14393.1
14402.1
14411.3
14420.6
14430
14439.4
14449
14458.7
14468.4
14478.3
14488.2
14498.2
14508.3
14518.5
14528.8
14539.1
14549.5
14560
14570.5
14581.1
14591.8
14602.5
14613.2
14624.1
14634.9
14645.9
14656.8
14667.9
14678.9
14690
14701.2
14712.3
14723.5
14734.8
14746.1
14757.4
14768.7
14780.1
14791.5
14802.9
14814.4
14825.8
14837.3
14848.8
14860.4
14871.9
14883.5
14895.1
14906.7
14918.4
14930
14941.7
14953.4
14965
14976.8
14988.5
15000.2
15012
15023.8
15035.5
15047.3
15059.1
15071
15082.8
15094.6
15106.5
15118.4
15130.3
15142.2
15154.1
15166
15177.9
15189.9
15201.8
15213.8
15225.8
15237.8
15249.8
15261.8
15273.8
15285.9
15297.9
15310
15322.1
15334.1
15346.2
15358.3
15370.5
15382.6
15394.7
15406.9
15419.1
15431.2
15443.4
15455.6
15467.8
15480.1
15492.3
15504.6
15516.8
15529.1
15541.4
15553.7
15566
15578.3
15590.6
15603
15615.3
15627.7
15640
15652.4
15664.8
15677.2
15689.7
15702.1
15714.5
15727
15739.5
15752
15764.5
15777
15789.5
15802
15814.5
15827.1
15839.7
15852.2
15864.8
15877.4
15890
15902.7
15915.3
15928
15940.6
15953.3
15966
15978.7
15991.4
16004.1
16016.8
16029.6
16042.3
16055.1
16067.9
16080.7
16093.5
16106.3
16119.1
16131.9
16144.8
16157.7
16170.5
16183.4
16196.3
16209.2
16222.2
16235.1
16248
16261
16274
16287
16300
16313
16326
16339
16352.1
16365.1
16378.2
16391.3
16404.4
16417.5
16430.6
16443.7
16456.9
16470
16483.2
16496.4
16509.6
16522.8
16536
16549.2
16562.5
16575.7
16589
16602.3
16615.6
16628.9
16642.2
16655.5
16668.9
16682.2
16695.6
16709
16722.4
16735.8
16749.2
16762.6
16776.1
16789.5
16803
16816.5
16830
16843.5
16857
16870.5
16884.1
16897.6
16911.2
16924.8
16938.4
16952
16965.6
16979.2
16992.9
17006.5
17020.2
17033.9
17047.6
17061.3
17075
17088.8
17102.5
17116.3
17130
17143.8
17157.6
17171.4
17185.3
17199.1
17213
17226.8
17240.7
17254.6
17268.5
17282.4
17296.3
17310.3
17324.2
17338.2
17352.2
17366.2
17380.2
17394.2
17408.2
17422.3
17436.3
17450.4
17464.5
17478.6
17492.7
17506.8
17521
17535.1
17549.3
17563.5
17577.7
17591.9
17606.1
17620.3
17634.6
17648.8
17663.1
17677.4
17691.7
17706
17720.3
17734.6
17749
17763.4
17777.7
17792.1
17806.5
17821
17835.4
17849.8
17864.3
17878.8
17893.2
17907.7
17922.3
17936.8
17951.3
17965.9
17980.4
17995
18009.6
18024.2
18038.8
18053.5
18068.1
18082.8
18097.4
18112.1
18126.8
18141.6
18156.3
18171
18185.8
18200.5
18215.3
18230.1
18244.9
18259.8
18274.6
18289.5
18304.3
18319.2
18334.1
18349
18363.9
18378.8
18393.8
18408.8
18423.7
18438.7
18453.7
18468.7
18483.8
18498.8
18513.9
18529
18544
18559.1
18574.3
18589.4
18604.5
18619.7
18634.8
18650
18665.2
18680.4
18695.7
18710.9
18726.2
18741.4
18756.7
18772
18787.3
18802.6
18818
18833.3
18848.7
18864.1
18879.5
18894.9
18910.3
18925.7
18941.2
18956.6
18972.1
18987.6
19003.1
19018.7
19034.2
19049.7
19065.3
19080.9
19096.5
19112.1
19127.7
19143.3
19159
19174.6
19190.3
19206
19221.7
19237.4
19253.2
19268.9
19284.7
19300.5
19316.3
19332.1
19347.9
19363.7
19379.6
19395.5
19411.3
19427.2
19443.1
19459.1
19475
19490.9
19506.9
19522.9
19538.9
19554.9
19570.9
19587
19603
19619.1
19635.2
19651.3
19667.4
19683.5
19699.6
19715.8
19732
19748.2
19764.4
19780.6
19796.8
19813.1
19829.3
19845.6
19861.9
19878.2
19894.5
19910.8
19927.2
19943.6
19959.9
19976.3
19992.7
20009.2
20025.6
20042.1
20058.5
20075
20091.5
20108.1
20124.6
20141.2
20157.7
20174.3
20190.9
20207.6
20224.2
20240.9
20257.6
20274.3
20291
20307.8
20324.6
20341.4
20358.2
20375.1
20392
20408.9
20425.8
20442.8
20459.8
20476.9
20494
20511.1
20528.2
20545.5
20562.7
20580
20597.4
20614.8
20632.2
20649.8
20667.4
20685
20702.7
20720.5
20738.4
20756.3
20774.4
20792.5
20810.7
20829
20847.3
20865.8
20884.4
20903.1
20921.9
20940.8
20959.8
20978.9
20998.2
21017.5
21037
21056.6
21076.3
21096.1
21116.1
21136.2
21156.4
21176.7
21197.1
21217.6
21238.2
21259
21279.8
21300.8
21321.8
21342.9
21364.1
21385.4
21406.7
21428.1
21449.5
21471
21492.5
21514.1
21535.6
21557.2
21578.8
21600.4
21622
21643.5
21665
21686.5
21708
21729.4
21750.8
21772.1
21793.3
21814.5
21835.6
21856.6
21877.5
21898.4
21919.2
21939.9
21960.5
21981
22001.5
22021.8
22042.1
22062.3
22082.4
22102.4
22122.3
22142.2
22161.9
22181.6
22201.3
22220.8
22240.3
22259.8
22279.1
22298.5
22317.7
22336.9
22356.1
22375.2
22394.3
22413.3
22432.3
22451.3
22470.2
22489.1
22508
22526.8
22545.7
22564.5
22583.3
22602.1
22620.8
22639.6
22658.3
22677.1
22695.8
22714.6
22733.3
22752
22770.8
22789.5
22808.2
22827
22845.7
22864.5
22883.3
22902.1
22920.9
22939.7
22958.5
22977.4
22996.2
23015.1
23034
23053
23071.9
23090.9
23110
23129
23148.1
23167.3
23186.5
23205.8
23225.1
23244.5
23264
23283.7
23303.4
23323.3
23343.4
23363.6
23384.1
23404.8
23425.8
23447.1
23468.8
23490.8
23513.2
23536.1
23559.4
23583.2
23607.5
23632.3
23657.7
23683.6
23710
23737
23764.4
23792.4
23820.7
23849.5
23878.6
23908
23937.7
23967.5
23997.5
24027.6
24057.6
24087.7
24117.7
24147.5
24177.3
24206.8
24236.2
24265.4
24294.4
24323.1
24351.6
24379.6
24407.8
24434.9
)
;

boundaryField
{
    sides
    {
        type            zeroGradient;
    }
    empty
    {
        type            empty;
    }
}


// ************************************************************************* //
