/*--------------------------------*- C++ -*----------------------------------*\
| =========                 |                                                 |
| \\      /  F ield         | OpenFOAM: The Open Source CFD Toolbox           |
|  \\    /   O peration     | Version:  2406                                  |
|   \\  /    A nd           | Website:  www.openfoam.com                      |
|    \\/     M anipulation  |                                                 |
\*---------------------------------------------------------------------------*/
FoamFile
{
    version     2.0;
    format      ascii;
    arch        "LSB;label=32;scalar=64";
    class       surfaceScalarField;
    location    "0.036";
    object      phi;
}
// * * * * * * * * * * * * * * * * * * * * * * * * * * * * * * * * * * * * * //

dimensions      [1 0 -1 0 0 0 0];

oriented        oriented;

internalField   nonuniform List<scalar> 
999
(
16.366
16.7025
17.0389
17.3751
17.7112
18.0471
18.3829
18.7183
19.0536
19.3889
19.7241
20.0591
20.394
20.7285
21.0627
21.3967
21.7307
22.0648
22.399
22.7331
23.0671
23.4007
23.734
24.0667
24.3991
24.7312
25.0633
25.3954
25.7278
26.0605
26.3937
26.7274
27.0615
27.3959
27.7305
28.0652
28.3999
28.7346
29.0693
29.4044
29.74
30.0756
30.4112
30.7468
31.0823
31.4178
31.7533
32.0887
32.4241
32.7593
33.0946
33.4298
33.7649
34.0999
34.435
34.7699
35.1048
35.4396
35.7745
36.1092
36.4438
36.7785
37.1131
37.4476
37.782
38.1164
38.4507
38.785
39.1192
39.4535
39.7874
40.1216
40.4555
40.7895
41.1234
41.4571
41.791
42.1246
42.4582
42.7919
43.1253
43.4588
43.7922
44.1255
44.4588
44.792
45.1251
45.4583
45.7913
46.1242
46.4572
46.79
47.1228
47.4555
47.7882
48.1207
48.4533
48.7857
49.1181
49.4505
49.7827
50.1149
50.4471
50.7792
51.1111
51.4431
51.775
52.1068
52.4385
52.7702
53.1018
53.4333
53.7648
54.0962
54.4275
54.7588
55.09
55.4211
55.7521
56.0831
56.414
56.7448
57.0756
57.4063
57.7369
58.0675
58.3979
58.7284
59.0587
59.3889
59.7191
60.0492
60.3792
60.7092
61.0391
61.3689
61.6986
62.0282
62.3578
62.6873
63.0167
63.346
63.6753
64.0045
64.3335
64.6625
64.9915
65.3203
65.6491
65.9778
66.3064
66.6349
66.9633
67.2916
67.6199
67.9481
68.2761
68.6041
68.932
69.2599
69.5876
69.9152
70.2428
70.5702
70.8976
71.2249
71.5521
71.8791
72.2061
72.533
72.8598
73.1865
73.5131
73.8397
74.1661
74.4924
74.8186
75.1447
75.4707
75.7966
76.1224
76.4481
76.7737
77.0992
77.4246
77.7498
78.075
78.4001
78.725
79.0498
79.3746
79.6992
80.0236
80.348
80.6723
80.9964
81.3204
81.6443
81.9681
82.2918
82.6153
82.9387
83.262
83.5851
83.9081
84.231
84.5538
84.8764
85.1989
85.5213
85.8435
86.1656
86.4875
86.8093
87.131
87.4525
87.7738
88.095
88.4161
88.737
89.0578
89.3784
89.6988
90.0191
90.3392
90.6592
90.979
91.2986
91.6181
91.9374
92.2565
92.5754
92.8942
93.2127
93.5311
93.8493
94.1673
94.4852
94.8028
95.1202
95.4375
95.7545
96.0713
96.388
96.7044
97.0206
97.3365
97.6523
97.9678
98.2831
98.5982
98.913
99.2276
99.542
99.8561
100.17
100.484
100.797
101.11
101.423
101.735
102.048
102.36
102.671
102.983
103.294
103.605
103.915
104.225
104.535
104.845
105.154
105.463
105.772
106.08
106.388
106.696
107.003
107.31
107.617
107.923
108.229
108.535
108.84
109.145
109.449
109.753
110.057
110.359
110.662
110.964
111.265
111.566
111.867
112.167
112.467
112.766
113.065
113.363
113.66
113.958
114.254
114.55
114.846
115.141
115.435
115.729
116.022
116.314
116.606
116.898
117.189
117.479
117.768
118.057
118.345
118.632
118.919
119.205
119.491
119.775
120.059
120.342
120.625
120.907
121.187
121.468
121.747
122.026
122.304
122.581
122.857
123.132
123.407
123.681
123.954
124.226
124.498
124.768
125.038
125.307
125.575
125.842
126.108
126.374
126.639
126.903
127.166
127.428
127.69
127.95
128.21
128.469
128.728
128.985
129.242
129.498
129.753
130.008
130.262
130.515
130.767
131.019
131.27
131.521
131.771
132.02
132.269
132.517
132.765
133.012
133.259
133.505
133.751
133.996
134.241
134.485
134.73
134.974
135.217
135.461
135.704
135.946
136.189
136.431
136.674
136.916
137.158
137.4
137.641
137.883
138.125
138.366
138.608
138.849
139.091
139.333
139.574
139.816
140.058
140.3
140.542
140.784
141.026
141.269
141.511
141.754
141.997
142.24
142.483
142.727
142.97
143.214
143.458
143.702
143.947
144.192
144.437
144.682
144.927
145.173
145.419
145.665
145.912
146.159
146.406
146.653
146.9
147.148
147.396
147.645
147.893
148.142
148.392
148.641
148.891
149.141
149.391
149.642
149.893
150.144
150.396
150.648
150.9
151.152
151.405
151.658
151.911
152.165
152.418
152.673
152.927
153.182
153.437
153.692
153.948
154.204
154.46
154.716
154.973
155.23
155.488
155.745
156.003
156.262
156.52
156.779
157.039
157.298
157.558
157.818
158.078
158.339
158.6
158.861
159.123
159.385
159.647
159.91
160.173
160.436
160.699
160.963
161.227
161.491
161.756
162.021
162.286
162.552
162.818
163.084
163.35
163.617
163.884
164.152
164.42
164.688
164.956
165.225
165.494
165.763
166.033
166.303
166.573
166.843
167.114
167.385
167.657
167.929
168.201
168.473
168.746
169.019
169.292
169.566
169.84
170.114
170.389
170.664
170.939
171.215
171.491
171.767
172.043
172.32
172.597
172.875
173.153
173.431
173.709
173.988
174.267
174.546
174.826
175.106
175.386
175.667
175.948
176.229
176.511
176.793
177.075
177.358
177.641
177.924
178.208
178.492
178.776
179.061
179.345
179.631
179.916
180.202
180.488
180.775
181.062
181.349
181.636
181.924
182.212
182.501
182.79
183.079
183.368
183.658
183.948
184.239
184.53
184.821
185.112
185.404
185.696
185.989
186.282
186.575
186.868
187.162
187.456
187.751
188.046
188.341
188.636
188.932
189.228
189.525
189.822
190.119
190.416
190.714
191.012
191.311
191.61
191.909
192.209
192.509
192.809
193.109
193.41
193.712
194.013
194.315
194.617
194.92
195.223
195.526
195.83
196.134
196.438
196.743
197.048
197.354
197.659
197.965
198.272
198.579
198.886
199.193
199.501
199.809
200.118
200.427
200.736
201.045
201.355
201.665
201.976
202.287
202.598
202.91
203.222
203.534
203.847
204.16
204.474
204.787
205.102
205.416
205.731
206.046
206.362
206.678
206.994
207.31
207.627
207.945
208.262
208.581
208.899
209.218
209.537
209.856
210.176
210.496
210.817
211.138
211.459
211.781
212.103
212.425
212.748
213.071
213.394
213.718
214.042
214.367
214.692
215.017
215.343
215.669
215.995
216.322
216.649
216.976
217.304
217.632
217.961
218.29
218.619
218.949
219.279
219.609
219.94
220.271
220.602
220.934
221.266
221.599
221.932
222.265
222.599
222.933
223.268
223.602
223.938
224.273
224.609
224.945
225.282
225.619
225.957
226.294
226.633
226.971
227.31
227.649
227.989
228.329
228.67
229.011
229.352
229.693
230.035
230.378
230.72
231.063
231.407
231.751
232.095
232.439
232.784
233.13
233.476
233.822
234.168
234.515
234.862
235.21
235.558
235.907
236.255
236.605
236.954
237.304
237.654
238.005
238.356
238.708
239.06
239.412
239.765
240.118
240.471
240.825
241.179
241.534
241.889
242.244
242.6
242.956
243.313
243.67
244.027
244.385
244.743
245.101
245.46
245.82
246.179
246.539
246.9
247.261
247.622
247.984
248.346
248.708
249.071
249.434
249.798
250.162
250.527
250.892
251.257
251.622
251.989
252.355
252.722
253.089
253.457
253.825
254.193
254.562
254.931
255.301
255.671
256.042
256.412
256.784
257.155
257.527
257.9
258.273
258.646
259.019
259.394
259.768
260.143
260.518
260.894
261.27
261.646
262.023
262.4
262.777
263.155
263.533
263.912
264.291
264.67
265.05
265.43
265.81
266.19
266.571
266.953
267.334
267.716
268.098
268.481
268.863
269.246
269.629
270.013
270.396
270.78
271.164
271.548
271.933
272.317
272.702
273.087
273.472
273.857
274.242
274.628
275.013
275.399
275.784
276.17
276.556
276.942
277.327
277.713
278.099
278.485
278.871
279.258
279.644
280.03
280.416
280.803
281.19
281.576
281.963
282.35
282.737
283.125
283.512
283.901
284.288
284.677
285.066
285.455
285.845
286.235
286.625
287.016
287.407
287.8
288.192
288.586
288.979
289.374
289.769
290.165
290.561
290.959
291.357
291.756
292.155
292.556
292.957
293.36
293.763
294.167
294.571
294.977
295.383
295.791
296.199
296.608
297.018
297.428
297.84
298.252
298.666
299.079
299.494
299.91
300.326
300.743
301.161
301.579
301.999
302.418
302.839
303.26
303.682
304.105
304.528
304.952
305.377
305.802
306.227
306.654
307.08
307.508
307.936
308.364
308.794
309.223
309.653
310.084
310.515
310.947
311.379
311.812
312.245
312.679
313.113
313.548
313.983
314.418
314.854
315.291
315.728
316.165
316.603
317.041
317.48
317.919
318.359
318.799
319.239
319.68
320.121
320.563
321.005
321.447
321.889
322.332
322.776
323.219
323.663
324.107
324.551
324.995
325.439
325.883
326.327
326.77
327.214
327.657
328.099
328.541
328.982
329.423
329.863
330.301
330.739
331.176
331.611
332.046
332.479
332.912
333.343
333.774
334.203
334.632
335.061
335.489
335.917
336.345
336.773
337.201
337.63
338.06
338.49
338.922
339.354
339.788
340.222
340.658
341.095
341.534
341.974
342.415
342.857
343.301
343.746
)
;

boundaryField
{
    sides
    {
        type            calculated;
        value           nonuniform List<scalar> 2(344.192 -16.0293);
    }
    empty
    {
        type            empty;
    }
}


// ************************************************************************* //
