/*--------------------------------*- C++ -*----------------------------------*\
| =========                 |                                                 |
| \\      /  F ield         | OpenFOAM: The Open Source CFD Toolbox           |
|  \\    /   O peration     | Version:  2406                                  |
|   \\  /    A nd           | Website:  www.openfoam.com                      |
|    \\/     M anipulation  |                                                 |
\*---------------------------------------------------------------------------*/
FoamFile
{
    version     2.0;
    format      ascii;
    arch        "LSB;label=32;scalar=64";
    class       volScalarField;
    location    "0.036";
    object      T;
}
// * * * * * * * * * * * * * * * * * * * * * * * * * * * * * * * * * * * * * //

dimensions      [0 0 0 1 0 0 0];

internalField   nonuniform List<scalar> 
1000
(
199.637
199.654
199.681
199.708
199.736
199.763
199.79
199.818
199.847
199.875
199.901
199.926
199.952
199.979
200.007
200.037
200.065
200.092
200.116
200.138
200.159
200.182
200.206
200.233
200.263
200.293
200.324
200.353
200.379
200.401
200.419
200.433
200.442
200.447
200.45
200.451
200.451
200.451
200.451
200.448
200.442
200.433
200.425
200.415
200.406
200.397
200.388
200.378
200.369
200.36
200.351
200.341
200.332
200.322
200.314
200.304
200.296
200.285
200.278
200.266
200.26
200.248
200.242
200.23
200.224
200.211
200.205
200.193
200.187
200.176
200.168
200.159
200.148
200.141
200.13
200.122
200.113
200.103
200.095
200.085
200.076
200.068
200.058
200.05
200.041
200.031
200.023
200.013
200.004
199.996
199.986
199.977
199.969
199.959
199.95
199.942
199.933
199.923
199.915
199.906
199.897
199.888
199.879
199.87
199.861
199.852
199.843
199.835
199.826
199.817
199.808
199.799
199.79
199.781
199.773
199.764
199.755
199.746
199.737
199.729
199.72
199.711
199.702
199.694
199.685
199.676
199.668
199.659
199.65
199.642
199.633
199.624
199.616
199.607
199.598
199.59
199.581
199.573
199.564
199.555
199.547
199.538
199.53
199.521
199.513
199.504
199.496
199.487
199.479
199.47
199.462
199.454
199.445
199.437
199.429
199.42
199.412
199.404
199.395
199.387
199.379
199.371
199.362
199.354
199.346
199.338
199.33
199.321
199.313
199.305
199.297
199.289
199.281
199.273
199.265
199.257
199.249
199.241
199.233
199.226
199.218
199.21
199.202
199.194
199.187
199.179
199.171
199.163
199.156
199.148
199.141
199.133
199.126
199.118
199.111
199.103
199.096
199.088
199.081
199.074
199.067
199.059
199.052
199.045
199.038
199.031
199.024
199.017
199.01
199.003
198.996
198.989
198.982
198.976
198.969
198.962
198.956
198.949
198.943
198.936
198.93
198.923
198.917
198.911
198.905
198.898
198.892
198.886
198.88
198.874
198.869
198.863
198.857
198.851
198.846
198.84
198.835
198.83
198.824
198.819
198.814
198.809
198.804
198.799
198.794
198.789
198.785
198.78
198.776
198.771
198.767
198.763
198.759
198.755
198.751
198.747
198.744
198.74
198.737
198.733
198.73
198.727
198.724
198.722
198.719
198.716
198.714
198.712
198.709
198.707
198.706
198.704
198.702
198.701
198.7
198.699
198.698
198.697
198.697
198.696
198.696
198.696
198.696
198.696
198.697
198.697
198.698
198.699
198.701
198.703
198.704
198.707
198.709
198.712
198.715
198.718
198.721
198.725
198.729
198.733
198.737
198.742
198.747
198.753
198.758
198.764
198.771
198.777
198.784
198.791
198.799
198.807
198.815
198.824
198.833
198.843
198.853
198.863
198.874
198.885
198.896
198.908
198.92
198.933
198.946
198.96
198.974
198.988
199.003
199.019
199.035
199.051
199.068
199.086
199.104
199.122
199.141
199.16
199.18
199.201
199.222
199.243
199.265
199.288
199.311
199.334
199.359
199.383
199.409
199.434
199.461
199.487
199.515
199.543
199.571
199.6
199.629
199.659
199.69
199.721
199.752
199.784
199.817
199.85
199.883
199.917
199.951
199.986
200.021
200.057
200.093
200.13
200.167
200.204
200.242
200.28
200.318
200.357
200.396
200.435
200.475
200.515
200.555
200.596
200.637
200.678
200.719
200.761
200.803
200.845
200.887
200.929
200.972
201.015
201.058
201.101
201.144
201.188
201.231
201.275
201.319
201.363
201.407
201.451
201.495
201.54
201.584
201.629
201.673
201.718
201.763
201.807
201.852
201.897
201.942
201.987
202.032
202.077
202.123
202.168
202.213
202.258
202.304
202.349
202.394
202.44
202.485
202.531
202.576
202.622
202.667
202.713
202.758
202.804
202.85
202.895
202.941
202.987
203.033
203.078
203.124
203.17
203.216
203.262
203.307
203.353
203.399
203.445
203.491
203.537
203.583
203.629
203.675
203.721
203.767
203.813
203.859
203.905
203.952
203.998
204.044
204.09
204.136
204.182
204.229
204.275
204.321
204.368
204.414
204.46
204.506
204.553
204.599
204.646
204.692
204.739
204.785
204.831
204.878
204.924
204.971
205.018
205.064
205.111
205.157
205.204
205.251
205.297
205.344
205.391
205.437
205.484
205.531
205.578
205.624
205.671
205.718
205.765
205.812
205.859
205.905
205.952
205.999
206.046
206.093
206.14
206.187
206.234
206.281
206.328
206.375
206.423
206.47
206.517
206.564
206.611
206.658
206.706
206.753
206.8
206.847
206.895
206.942
206.989
207.037
207.084
207.131
207.179
207.226
207.274
207.321
207.369
207.416
207.464
207.511
207.559
207.606
207.654
207.701
207.749
207.797
207.844
207.892
207.94
207.987
208.035
208.083
208.131
208.178
208.226
208.274
208.322
208.37
208.418
208.465
208.513
208.561
208.609
208.657
208.705
208.753
208.801
208.849
208.897
208.945
208.993
209.041
209.09
209.138
209.186
209.234
209.282
209.33
209.379
209.427
209.475
209.523
209.572
209.62
209.668
209.717
209.765
209.813
209.862
209.91
209.959
210.007
210.056
210.104
210.153
210.201
210.25
210.298
210.347
210.396
210.444
210.493
210.542
210.59
210.639
210.688
210.737
210.785
210.834
210.883
210.932
210.981
211.029
211.078
211.127
211.176
211.225
211.274
211.323
211.372
211.421
211.47
211.519
211.568
211.617
211.666
211.715
211.764
211.814
211.863
211.912
211.961
212.01
212.06
212.109
212.158
212.208
212.257
212.306
212.356
212.405
212.454
212.504
212.553
212.603
212.652
212.701
212.751
212.801
212.85
212.9
212.949
212.999
213.048
213.098
213.148
213.197
213.247
213.297
213.346
213.396
213.446
213.496
213.545
213.595
213.645
213.695
213.745
213.795
213.845
213.895
213.944
213.994
214.044
214.094
214.144
214.194
214.244
214.295
214.345
214.395
214.445
214.495
214.545
214.595
214.645
214.696
214.746
214.796
214.846
214.897
214.947
214.997
215.048
215.098
215.148
215.199
215.249
215.3
215.35
215.4
215.451
215.501
215.552
215.602
215.653
215.704
215.754
215.805
215.855
215.906
215.957
216.007
216.058
216.109
216.159
216.21
216.261
216.312
216.363
216.413
216.464
216.515
216.566
216.617
216.668
216.719
216.77
216.82
216.871
216.922
216.973
217.024
217.076
217.127
217.178
217.229
217.28
217.331
217.382
217.433
217.484
217.536
217.587
217.638
217.689
217.741
217.792
217.843
217.894
217.946
217.997
218.048
218.1
218.151
218.203
218.254
218.305
218.357
218.408
218.46
218.511
218.563
218.614
218.666
218.718
218.769
218.821
218.872
218.924
218.976
219.027
219.079
219.131
219.182
219.234
219.286
219.338
219.389
219.441
219.493
219.545
219.596
219.648
219.7
219.752
219.804
219.856
219.908
219.96
220.012
220.064
220.116
220.168
220.22
220.272
220.324
220.376
220.428
220.48
220.532
220.584
220.637
220.689
220.741
220.794
220.846
220.898
220.951
221.003
221.056
221.108
221.161
221.214
221.267
221.319
221.372
221.425
221.478
221.532
221.585
221.638
221.692
221.745
221.799
221.853
221.907
221.961
222.016
222.07
222.125
222.18
222.235
222.29
222.346
222.402
222.458
222.514
222.571
222.628
222.685
222.742
222.801
222.858
222.917
222.975
223.035
223.093
223.154
223.212
223.274
223.333
223.396
223.455
223.519
223.578
223.643
223.702
223.768
223.827
223.895
223.953
224.022
224.08
224.15
224.207
224.279
224.335
224.408
224.463
224.538
224.592
224.667
224.72
224.797
224.848
224.925
224.976
225.054
225.103
225.182
225.229
225.309
225.355
225.434
225.48
225.559
225.603
225.683
225.726
225.806
225.847
225.927
225.968
226.047
226.087
226.166
226.205
226.283
226.322
226.399
226.438
226.515
226.553
226.629
226.667
226.743
226.78
226.855
226.893
226.967
227.004
227.079
227.115
227.189
227.226
227.299
227.336
227.409
227.445
227.518
227.554
227.627
227.663
227.735
227.771
227.843
227.879
227.951
227.987
228.059
228.095
228.167
228.203
228.275
228.31
228.382
228.418
228.49
228.526
228.597
228.633
228.705
228.741
228.812
228.848
228.92
228.956
229.028
229.064
229.136
229.172
229.244
229.28
229.353
229.389
229.462
229.499
229.572
229.609
229.683
229.72
229.795
229.833
229.91
229.949
230.026
230.066
230.146
230.187
230.27
230.312
230.398
230.442
230.531
230.577
230.67
230.718
230.815
230.865
230.965
231.017
231.121
231.174
231.28
231.335
231.444
231.499
231.609
231.665
231.775
231.831
231.941
231.996
232.106
232.16
232.269
232.322
232.429
232.482
232.587
232.638
232.749
232.783
232.922
)
;

boundaryField
{
    sides
    {
        type            zeroGradient;
    }
    empty
    {
        type            empty;
    }
}


// ************************************************************************* //
