/*--------------------------------*- C++ -*----------------------------------*\
| =========                 |                                                 |
| \\      /  F ield         | OpenFOAM: The Open Source CFD Toolbox           |
|  \\    /   O peration     | Version:  2406                                  |
|   \\  /    A nd           | Website:  www.openfoam.com                      |
|    \\/     M anipulation  |                                                 |
\*---------------------------------------------------------------------------*/
FoamFile
{
    version     2.0;
    format      ascii;
    arch        "LSB;label=32;scalar=64";
    class       volVectorField;
    location    "0.036";
    object      U;
}
// * * * * * * * * * * * * * * * * * * * * * * * * * * * * * * * * * * * * * //

dimensions      [0 1 -1 0 0 0 0];

internalField   nonuniform List<vector> 
1000
(
(15.7908 0 0)
(16.1682 0 0)
(16.6138 0 0)
(16.9794 0 0)
(17.306 0 0)
(17.6332 0 0)
(17.968 0 0)
(18.3058 0 0)
(18.6433 0 0)
(18.9801 0 0)
(19.3168 0 0)
(19.6534 0 0)
(19.9902 0 0)
(20.327 0 0)
(20.6639 0 0)
(21.0008 0 0)
(21.3377 0 0)
(21.6747 0 0)
(22.0117 0 0)
(22.3487 0 0)
(22.6856 0 0)
(23.0226 0 0)
(23.3597 0 0)
(23.6967 0 0)
(24.0338 0 0)
(24.371 0 0)
(24.7082 0 0)
(25.0454 0 0)
(25.3827 0 0)
(25.72 0 0)
(26.0574 0 0)
(26.3947 0 0)
(26.7321 0 0)
(27.0694 0 0)
(27.4068 0 0)
(27.7442 0 0)
(28.0816 0 0)
(28.419 0 0)
(28.7565 0 0)
(29.0939 0 0)
(29.4315 0 0)
(29.7691 0 0)
(30.1066 0 0)
(30.4442 0 0)
(30.7817 0 0)
(31.1193 0 0)
(31.4569 0 0)
(31.7946 0 0)
(32.1323 0 0)
(32.4699 0 0)
(32.8076 0 0)
(33.1454 0 0)
(33.4831 0 0)
(33.8209 0 0)
(34.1586 0 0)
(34.4964 0 0)
(34.8343 0 0)
(35.1721 0 0)
(35.51 0 0)
(35.8478 0 0)
(36.1857 0 0)
(36.5236 0 0)
(36.8616 0 0)
(37.1995 0 0)
(37.5375 0 0)
(37.8754 0 0)
(38.2134 0 0)
(38.5515 0 0)
(38.8895 0 0)
(39.2275 0 0)
(39.5656 0 0)
(39.9036 0 0)
(40.2417 0 0)
(40.5798 0 0)
(40.9179 0 0)
(41.2561 0 0)
(41.5942 0 0)
(41.9324 0 0)
(42.2705 0 0)
(42.6087 0 0)
(42.9469 0 0)
(43.2851 0 0)
(43.6233 0 0)
(43.9615 0 0)
(44.2998 0 0)
(44.638 0 0)
(44.9763 0 0)
(45.3145 0 0)
(45.6528 0 0)
(45.9911 0 0)
(46.3294 0 0)
(46.6677 0 0)
(47.006 0 0)
(47.3443 0 0)
(47.6826 0 0)
(48.021 0 0)
(48.3593 0 0)
(48.6976 0 0)
(49.036 0 0)
(49.3743 0 0)
(49.7127 0 0)
(50.0511 0 0)
(50.3894 0 0)
(50.7278 0 0)
(51.0662 0 0)
(51.4046 0 0)
(51.7429 0 0)
(52.0813 0 0)
(52.4197 0 0)
(52.7581 0 0)
(53.0965 0 0)
(53.4348 0 0)
(53.7732 0 0)
(54.1116 0 0)
(54.45 0 0)
(54.7883 0 0)
(55.1267 0 0)
(55.4651 0 0)
(55.8035 0 0)
(56.1418 0 0)
(56.4802 0 0)
(56.8185 0 0)
(57.1569 0 0)
(57.4952 0 0)
(57.8335 0 0)
(58.1719 0 0)
(58.5102 0 0)
(58.8485 0 0)
(59.1868 0 0)
(59.5251 0 0)
(59.8634 0 0)
(60.2016 0 0)
(60.5399 0 0)
(60.8781 0 0)
(61.2163 0 0)
(61.5546 0 0)
(61.8928 0 0)
(62.2309 0 0)
(62.5691 0 0)
(62.9073 0 0)
(63.2454 0 0)
(63.5835 0 0)
(63.9216 0 0)
(64.2597 0 0)
(64.5977 0 0)
(64.9358 0 0)
(65.2738 0 0)
(65.6118 0 0)
(65.9497 0 0)
(66.2877 0 0)
(66.6256 0 0)
(66.9634 0 0)
(67.3013 0 0)
(67.6391 0 0)
(67.9769 0 0)
(68.3147 0 0)
(68.6524 0 0)
(68.9901 0 0)
(69.3278 0 0)
(69.6654 0 0)
(70.003 0 0)
(70.3406 0 0)
(70.6781 0 0)
(71.0156 0 0)
(71.353 0 0)
(71.6904 0 0)
(72.0278 0 0)
(72.3651 0 0)
(72.7024 0 0)
(73.0396 0 0)
(73.3768 0 0)
(73.7139 0 0)
(74.051 0 0)
(74.388 0 0)
(74.725 0 0)
(75.0619 0 0)
(75.3988 0 0)
(75.7356 0 0)
(76.0723 0 0)
(76.409 0 0)
(76.7456 0 0)
(77.0822 0 0)
(77.4187 0 0)
(77.7551 0 0)
(78.0915 0 0)
(78.4278 0 0)
(78.764 0 0)
(79.1001 0 0)
(79.4362 0 0)
(79.7722 0 0)
(80.1081 0 0)
(80.4439 0 0)
(80.7797 0 0)
(81.1153 0 0)
(81.4509 0 0)
(81.7864 0 0)
(82.1218 0 0)
(82.4571 0 0)
(82.7923 0 0)
(83.1274 0 0)
(83.4624 0 0)
(83.7973 0 0)
(84.1321 0 0)
(84.4668 0 0)
(84.8014 0 0)
(85.1358 0 0)
(85.4702 0 0)
(85.8044 0 0)
(86.1385 0 0)
(86.4725 0 0)
(86.8064 0 0)
(87.1401 0 0)
(87.4737 0 0)
(87.8071 0 0)
(88.1405 0 0)
(88.4736 0 0)
(88.8067 0 0)
(89.1396 0 0)
(89.4723 0 0)
(89.8049 0 0)
(90.1373 0 0)
(90.4695 0 0)
(90.8016 0 0)
(91.1336 0 0)
(91.4653 0 0)
(91.7969 0 0)
(92.1282 0 0)
(92.4594 0 0)
(92.7904 0 0)
(93.1212 0 0)
(93.4518 0 0)
(93.7822 0 0)
(94.1124 0 0)
(94.4424 0 0)
(94.7722 0 0)
(95.1017 0 0)
(95.431 0 0)
(95.7601 0 0)
(96.0889 0 0)
(96.4175 0 0)
(96.7458 0 0)
(97.0739 0 0)
(97.4017 0 0)
(97.7292 0 0)
(98.0565 0 0)
(98.3834 0 0)
(98.7101 0 0)
(99.0365 0 0)
(99.3626 0 0)
(99.6884 0 0)
(100.014 0 0)
(100.339 0 0)
(100.664 0 0)
(100.988 0 0)
(101.312 0 0)
(101.636 0 0)
(101.959 0 0)
(102.282 0 0)
(102.605 0 0)
(102.927 0 0)
(103.249 0 0)
(103.571 0 0)
(103.892 0 0)
(104.212 0 0)
(104.532 0 0)
(104.852 0 0)
(105.171 0 0)
(105.49 0 0)
(105.808 0 0)
(106.126 0 0)
(106.443 0 0)
(106.76 0 0)
(107.076 0 0)
(107.392 0 0)
(107.707 0 0)
(108.022 0 0)
(108.336 0 0)
(108.65 0 0)
(108.963 0 0)
(109.275 0 0)
(109.587 0 0)
(109.898 0 0)
(110.209 0 0)
(110.52 0 0)
(110.83 0 0)
(111.138 0 0)
(111.446 0 0)
(111.753 0 0)
(112.059 0 0)
(112.364 0 0)
(112.669 0 0)
(112.972 0 0)
(113.275 0 0)
(113.577 0 0)
(113.879 0 0)
(114.179 0 0)
(114.478 0 0)
(114.777 0 0)
(115.074 0 0)
(115.371 0 0)
(115.667 0 0)
(115.962 0 0)
(116.255 0 0)
(116.548 0 0)
(116.84 0 0)
(117.13 0 0)
(117.419 0 0)
(117.708 0 0)
(117.995 0 0)
(118.281 0 0)
(118.566 0 0)
(118.849 0 0)
(119.132 0 0)
(119.413 0 0)
(119.693 0 0)
(119.971 0 0)
(120.249 0 0)
(120.524 0 0)
(120.799 0 0)
(121.072 0 0)
(121.344 0 0)
(121.614 0 0)
(121.883 0 0)
(122.15 0 0)
(122.416 0 0)
(122.68 0 0)
(122.943 0 0)
(123.204 0 0)
(123.464 0 0)
(123.721 0 0)
(123.978 0 0)
(124.232 0 0)
(124.485 0 0)
(124.737 0 0)
(124.986 0 0)
(125.234 0 0)
(125.48 0 0)
(125.724 0 0)
(125.967 0 0)
(126.208 0 0)
(126.447 0 0)
(126.684 0 0)
(126.919 0 0)
(127.153 0 0)
(127.385 0 0)
(127.615 0 0)
(127.843 0 0)
(128.069 0 0)
(128.293 0 0)
(128.516 0 0)
(128.737 0 0)
(128.956 0 0)
(129.173 0 0)
(129.388 0 0)
(129.602 0 0)
(129.814 0 0)
(130.024 0 0)
(130.232 0 0)
(130.439 0 0)
(130.644 0 0)
(130.847 0 0)
(131.048 0 0)
(131.248 0 0)
(131.446 0 0)
(131.643 0 0)
(131.838 0 0)
(132.032 0 0)
(132.224 0 0)
(132.414 0 0)
(132.603 0 0)
(132.791 0 0)
(132.978 0 0)
(133.163 0 0)
(133.346 0 0)
(133.529 0 0)
(133.71 0 0)
(133.89 0 0)
(134.069 0 0)
(134.247 0 0)
(134.424 0 0)
(134.6 0 0)
(134.775 0 0)
(134.949 0 0)
(135.122 0 0)
(135.294 0 0)
(135.465 0 0)
(135.636 0 0)
(135.806 0 0)
(135.975 0 0)
(136.144 0 0)
(136.311 0 0)
(136.479 0 0)
(136.646 0 0)
(136.812 0 0)
(136.977 0 0)
(137.143 0 0)
(137.307 0 0)
(137.472 0 0)
(137.636 0 0)
(137.8 0 0)
(137.963 0 0)
(138.126 0 0)
(138.289 0 0)
(138.451 0 0)
(138.613 0 0)
(138.775 0 0)
(138.937 0 0)
(139.099 0 0)
(139.26 0 0)
(139.422 0 0)
(139.583 0 0)
(139.744 0 0)
(139.905 0 0)
(140.066 0 0)
(140.227 0 0)
(140.388 0 0)
(140.548 0 0)
(140.709 0 0)
(140.869 0 0)
(141.03 0 0)
(141.19 0 0)
(141.351 0 0)
(141.511 0 0)
(141.672 0 0)
(141.832 0 0)
(141.993 0 0)
(142.153 0 0)
(142.314 0 0)
(142.474 0 0)
(142.634 0 0)
(142.795 0 0)
(142.955 0 0)
(143.116 0 0)
(143.277 0 0)
(143.437 0 0)
(143.598 0 0)
(143.758 0 0)
(143.919 0 0)
(144.08 0 0)
(144.24 0 0)
(144.401 0 0)
(144.562 0 0)
(144.723 0 0)
(144.884 0 0)
(145.045 0 0)
(145.206 0 0)
(145.367 0 0)
(145.528 0 0)
(145.689 0 0)
(145.85 0 0)
(146.011 0 0)
(146.172 0 0)
(146.333 0 0)
(146.495 0 0)
(146.656 0 0)
(146.817 0 0)
(146.979 0 0)
(147.14 0 0)
(147.302 0 0)
(147.463 0 0)
(147.625 0 0)
(147.786 0 0)
(147.948 0 0)
(148.11 0 0)
(148.271 0 0)
(148.433 0 0)
(148.595 0 0)
(148.757 0 0)
(148.919 0 0)
(149.081 0 0)
(149.243 0 0)
(149.405 0 0)
(149.567 0 0)
(149.729 0 0)
(149.891 0 0)
(150.053 0 0)
(150.216 0 0)
(150.378 0 0)
(150.54 0 0)
(150.702 0 0)
(150.865 0 0)
(151.027 0 0)
(151.19 0 0)
(151.352 0 0)
(151.515 0 0)
(151.678 0 0)
(151.84 0 0)
(152.003 0 0)
(152.166 0 0)
(152.329 0 0)
(152.491 0 0)
(152.654 0 0)
(152.817 0 0)
(152.98 0 0)
(153.143 0 0)
(153.306 0 0)
(153.469 0 0)
(153.632 0 0)
(153.796 0 0)
(153.959 0 0)
(154.122 0 0)
(154.285 0 0)
(154.449 0 0)
(154.612 0 0)
(154.775 0 0)
(154.939 0 0)
(155.102 0 0)
(155.266 0 0)
(155.43 0 0)
(155.593 0 0)
(155.757 0 0)
(155.921 0 0)
(156.084 0 0)
(156.248 0 0)
(156.412 0 0)
(156.576 0 0)
(156.74 0 0)
(156.904 0 0)
(157.068 0 0)
(157.232 0 0)
(157.396 0 0)
(157.56 0 0)
(157.724 0 0)
(157.889 0 0)
(158.053 0 0)
(158.217 0 0)
(158.381 0 0)
(158.546 0 0)
(158.71 0 0)
(158.875 0 0)
(159.039 0 0)
(159.204 0 0)
(159.369 0 0)
(159.533 0 0)
(159.698 0 0)
(159.863 0 0)
(160.027 0 0)
(160.192 0 0)
(160.357 0 0)
(160.522 0 0)
(160.687 0 0)
(160.852 0 0)
(161.017 0 0)
(161.182 0 0)
(161.347 0 0)
(161.512 0 0)
(161.677 0 0)
(161.843 0 0)
(162.008 0 0)
(162.173 0 0)
(162.339 0 0)
(162.504 0 0)
(162.669 0 0)
(162.835 0 0)
(163.001 0 0)
(163.166 0 0)
(163.332 0 0)
(163.497 0 0)
(163.663 0 0)
(163.829 0 0)
(163.995 0 0)
(164.16 0 0)
(164.326 0 0)
(164.492 0 0)
(164.658 0 0)
(164.824 0 0)
(164.99 0 0)
(165.156 0 0)
(165.322 0 0)
(165.488 0 0)
(165.655 0 0)
(165.821 0 0)
(165.987 0 0)
(166.153 0 0)
(166.32 0 0)
(166.486 0 0)
(166.653 0 0)
(166.819 0 0)
(166.986 0 0)
(167.152 0 0)
(167.319 0 0)
(167.485 0 0)
(167.652 0 0)
(167.819 0 0)
(167.986 0 0)
(168.152 0 0)
(168.319 0 0)
(168.486 0 0)
(168.653 0 0)
(168.82 0 0)
(168.987 0 0)
(169.154 0 0)
(169.321 0 0)
(169.488 0 0)
(169.656 0 0)
(169.823 0 0)
(169.99 0 0)
(170.157 0 0)
(170.325 0 0)
(170.492 0 0)
(170.66 0 0)
(170.827 0 0)
(170.994 0 0)
(171.162 0 0)
(171.33 0 0)
(171.497 0 0)
(171.665 0 0)
(171.833 0 0)
(172 0 0)
(172.168 0 0)
(172.336 0 0)
(172.504 0 0)
(172.672 0 0)
(172.84 0 0)
(173.008 0 0)
(173.176 0 0)
(173.344 0 0)
(173.512 0 0)
(173.68 0 0)
(173.848 0 0)
(174.017 0 0)
(174.185 0 0)
(174.353 0 0)
(174.521 0 0)
(174.69 0 0)
(174.858 0 0)
(175.027 0 0)
(175.195 0 0)
(175.364 0 0)
(175.532 0 0)
(175.701 0 0)
(175.87 0 0)
(176.038 0 0)
(176.207 0 0)
(176.376 0 0)
(176.545 0 0)
(176.714 0 0)
(176.883 0 0)
(177.052 0 0)
(177.221 0 0)
(177.39 0 0)
(177.559 0 0)
(177.728 0 0)
(177.897 0 0)
(178.066 0 0)
(178.235 0 0)
(178.405 0 0)
(178.574 0 0)
(178.743 0 0)
(178.913 0 0)
(179.082 0 0)
(179.252 0 0)
(179.421 0 0)
(179.591 0 0)
(179.76 0 0)
(179.93 0 0)
(180.1 0 0)
(180.269 0 0)
(180.439 0 0)
(180.609 0 0)
(180.779 0 0)
(180.949 0 0)
(181.118 0 0)
(181.288 0 0)
(181.458 0 0)
(181.628 0 0)
(181.798 0 0)
(181.969 0 0)
(182.139 0 0)
(182.309 0 0)
(182.479 0 0)
(182.649 0 0)
(182.82 0 0)
(182.99 0 0)
(183.16 0 0)
(183.331 0 0)
(183.501 0 0)
(183.672 0 0)
(183.842 0 0)
(184.013 0 0)
(184.183 0 0)
(184.354 0 0)
(184.525 0 0)
(184.695 0 0)
(184.866 0 0)
(185.037 0 0)
(185.208 0 0)
(185.379 0 0)
(185.55 0 0)
(185.721 0 0)
(185.892 0 0)
(186.063 0 0)
(186.234 0 0)
(186.405 0 0)
(186.576 0 0)
(186.747 0 0)
(186.918 0 0)
(187.09 0 0)
(187.261 0 0)
(187.432 0 0)
(187.604 0 0)
(187.775 0 0)
(187.946 0 0)
(188.118 0 0)
(188.289 0 0)
(188.461 0 0)
(188.633 0 0)
(188.804 0 0)
(188.976 0 0)
(189.148 0 0)
(189.319 0 0)
(189.491 0 0)
(189.663 0 0)
(189.835 0 0)
(190.007 0 0)
(190.179 0 0)
(190.351 0 0)
(190.523 0 0)
(190.695 0 0)
(190.867 0 0)
(191.039 0 0)
(191.211 0 0)
(191.383 0 0)
(191.556 0 0)
(191.728 0 0)
(191.9 0 0)
(192.072 0 0)
(192.245 0 0)
(192.417 0 0)
(192.59 0 0)
(192.762 0 0)
(192.935 0 0)
(193.107 0 0)
(193.28 0 0)
(193.453 0 0)
(193.625 0 0)
(193.798 0 0)
(193.971 0 0)
(194.143 0 0)
(194.316 0 0)
(194.489 0 0)
(194.662 0 0)
(194.835 0 0)
(195.008 0 0)
(195.181 0 0)
(195.354 0 0)
(195.527 0 0)
(195.7 0 0)
(195.873 0 0)
(196.047 0 0)
(196.22 0 0)
(196.393 0 0)
(196.566 0 0)
(196.74 0 0)
(196.913 0 0)
(197.086 0 0)
(197.26 0 0)
(197.433 0 0)
(197.607 0 0)
(197.78 0 0)
(197.954 0 0)
(198.127 0 0)
(198.301 0 0)
(198.475 0 0)
(198.649 0 0)
(198.822 0 0)
(198.996 0 0)
(199.17 0 0)
(199.344 0 0)
(199.518 0 0)
(199.692 0 0)
(199.865 0 0)
(200.039 0 0)
(200.213 0 0)
(200.388 0 0)
(200.562 0 0)
(200.736 0 0)
(200.91 0 0)
(201.084 0 0)
(201.258 0 0)
(201.433 0 0)
(201.607 0 0)
(201.781 0 0)
(201.955 0 0)
(202.13 0 0)
(202.304 0 0)
(202.479 0 0)
(202.653 0 0)
(202.827 0 0)
(203.002 0 0)
(203.176 0 0)
(203.351 0 0)
(203.525 0 0)
(203.7 0 0)
(203.874 0 0)
(204.049 0 0)
(204.223 0 0)
(204.397 0 0)
(204.572 0 0)
(204.746 0 0)
(204.92 0 0)
(205.095 0 0)
(205.269 0 0)
(205.443 0 0)
(205.617 0 0)
(205.791 0 0)
(205.965 0 0)
(206.139 0 0)
(206.312 0 0)
(206.486 0 0)
(206.659 0 0)
(206.832 0 0)
(207.005 0 0)
(207.178 0 0)
(207.35 0 0)
(207.523 0 0)
(207.695 0 0)
(207.866 0 0)
(208.038 0 0)
(208.209 0 0)
(208.379 0 0)
(208.549 0 0)
(208.719 0 0)
(208.888 0 0)
(209.057 0 0)
(209.225 0 0)
(209.393 0 0)
(209.56 0 0)
(209.726 0 0)
(209.892 0 0)
(210.057 0 0)
(210.221 0 0)
(210.384 0 0)
(210.547 0 0)
(210.709 0 0)
(210.87 0 0)
(211.03 0 0)
(211.19 0 0)
(211.348 0 0)
(211.505 0 0)
(211.662 0 0)
(211.817 0 0)
(211.972 0 0)
(212.125 0 0)
(212.278 0 0)
(212.43 0 0)
(212.58 0 0)
(212.73 0 0)
(212.879 0 0)
(213.026 0 0)
(213.173 0 0)
(213.319 0 0)
(213.464 0 0)
(213.609 0 0)
(213.753 0 0)
(213.895 0 0)
(214.038 0 0)
(214.179 0 0)
(214.321 0 0)
(214.461 0 0)
(214.602 0 0)
(214.742 0 0)
(214.881 0 0)
(215.021 0 0)
(215.161 0 0)
(215.3 0 0)
(215.44 0 0)
(215.579 0 0)
(215.719 0 0)
(215.86 0 0)
(216 0 0)
(216.141 0 0)
(216.283 0 0)
(216.425 0 0)
(216.568 0 0)
(216.711 0 0)
(216.856 0 0)
(217.001 0 0)
(217.147 0 0)
(217.294 0 0)
(217.442 0 0)
(217.591 0 0)
(217.741 0 0)
(217.892 0 0)
(218.044 0 0)
(218.197 0 0)
(218.351 0 0)
(218.506 0 0)
(218.662 0 0)
(218.82 0 0)
(218.978 0 0)
(219.137 0 0)
(219.298 0 0)
(219.46 0 0)
(219.622 0 0)
(219.786 0 0)
(219.95 0 0)
(220.116 0 0)
(220.282 0 0)
(220.449 0 0)
(220.617 0 0)
(220.786 0 0)
(220.956 0 0)
(221.126 0 0)
(221.297 0 0)
(221.469 0 0)
(221.641 0 0)
(221.814 0 0)
(221.988 0 0)
(222.162 0 0)
(222.337 0 0)
(222.512 0 0)
(222.688 0 0)
(222.864 0 0)
(223.041 0 0)
(223.218 0 0)
(223.395 0 0)
(223.573 0 0)
(223.751 0 0)
(223.93 0 0)
(224.109 0 0)
(224.288 0 0)
(224.467 0 0)
(224.646 0 0)
(224.826 0 0)
(225.006 0 0)
(225.186 0 0)
(225.367 0 0)
(225.547 0 0)
(225.728 0 0)
(225.908 0 0)
(226.089 0 0)
(226.27 0 0)
(226.451 0 0)
(226.632 0 0)
(226.814 0 0)
(226.995 0 0)
(227.176 0 0)
(227.357 0 0)
(227.539 0 0)
(227.72 0 0)
(227.901 0 0)
(228.082 0 0)
(228.264 0 0)
(228.445 0 0)
(228.626 0 0)
(228.806 0 0)
(228.987 0 0)
(229.168 0 0)
(229.348 0 0)
(229.527 0 0)
(229.707 0 0)
(229.886 0 0)
(230.064 0 0)
(230.241 0 0)
(230.418 0 0)
(230.594 0 0)
(230.768 0 0)
(230.941 0 0)
(231.112 0 0)
(231.282 0 0)
(231.449 0 0)
(231.614 0 0)
(231.777 0 0)
(231.936 0 0)
(232.092 0 0)
(232.244 0 0)
(232.393 0 0)
(232.538 0 0)
(232.678 0 0)
(232.814 0 0)
(232.945 0 0)
(233.072 0 0)
(233.194 0 0)
(233.311 0 0)
(233.424 0 0)
(233.533 0 0)
(233.638 0 0)
(233.739 0 0)
(233.837 0 0)
(233.932 0 0)
(234.025 0 0)
(234.116 0 0)
(234.205 0 0)
(234.294 0 0)
(234.383 0 0)
(234.472 0 0)
(234.561 0 0)
(234.652 0 0)
(234.744 0 0)
(234.838 0 0)
(234.933 0 0)
(235.031 0 0)
(235.131 0 0)
(235.233 0 0)
(235.337 0 0)
(235.446 0 0)
(235.556 0 0)
(235.671 0 0)
(235.951 0 0)
)
;

boundaryField
{
    sides
    {
        type            zeroGradient;
    }
    empty
    {
        type            empty;
    }
}


// ************************************************************************* //
