/*--------------------------------*- C++ -*----------------------------------*\
| =========                 |                                                 |
| \\      /  F ield         | OpenFOAM: The Open Source CFD Toolbox           |
|  \\    /   O peration     | Version:  2406                                  |
|   \\  /    A nd           | Website:  www.openfoam.com                      |
|    \\/     M anipulation  |                                                 |
\*---------------------------------------------------------------------------*/
FoamFile
{
    version     2.0;
    format      ascii;
    arch        "LSB;label=32;scalar=64";
    class       volScalarField;
    location    "0.019";
    object      mag(U);
}
// * * * * * * * * * * * * * * * * * * * * * * * * * * * * * * * * * * * * * //

dimensions      [0 1 -1 0 0 0 0];

internalField   nonuniform List<scalar> 
1000
(
5.94012
7.07965
7.87047
8.57656
9.31897
10.0816
10.842
11.5982
12.3539
13.1103
13.8672
14.624
15.381
16.138
16.8952
17.6525
18.4099
19.1674
19.925
20.6827
21.4405
22.1985
22.9565
23.7147
24.473
25.2313
25.9898
26.7484
27.5071
28.2659
29.0249
29.7839
30.543
31.3022
32.0615
32.821
33.5805
34.3401
35.0999
35.8597
36.6196
37.3796
38.1398
38.9
39.6603
40.4207
41.1812
41.9418
42.7025
43.4632
44.2241
44.985
45.7461
46.5072
47.2684
48.0297
48.7911
49.5525
50.3141
51.0757
51.8374
52.5992
53.3611
54.123
54.885
55.6471
56.4093
57.1715
57.9338
58.6962
59.4587
60.2212
60.9838
61.7465
62.5092
63.272
64.0349
64.7978
65.5608
66.3238
67.0869
67.8501
68.6133
69.3765
70.1399
70.9032
71.6667
72.4302
73.1937
73.9573
74.7209
75.4845
76.2483
77.012
77.7758
78.5396
79.3035
80.0674
80.8313
81.5953
82.3593
83.1233
83.8874
84.6515
85.4156
86.1797
86.9438
87.708
88.4722
89.2364
90.0006
90.7648
91.529
92.2932
93.0575
93.8217
94.586
95.3502
96.1144
96.8786
97.6429
98.4071
99.1712
99.9354
100.7
101.464
102.228
102.992
103.756
104.52
105.284
106.048
106.812
107.576
108.339
109.103
109.867
110.63
111.394
112.157
112.921
113.684
114.448
115.211
115.974
116.737
117.5
118.263
119.025
119.788
120.551
121.313
122.075
122.837
123.599
124.361
125.123
125.885
126.646
127.408
128.169
128.93
129.691
130.451
131.212
131.972
132.732
133.492
134.252
135.011
135.77
136.529
137.288
138.047
138.805
139.562
140.32
141.077
141.834
142.591
143.347
144.103
144.859
145.615
146.37
147.124
147.879
148.633
149.387
150.14
150.893
151.645
152.397
153.148
153.899
154.65
155.4
156.149
156.898
157.646
158.394
159.141
159.887
160.633
161.378
162.122
162.866
163.609
164.351
165.093
165.833
166.573
167.312
168.05
168.787
169.523
170.258
170.992
171.725
172.457
173.188
173.918
174.646
175.373
176.099
176.824
177.547
178.268
178.989
179.707
180.425
181.14
181.854
182.566
183.276
183.985
184.691
185.396
186.098
186.798
187.497
188.193
188.886
189.577
190.266
190.953
191.636
192.317
192.995
193.671
194.343
195.013
195.679
196.342
197.003
197.659
198.313
198.963
199.609
200.252
200.891
201.527
202.158
202.786
203.41
204.03
204.645
205.257
205.864
206.468
207.067
207.661
208.252
208.838
209.419
209.996
210.569
211.138
211.702
212.261
212.817
213.367
213.914
214.456
214.994
215.528
216.057
216.583
217.104
217.621
218.135
218.644
219.15
219.652
220.151
220.646
221.138
221.626
222.112
222.594
223.073
223.549
224.023
224.494
224.963
225.429
225.893
226.354
226.814
227.271
227.727
228.181
228.633
229.084
229.533
229.98
230.427
230.872
231.316
231.759
232.2
232.641
233.081
233.52
233.958
234.396
234.833
235.269
235.705
236.14
236.574
237.009
237.442
237.875
238.308
238.741
239.173
239.604
240.036
240.467
240.898
241.328
241.759
242.189
242.618
243.048
243.477
243.906
244.335
244.764
245.192
245.62
246.048
246.476
246.903
247.33
247.757
248.184
248.611
249.037
249.463
249.889
250.314
250.74
251.165
251.59
252.014
252.438
252.862
253.286
253.709
254.132
254.555
254.977
255.399
255.821
256.242
256.663
257.084
257.504
257.924
258.344
258.763
259.181
259.599
260.017
260.434
260.851
261.267
261.683
262.098
262.513
262.927
263.34
263.753
264.165
264.577
264.988
265.398
265.807
266.216
266.624
267.032
267.438
267.844
268.248
268.652
269.055
269.457
269.858
270.258
270.657
271.055
271.452
271.847
272.241
272.634
273.026
273.417
273.806
274.193
274.579
274.964
275.346
275.728
276.107
276.485
276.861
277.234
277.606
277.976
278.344
278.709
279.072
279.433
279.791
280.147
280.5
280.85
281.198
281.542
281.883
282.221
282.556
282.888
283.216
283.54
283.861
284.177
284.49
284.798
285.103
285.402
285.698
285.988
286.274
286.555
286.831
287.101
287.366
287.626
287.88
288.128
288.371
288.607
288.838
289.062
289.28
289.491
289.696
289.895
290.087
290.272
290.45
290.622
290.787
290.945
291.096
291.241
291.379
291.511
291.636
291.754
291.866
291.972
292.072
292.165
292.253
292.336
292.412
292.484
292.55
292.612
292.669
292.722
292.77
292.814
292.855
292.892
292.926
292.956
292.984
293.009
293.031
293.052
293.07
293.086
293.1
293.113
293.124
293.134
293.143
293.151
293.158
293.164
293.169
293.173
293.177
293.18
293.183
293.186
293.188
293.19
293.192
293.193
293.194
293.195
293.196
293.197
293.197
293.198
293.198
293.199
293.199
293.199
293.199
293.2
293.2
293.2
293.2
293.2
293.2
293.2
293.201
293.201
293.201
293.201
293.201
293.201
293.201
293.201
293.201
293.201
293.201
293.201
293.201
293.201
293.201
293.201
293.202
293.202
293.202
293.202
293.202
293.202
293.202
293.202
293.202
293.202
293.202
293.202
293.202
293.202
293.202
293.202
293.202
293.202
293.202
293.203
293.203
293.203
293.203
293.203
293.203
293.203
293.203
293.203
293.203
293.203
293.203
293.203
293.203
293.203
293.203
293.203
293.203
293.203
293.203
293.203
293.203
293.203
293.203
293.203
293.203
293.203
293.203
293.203
293.203
293.203
293.203
293.203
293.203
293.203
293.203
293.203
293.203
293.203
293.203
293.203
293.203
293.203
293.203
293.203
293.203
293.203
293.203
293.203
293.203
293.203
293.203
293.203
293.203
293.203
293.203
293.204
293.204
293.204
293.204
293.204
293.204
293.204
293.204
293.204
293.204
293.204
293.204
293.204
293.204
293.204
293.204
293.204
293.204
293.204
293.204
293.204
293.204
293.204
293.204
293.204
293.204
293.204
293.204
293.204
293.204
293.204
293.204
293.204
293.204
293.204
293.204
293.204
293.204
293.204
293.204
293.204
293.204
293.204
293.204
293.204
293.204
293.204
293.204
293.204
293.204
293.204
293.204
293.204
293.204
293.204
293.205
293.205
293.205
293.205
293.205
293.205
293.205
293.205
293.205
293.205
293.205
293.205
293.205
293.205
293.205
293.205
293.205
293.205
293.205
293.205
293.205
293.205
293.205
293.205
293.205
293.205
293.205
293.205
293.205
293.205
293.205
293.205
293.205
293.205
293.205
293.205
293.205
293.205
293.205
293.205
293.205
293.205
293.205
293.205
293.205
293.205
293.205
293.205
293.205
293.205
293.205
293.205
293.205
293.205
293.205
293.205
293.205
293.205
293.205
293.205
293.205
293.205
293.205
293.205
293.205
293.205
293.205
293.205
293.205
293.205
293.205
293.205
293.205
293.205
293.205
293.205
293.205
293.205
293.205
293.205
293.205
293.205
293.205
293.205
293.205
293.205
293.205
293.205
293.205
293.205
293.205
293.205
293.205
293.205
293.205
293.205
293.205
293.205
293.205
293.205
293.205
293.205
293.205
293.205
293.205
293.205
293.205
293.205
293.205
293.205
293.205
293.205
293.205
293.205
293.205
293.205
293.205
293.205
293.205
293.205
293.205
293.205
293.205
293.205
293.205
293.205
293.205
293.205
293.205
293.205
293.205
293.205
293.205
293.205
293.205
293.205
293.205
293.205
293.205
293.205
293.205
293.205
293.205
293.205
293.205
293.205
293.205
293.205
293.206
293.206
293.206
293.206
293.206
293.206
293.206
293.206
293.206
293.206
293.206
293.206
293.206
293.206
293.206
293.206
293.206
293.206
293.206
293.206
293.206
293.206
293.206
293.206
293.206
293.206
293.206
293.206
293.206
293.206
293.206
293.206
293.206
293.206
293.206
293.205
293.205
293.205
293.205
293.205
293.205
293.205
293.205
293.205
293.205
293.205
293.205
293.205
293.205
293.204
293.204
293.204
293.203
293.202
293.201
293.2
293.199
293.197
293.195
293.192
293.189
293.185
293.18
293.174
293.167
293.158
293.149
293.137
293.124
293.109
293.091
293.071
293.048
293.022
292.994
292.961
292.926
292.887
292.845
292.799
292.749
292.696
292.64
292.58
292.518
292.453
292.386
292.317
292.247
292.176
292.105
292.034
291.964
291.895
291.828
291.763
291.701
291.641
291.585
291.532
291.482
291.437
291.395
291.356
291.322
291.291
291.263
291.239
291.218
291.199
291.183
291.169
291.158
291.148
291.14
291.133
291.127
291.123
291.119
291.116
291.114
291.112
291.11
291.109
291.108
291.107
291.106
291.105
291.104
291.103
291.103
291.102
291.101
291.099
291.098
291.097
291.095
291.094
291.092
291.09
291.089
291.087
291.086
291.085
291.084
291.084
291.084
291.085
291.088
291.091
291.097
291.104
291.113
291.124
291.137
291.15
291.164
291.178
291.191
291.202
291.21
291.217
291.221
)
;

boundaryField
{
    sides
    {
        type            calculated;
        value           nonuniform List<scalar> 2(291.221 5.94012);
    }
    empty
    {
        type            empty;
    }
}


// ************************************************************************* //
