/*--------------------------------*- C++ -*----------------------------------*\
| =========                 |                                                 |
| \\      /  F ield         | OpenFOAM: The Open Source CFD Toolbox           |
|  \\    /   O peration     | Version:  2406                                  |
|   \\  /    A nd           | Website:  www.openfoam.com                      |
|    \\/     M anipulation  |                                                 |
\*---------------------------------------------------------------------------*/
FoamFile
{
    version     2.0;
    format      ascii;
    arch        "LSB;label=32;scalar=64";
    class       volScalarField;
    location    "0.014";
    object      mag(U);
}
// * * * * * * * * * * * * * * * * * * * * * * * * * * * * * * * * * * * * * //

dimensions      [0 1 -1 0 0 0 0];

internalField   nonuniform List<scalar> 
1000
(
1.85968
3.49069
4.22212
5.19773
6.16647
7.12351
8.07871
9.03252
9.98424
10.9335
11.8801
12.8236
13.7639
14.7005
15.6332
16.5616
17.4855
18.4045
19.3183
20.2266
21.1291
22.0254
22.9153
23.7984
24.6745
25.5432
26.4042
27.2573
28.1023
28.9388
29.7667
30.5857
31.3957
32.1966
32.9881
33.7702
34.5428
35.3059
36.0596
36.8037
37.5385
38.264
38.9803
39.6877
40.3863
41.0764
41.7583
42.4323
43.0986
43.7577
44.4099
45.0555
45.695
46.3287
46.9571
47.5804
48.1992
48.8137
49.4244
50.0316
50.6355
51.2367
51.8353
52.4316
53.026
53.6186
54.2097
54.7995
55.3881
55.9758
56.5626
57.1489
57.7345
58.3197
58.9046
59.4892
60.0736
60.6579
61.2421
61.8262
62.4104
62.9945
63.5788
64.1631
64.7475
65.332
65.9167
66.5015
67.0864
67.6714
68.2566
68.842
69.4275
70.0131
70.5989
71.1848
71.7709
72.3572
72.9435
73.53
74.1167
74.7035
75.2904
75.8775
76.4646
77.0519
77.6394
78.2269
78.8146
79.4024
79.9903
80.5783
81.1664
81.7546
82.3429
82.9314
83.5199
84.1085
84.6972
85.286
85.8749
86.4639
87.053
87.6422
88.2314
88.8208
89.4102
89.9997
90.5893
91.1789
91.7686
92.3584
92.9483
93.5382
94.1282
94.7183
95.3084
95.8986
96.4889
97.0792
97.6696
98.26
98.8505
99.4411
100.032
100.622
101.213
101.804
102.395
102.986
103.576
104.167
104.758
105.349
105.941
106.532
107.123
107.714
108.305
108.897
109.488
110.079
110.671
111.262
111.854
112.445
113.037
113.628
114.22
114.812
115.403
115.995
116.587
117.179
117.77
118.362
118.954
119.546
120.138
120.73
121.322
121.914
122.506
123.098
123.69
124.282
124.874
125.466
126.058
126.65
127.242
127.834
128.427
129.019
129.611
130.203
130.796
131.388
131.98
132.572
133.165
133.757
134.349
134.941
135.534
136.126
136.718
137.311
137.903
138.496
139.088
139.68
140.273
140.865
141.457
142.05
142.642
143.235
143.827
144.419
145.012
145.604
146.197
146.789
147.381
147.974
148.566
149.159
149.751
150.343
150.936
151.528
152.12
152.713
153.305
153.898
154.49
155.082
155.675
156.267
156.859
157.451
158.044
158.636
159.228
159.821
160.413
161.005
161.597
162.19
162.782
163.374
163.966
164.558
165.15
165.743
166.335
166.927
167.519
168.111
168.703
169.295
169.887
170.479
171.071
171.663
172.255
172.847
173.438
174.03
174.622
175.214
175.806
176.397
176.989
177.581
178.172
178.764
179.356
179.947
180.539
181.13
181.722
182.313
182.905
183.496
184.087
184.679
185.27
185.861
186.452
187.043
187.635
188.226
188.817
189.408
189.999
190.589
191.18
191.771
192.362
192.953
193.543
194.134
194.724
195.315
195.905
196.496
197.086
197.676
198.267
198.857
199.447
200.037
200.627
201.217
201.807
202.396
202.986
203.576
204.165
204.755
205.344
205.934
206.523
207.112
207.701
208.29
208.879
209.468
210.057
210.645
211.234
211.822
212.411
212.999
213.587
214.175
214.763
215.351
215.939
216.527
217.114
217.702
218.289
218.876
219.463
220.05
220.637
221.224
221.81
222.396
222.983
223.569
224.155
224.74
225.326
225.911
226.497
227.082
227.667
228.251
228.836
229.42
230.004
230.588
231.172
231.756
232.339
232.922
233.505
234.088
234.67
235.252
235.834
236.416
236.997
237.578
238.159
238.739
239.319
239.899
240.479
241.058
241.637
242.215
242.793
243.371
243.948
244.525
245.102
245.678
246.254
246.829
247.404
247.978
248.552
249.125
249.698
250.27
250.842
251.413
251.983
252.553
253.122
253.691
254.258
254.825
255.392
255.957
256.522
257.086
257.649
258.211
258.772
259.332
259.892
260.45
261.007
261.563
262.118
262.671
263.224
263.775
264.324
264.873
265.419
265.965
266.508
267.05
267.59
268.129
268.665
269.2
269.733
270.263
270.791
271.317
271.841
272.362
272.88
273.396
273.908
274.418
274.925
275.428
275.928
276.425
276.918
277.407
277.892
278.372
278.849
279.321
279.788
280.25
280.707
281.159
281.605
282.046
282.48
282.908
283.33
283.745
284.153
284.554
284.947
285.332
285.71
286.079
286.44
286.792
287.135
287.469
287.793
288.108
288.413
288.708
288.992
289.266
289.53
289.783
290.026
290.257
290.478
290.688
290.888
291.077
291.255
291.423
291.58
291.728
291.866
291.994
292.113
292.223
292.324
292.417
292.503
292.581
292.652
292.716
292.774
292.826
292.873
292.915
292.952
292.985
293.014
293.04
293.062
293.082
293.099
293.114
293.127
293.138
293.147
293.155
293.162
293.168
293.173
293.178
293.181
293.184
293.187
293.189
293.191
293.192
293.193
293.194
293.195
293.196
293.197
293.197
293.198
293.198
293.198
293.199
293.199
293.199
293.199
293.199
293.199
293.199
293.2
293.2
293.2
293.2
293.2
293.2
293.2
293.2
293.2
293.2
293.2
293.2
293.2
293.2
293.2
293.2
293.201
293.201
293.201
293.201
293.201
293.201
293.201
293.201
293.201
293.201
293.201
293.201
293.201
293.201
293.201
293.201
293.201
293.201
293.201
293.201
293.202
293.202
293.202
293.202
293.202
293.202
293.202
293.202
293.202
293.202
293.202
293.202
293.202
293.202
293.202
293.202
293.202
293.202
293.202
293.202
293.203
293.203
293.203
293.203
293.203
293.203
293.203
293.203
293.203
293.203
293.203
293.203
293.203
293.203
293.203
293.203
293.203
293.203
293.203
293.203
293.203
293.203
293.203
293.203
293.203
293.203
293.203
293.203
293.203
293.203
293.203
293.203
293.203
293.203
293.203
293.203
293.203
293.203
293.203
293.203
293.203
293.203
293.203
293.203
293.203
293.203
293.203
293.203
293.203
293.203
293.203
293.203
293.203
293.203
293.203
293.203
293.203
293.203
293.203
293.203
293.203
293.203
293.203
293.203
293.203
293.203
293.203
293.203
293.203
293.203
293.203
293.203
293.203
293.203
293.203
293.203
293.203
293.203
293.203
293.203
293.204
293.204
293.204
293.204
293.204
293.204
293.204
293.204
293.204
293.204
293.204
293.204
293.204
293.204
293.204
293.204
293.204
293.204
293.204
293.204
293.204
293.204
293.204
293.204
293.204
293.204
293.204
293.204
293.204
293.204
293.204
293.204
293.204
293.204
293.204
293.204
293.204
293.204
293.204
293.204
293.204
293.204
293.204
293.204
293.204
293.204
293.204
293.204
293.204
293.204
293.204
293.204
293.204
293.204
293.204
293.204
293.204
293.204
293.204
293.204
293.204
293.204
293.204
293.204
293.204
293.204
293.204
293.204
293.204
293.204
293.204
293.204
293.204
293.204
293.204
293.204
293.204
293.204
293.204
293.204
293.204
293.204
293.204
293.204
293.204
293.204
293.204
293.204
293.204
293.204
293.204
293.204
293.204
293.204
293.204
293.204
293.204
293.204
293.204
293.204
293.204
293.204
293.204
293.204
293.204
293.204
293.204
293.204
293.204
293.204
293.204
293.204
293.204
293.204
293.204
293.204
293.204
293.204
293.204
293.204
293.204
293.204
293.204
293.204
293.204
293.204
293.204
293.204
293.204
293.204
293.204
293.204
293.204
293.204
293.204
293.204
293.204
293.204
293.204
293.204
293.204
293.204
293.204
293.204
293.204
293.204
293.204
293.204
293.204
293.204
293.204
293.204
293.204
293.204
293.204
293.204
293.204
293.204
293.204
293.204
293.204
293.204
293.204
293.204
293.204
293.204
293.204
293.204
293.204
293.204
293.204
293.204
293.204
293.204
293.204
293.204
293.204
293.204
293.204
293.204
293.204
293.204
293.204
293.204
293.204
293.204
293.204
293.204
293.204
293.204
293.204
293.204
293.204
293.204
293.204
293.204
293.204
293.204
293.204
293.204
293.204
293.204
293.204
293.204
293.204
293.204
293.204
293.204
293.204
293.204
293.204
293.203
293.203
293.203
293.202
293.201
293.201
293.2
293.199
293.198
293.197
293.195
293.194
293.193
293.192
293.191
293.19
293.19
293.189
293.189
293.189
293.19
293.19
293.191
293.191
293.192
293.192
293.193
293.193
293.193
293.193
293.191
293.188
293.184
293.179
293.173
293.164
293.153
293.14
293.123
293.102
293.077
293.048
293.014
292.974
292.929
292.877
292.819
292.754
292.683
292.606
292.524
292.436
292.343
292.247
292.148
292.047
291.946
291.845
291.746
291.65
291.558
291.47
291.388
291.312
291.242
291.179
291.122
291.072
291.029
290.991
290.959
290.933
290.911
290.893
290.878
290.867
290.858
290.851
290.845
290.842
290.839
290.837
290.835
290.834
290.834
290.833
290.833
290.833
290.833
290.833
290.833
290.833
290.833
290.833
290.833
290.833
290.833
290.833
290.833
290.833
290.833
290.833
290.833
290.833
290.833
290.833
290.833
290.833
290.833
)
;

boundaryField
{
    sides
    {
        type            calculated;
        value           nonuniform List<scalar> 2(290.833 1.85968);
    }
    empty
    {
        type            empty;
    }
}


// ************************************************************************* //
