/*--------------------------------*- C++ -*----------------------------------*\
| =========                 |                                                 |
| \\      /  F ield         | OpenFOAM: The Open Source CFD Toolbox           |
|  \\    /   O peration     | Version:  2406                                  |
|   \\  /    A nd           | Website:  www.openfoam.com                      |
|    \\/     M anipulation  |                                                 |
\*---------------------------------------------------------------------------*/
FoamFile
{
    version     2.0;
    format      ascii;
    arch        "LSB;label=32;scalar=64";
    class       volScalarField;
    location    "0.008";
    object      mag(U);
}
// * * * * * * * * * * * * * * * * * * * * * * * * * * * * * * * * * * * * * //

dimensions      [0 1 -1 0 0 0 0];

internalField   nonuniform List<scalar> 
1000
(
1.07946e-12
1.16698e-12
1.0357e-12
1.05029e-12
7.29365e-13
9.77349e-13
8.16889e-13
9.91936e-13
6.27254e-13
9.77349e-13
5.10556e-13
9.04413e-13
6.12667e-13
7.73127e-13
5.3973e-13
6.71016e-13
7.73127e-13
6.71016e-13
7.73127e-13
7.87714e-13
8.46063e-13
6.41841e-13
7.0019e-13
7.29365e-13
8.46063e-13
9.77349e-13
1.13781e-12
1.13781e-12
1.28368e-12
1.2691e-12
1.23992e-12
1.38579e-12
1.56084e-12
1.7213e-12
2.04222e-12
2.47984e-12
2.43608e-12
2.78617e-12
2.27562e-12
3.09251e-12
2.78617e-12
2.84452e-12
2.62571e-12
2.80076e-12
3.12168e-12
2.62571e-12
3.18003e-12
2.56736e-12
2.90287e-12
2.58195e-12
2.58195e-12
2.29021e-12
2.01305e-12
2.14433e-12
1.64836e-12
1.77965e-12
1.50249e-12
1.51708e-12
1.29827e-12
1.13781e-12
1.1524e-12
9.33587e-13
1.16698e-12
1.02111e-12
1.31286e-12
1.19616e-12
1.28368e-12
1.47332e-12
1.44414e-12
1.42956e-12
1.57543e-12
1.86717e-12
1.67754e-12
1.82341e-12
1.91094e-12
2.17351e-12
2.12975e-12
2.14433e-12
2.33397e-12
2.15892e-12
2.45067e-12
2.04222e-12
2.10057e-12
2.12975e-12
1.94011e-12
2.21727e-12
1.73589e-12
2.08598e-12
1.54625e-12
2.14433e-12
1.61919e-12
1.96929e-12
1.67754e-12
1.63378e-12
1.50249e-12
1.44414e-12
1.56084e-12
1.44414e-12
1.54625e-12
1.35662e-12
1.64836e-12
1.67754e-12
1.9547e-12
2.24644e-12
2.61113e-12
3.19462e-12
4.50748e-12
6.12667e-12
9.3067e-12
1.41205e-11
2.24353e-11
3.59139e-11
5.80866e-11
9.38693e-11
1.52466e-10
2.46627e-10
3.98802e-10
6.43242e-10
1.03309e-09
1.65468e-09
2.63997e-09
4.19717e-09
6.64654e-09
1.04844e-08
1.64744e-08
2.57799e-08
4.01818e-08
6.23708e-08
9.64165e-08
1.48425e-07
2.27534e-07
3.47333e-07
5.27954e-07
7.9906e-07
1.20415e-06
1.80671e-06
2.69889e-06
4.0138e-06
5.9427e-06
8.75898e-06
1.28514e-05
1.87696e-05
2.72868e-05
3.94845e-05
5.68668e-05
8.15139e-05
0.000116286
0.000165093
0.000233246
0.00032792
0.000458743
0.000638557
0.000884381
0.00121862
0.00167057
0.00227828
0.00309085
0.00417114
0.00559905
0.00747544
0.00992658
0.0131094
0.0172171
0.0224862
0.0292028
0.0377109
0.0484199
0.0618122
0.0784514
0.098989
0.12417
0.154838
0.191938
0.236513
0.289706
0.352749
0.426955
0.513707
0.614433
0.730595
0.86366
1.01508
1.18625
1.37851
1.5931
1.83114
2.09361
2.38135
2.69501
3.03509
3.4019
3.79558
4.21609
4.66325
5.13671
5.63602
6.16057
6.70969
7.28259
7.87844
8.49635
9.1354
9.79465
10.4732
11.17
11.8842
12.6148
13.361
14.1219
14.8967
15.6846
16.4848
17.2967
18.1194
18.9525
19.7953
20.6473
21.5078
22.3765
23.2529
24.1364
25.0268
25.9237
26.8266
27.7353
28.6495
29.5688
30.4931
31.422
32.3553
33.2929
34.2345
35.1798
36.1289
37.0813
38.0371
38.9961
39.958
40.9228
41.8904
42.8606
43.8334
44.8085
45.7859
46.7656
47.7474
48.7312
49.7169
50.7045
51.6939
52.685
53.6777
54.672
55.6678
56.6651
57.6637
58.6637
59.665
60.6675
61.6712
62.676
63.682
64.6889
65.6969
66.7058
67.7157
68.7265
69.7381
70.7506
71.7639
72.7779
73.7927
74.8082
75.8244
76.8412
77.8587
78.8768
79.8955
80.9147
81.9346
82.9549
83.9758
84.9971
86.019
87.0413
88.064
89.0872
90.1107
91.1347
92.1591
93.1838
94.2089
95.2344
96.2602
97.2863
98.3127
99.3394
100.366
101.394
102.421
103.449
104.477
105.506
106.534
107.563
108.592
109.621
110.65
111.68
112.71
113.74
114.77
115.8
116.831
117.861
118.892
119.923
120.954
121.985
123.016
124.047
125.079
126.11
127.142
128.174
129.206
130.238
131.27
132.302
133.334
134.366
135.398
136.43
137.463
138.495
139.528
140.56
141.593
142.625
143.658
144.69
145.723
146.755
147.788
148.82
149.853
150.885
151.918
152.95
153.983
155.015
156.047
157.08
158.112
159.144
160.177
161.209
162.241
163.273
164.305
165.337
166.368
167.4
168.432
169.463
170.495
171.526
172.557
173.589
174.619
175.65
176.681
177.712
178.742
179.772
180.803
181.833
182.862
183.892
184.921
185.951
186.98
188.009
189.037
190.066
191.094
192.122
193.15
194.178
195.205
196.232
197.259
198.285
199.311
200.337
201.363
202.388
203.413
204.437
205.461
206.485
207.508
208.531
209.554
210.576
211.598
212.619
213.64
214.66
215.679
216.698
217.717
218.735
219.752
220.769
221.785
222.8
223.815
224.829
225.842
226.854
227.866
228.876
229.886
230.895
231.902
232.909
233.915
234.919
235.922
236.924
237.925
238.924
239.922
240.919
241.914
242.907
243.898
244.888
245.876
246.862
247.845
248.827
249.806
250.783
251.757
252.729
253.698
254.664
255.626
256.586
257.541
258.493
259.442
260.386
261.326
262.261
263.191
264.116
265.036
265.949
266.857
267.758
268.653
269.54
270.42
271.291
272.154
273.007
273.851
274.685
275.508
276.319
277.119
277.906
278.679
279.438
280.182
280.911
281.623
282.318
282.994
283.652
284.29
284.908
285.505
286.079
286.631
287.159
287.664
288.144
288.599
289.029
289.434
289.813
290.167
290.496
290.8
291.08
291.336
291.569
291.779
291.969
292.139
292.29
292.423
292.54
292.642
292.731
292.807
292.872
292.927
292.974
293.014
293.047
293.074
293.096
293.115
293.13
293.143
293.153
293.161
293.168
293.173
293.177
293.181
293.184
293.186
293.188
293.19
293.191
293.192
293.193
293.194
293.194
293.195
293.195
293.196
293.196
293.196
293.196
293.197
293.197
293.197
293.197
293.197
293.197
293.197
293.197
293.197
293.197
293.198
293.198
293.198
293.198
293.198
293.198
293.198
293.198
293.198
293.198
293.198
293.198
293.198
293.198
293.198
293.198
293.198
293.198
293.198
293.198
293.198
293.198
293.198
293.198
293.198
293.198
293.199
293.199
293.199
293.199
293.199
293.199
293.199
293.199
293.199
293.199
293.199
293.199
293.199
293.199
293.199
293.199
293.199
293.199
293.199
293.199
293.199
293.199
293.199
293.2
293.2
293.2
293.2
293.2
293.2
293.2
293.2
293.2
293.2
293.2
293.2
293.2
293.2
293.2
293.2
293.2
293.2
293.2
293.2
293.2
293.2
293.2
293.2
293.2
293.2
293.2
293.2
293.2
293.2
293.2
293.2
293.2
293.2
293.2
293.2
293.2
293.2
293.2
293.2
293.2
293.2
293.2
293.2
293.2
293.2
293.2
293.2
293.2
293.2
293.2
293.2
293.2
293.2
293.2
293.2
293.2
293.2
293.2
293.2
293.2
293.2
293.2
293.2
293.2
293.2
293.2
293.2
293.2
293.2
293.2
293.2
293.2
293.2
293.2
293.2
293.2
293.2
293.2
293.2
293.2
293.2
293.2
293.2
293.2
293.2
293.2
293.2
293.2
293.2
293.2
293.2
293.2
293.2
293.2
293.2
293.2
293.2
293.2
293.2
293.2
293.199
293.199
293.199
293.199
293.199
293.199
293.199
293.199
293.199
293.199
293.199
293.199
293.199
293.199
293.199
293.199
293.199
293.199
293.198
293.197
293.196
293.195
293.193
293.191
293.189
293.186
293.183
293.181
293.178
293.176
293.175
293.174
293.174
293.174
293.175
293.177
293.179
293.181
293.184
293.186
293.188
293.19
293.192
293.193
293.194
293.195
293.196
293.197
293.197
293.198
293.198
293.198
293.198
293.198
293.198
293.198
293.198
293.198
293.198
293.198
293.198
293.198
293.198
293.198
293.197
293.197
293.197
293.197
293.198
293.198
293.198
293.198
293.197
293.197
293.197
293.197
293.197
293.197
293.197
293.197
293.197
293.197
293.197
293.197
293.197
293.197
293.197
293.197
293.197
293.197
293.197
293.197
293.197
293.196
293.196
293.196
293.196
293.196
293.196
293.196
293.196
293.196
293.196
293.196
293.196
293.196
293.196
293.196
293.196
293.196
293.195
293.195
293.195
293.195
293.195
293.195
293.195
293.194
293.194
293.194
293.194
293.194
293.194
293.194
293.194
293.194
293.194
293.194
293.194
293.194
293.194
293.193
293.193
293.193
293.193
293.192
293.192
293.192
293.192
293.192
293.193
293.193
293.193
293.193
293.193
293.193
293.193
293.192
293.192
293.192
293.191
293.191
293.191
293.19
293.19
293.19
293.19
293.19
293.19
293.191
293.191
293.191
293.191
293.191
293.19
293.19
293.19
293.189
293.189
293.188
293.188
293.187
293.187
293.187
293.187
293.188
293.188
293.188
293.189
293.189
293.188
293.188
293.188
293.187
293.187
293.186
293.185
293.184
293.184
293.184
293.183
293.183
293.184
293.185
293.185
293.186
293.186
293.186
293.186
293.185
293.185
293.184
293.183
293.182
293.181
293.18
293.179
293.179
293.178
293.178
293.178
293.179
293.181
293.182
293.183
293.183
293.182
293.181
293.179
293.177
293.175
293.173
293.172
293.172
293.171
293.166
293.159
293.147
293.132
293.105
293.07
292.997
292.913
292.64
292.365
291.486
289.912
286.099
276.871
256.392
213.048
144.949
73.9714
27.9849
8.57099
2.32312
0.593091
0.148264
0.03685
0.00914599
0.00226927
0.000563004
0.000139679
3.46535e-05
8.59731e-06
2.13294e-06
5.29167e-07
1.31282e-07
3.25687e-08
8.07885e-09
2.003e-09
4.95706e-10
1.21614e-10
2.89412e-11
5.82034e-12
2.62572e-13
1.12322e-12
1.21075e-12
1.48791e-12
1.40038e-12
1.2691e-12
1.51708e-12
1.32745e-12
1.51708e-12
1.42956e-12
1.53167e-12
1.45873e-12
1.838e-12
1.73589e-12
1.89635e-12
1.85259e-12
1.63378e-12
1.91094e-12
1.56084e-12
1.85259e-12
1.19616e-12
1.59002e-12
1.23992e-12
1.41497e-12
1.12322e-12
1.45873e-12
1.40038e-12
1.45873e-12
1.50249e-12
1.57543e-12
1.73589e-12
1.94011e-12
1.96929e-12
1.82342e-12
)
;

boundaryField
{
    sides
    {
        type            calculated;
        value           nonuniform List<scalar> 2(1.82342e-12 1.07946e-12);
    }
    empty
    {
        type            empty;
    }
}


// ************************************************************************* //
