/*--------------------------------*- C++ -*----------------------------------*\
| =========                 |                                                 |
| \\      /  F ield         | OpenFOAM: The Open Source CFD Toolbox           |
|  \\    /   O peration     | Version:  2406                                  |
|   \\  /    A nd           | Website:  www.openfoam.com                      |
|    \\/     M anipulation  |                                                 |
\*---------------------------------------------------------------------------*/
FoamFile
{
    version     2.0;
    format      ascii;
    arch        "LSB;label=32;scalar=64";
    class       volScalarField;
    location    "0.021";
    object      mag(U);
}
// * * * * * * * * * * * * * * * * * * * * * * * * * * * * * * * * * * * * * //

dimensions      [0 1 -1 0 0 0 0];

internalField   nonuniform List<scalar> 
1000
(
7.4558
8.39957
9.14621
9.78246
10.4265
11.0915
11.7606
12.4267
13.0911
13.7557
14.4207
15.0858
15.7509
16.4161
17.0815
17.7469
18.4124
19.0781
19.7438
20.4096
21.0755
21.7416
22.4077
23.0739
23.7402
24.4066
25.0732
25.7398
26.4065
27.0733
27.7402
28.4072
29.0743
29.7415
30.4088
31.0761
31.7436
32.4112
33.0788
33.7466
34.4145
35.0824
35.7504
36.4186
37.0868
37.7551
38.4235
39.092
39.7606
40.4293
41.098
41.7669
42.4359
43.1049
43.774
44.4432
45.1126
45.782
46.4514
47.121
47.7907
48.4604
49.1303
49.8002
50.4702
51.1403
51.8104
52.4807
53.1511
53.8215
54.492
55.1626
55.8333
56.504
57.1749
57.8458
58.5168
59.1879
59.8591
60.5304
61.2017
61.8731
62.5446
63.2162
63.8878
64.5596
65.2314
65.9033
66.5752
67.2473
67.9194
68.5916
69.2638
69.9362
70.6086
71.2811
71.9537
72.6263
73.2991
73.9718
74.6447
75.3177
75.9907
76.6637
77.3369
78.0101
78.6834
79.3568
80.0302
80.7037
81.3773
82.0509
82.7247
83.3984
84.0723
84.7462
85.4202
86.0943
86.7684
87.4426
88.1168
88.7912
89.4656
90.14
90.8145
91.4891
92.1637
92.8384
93.5131
94.1879
94.8628
95.5377
96.2126
96.8876
97.5626
98.2377
98.9129
99.5881
100.263
100.939
101.614
102.289
102.965
103.64
104.316
104.992
105.667
106.343
107.019
107.695
108.371
109.047
109.723
110.399
111.075
111.751
112.428
113.104
113.78
114.457
115.133
115.809
116.486
117.162
117.839
118.515
119.192
119.869
120.545
121.222
121.899
122.576
123.252
123.929
124.606
125.283
125.96
126.637
127.314
127.991
128.668
129.345
130.022
130.699
131.376
132.053
132.731
133.408
134.085
134.762
135.439
136.117
136.794
137.471
138.148
138.826
139.503
140.18
140.857
141.535
142.212
142.889
143.567
144.244
144.921
145.598
146.276
146.953
147.63
148.307
148.985
149.662
150.339
151.016
151.693
152.371
153.048
153.725
154.402
155.079
155.756
156.433
157.11
157.787
158.463
159.14
159.817
160.494
161.17
161.847
162.524
163.2
163.877
164.553
165.229
165.906
166.582
167.258
167.934
168.61
169.286
169.962
170.638
171.313
171.989
172.664
173.34
174.015
174.69
175.365
176.04
176.715
177.39
178.064
178.739
179.413
180.088
180.762
181.436
182.109
182.783
183.457
184.13
184.803
185.476
186.149
186.822
187.494
188.167
188.839
189.511
190.182
190.854
191.525
192.196
192.867
193.538
194.208
194.878
195.548
196.218
196.887
197.556
198.225
198.894
199.562
200.23
200.897
201.565
202.231
202.898
203.564
204.23
204.896
205.561
206.226
206.89
207.554
208.217
208.881
209.543
210.205
210.867
211.528
212.189
212.849
213.509
214.168
214.826
215.484
216.142
216.798
217.454
218.11
218.765
219.419
220.072
220.725
221.377
222.028
222.678
223.328
223.976
224.624
225.271
225.917
226.562
227.206
227.849
228.491
229.132
229.772
230.411
231.048
231.684
232.319
232.953
233.586
234.217
234.847
235.475
236.102
236.727
237.351
237.973
238.594
239.213
239.83
240.445
241.059
241.67
242.28
242.887
243.493
244.097
244.698
245.297
245.894
246.489
247.081
247.671
248.258
248.842
249.425
250.004
250.581
251.155
251.726
252.294
252.859
253.421
253.98
254.536
255.089
255.638
256.184
256.727
257.267
257.803
258.335
258.864
259.389
259.911
260.429
260.943
261.454
261.96
262.463
262.962
263.457
263.949
264.436
264.919
265.399
265.874
266.346
266.813
267.277
267.736
268.192
268.643
269.091
269.534
269.974
270.41
270.841
271.269
271.693
272.113
272.53
272.942
273.351
273.756
274.157
274.555
274.949
275.339
275.725
276.108
276.488
276.864
277.236
277.605
277.97
278.332
278.69
279.045
279.396
279.744
280.088
280.429
280.766
281.1
281.431
281.758
282.081
282.401
282.717
283.029
283.337
283.642
283.943
284.241
284.534
284.823
285.108
285.389
285.666
285.938
286.207
286.47
286.729
286.984
287.234
287.479
287.719
287.954
288.184
288.409
288.629
288.844
289.053
289.256
289.454
289.647
289.834
290.015
290.19
290.36
290.524
290.681
290.834
290.98
291.12
291.255
291.383
291.507
291.624
291.736
291.842
291.942
292.038
292.128
292.213
292.292
292.368
292.438
292.504
292.565
292.622
292.675
292.724
292.77
292.812
292.85
292.886
292.918
292.948
292.975
292.999
293.021
293.042
293.06
293.076
293.091
293.104
293.116
293.126
293.136
293.144
293.151
293.158
293.163
293.168
293.173
293.176
293.18
293.183
293.185
293.187
293.189
293.191
293.192
293.194
293.195
293.196
293.196
293.197
293.198
293.198
293.199
293.199
293.199
293.2
293.2
293.2
293.2
293.2
293.2
293.201
293.201
293.201
293.201
293.201
293.201
293.201
293.201
293.201
293.201
293.201
293.201
293.201
293.202
293.202
293.202
293.202
293.202
293.202
293.202
293.202
293.202
293.202
293.202
293.202
293.202
293.202
293.202
293.202
293.202
293.202
293.202
293.203
293.203
293.203
293.203
293.203
293.203
293.203
293.203
293.203
293.203
293.203
293.203
293.203
293.203
293.203
293.203
293.203
293.203
293.203
293.203
293.203
293.203
293.203
293.203
293.203
293.203
293.203
293.203
293.203
293.203
293.203
293.203
293.203
293.203
293.203
293.203
293.203
293.203
293.203
293.203
293.203
293.203
293.203
293.203
293.203
293.203
293.203
293.203
293.203
293.203
293.204
293.204
293.204
293.204
293.204
293.204
293.204
293.204
293.204
293.204
293.204
293.204
293.204
293.204
293.204
293.204
293.204
293.204
293.204
293.204
293.204
293.204
293.204
293.204
293.204
293.204
293.204
293.204
293.204
293.204
293.204
293.204
293.204
293.204
293.204
293.204
293.204
293.204
293.204
293.204
293.204
293.204
293.204
293.204
293.204
293.204
293.204
293.204
293.204
293.204
293.204
293.204
293.204
293.205
293.205
293.205
293.205
293.205
293.205
293.205
293.205
293.205
293.205
293.205
293.205
293.205
293.205
293.205
293.205
293.205
293.205
293.205
293.205
293.205
293.205
293.205
293.205
293.205
293.205
293.205
293.205
293.205
293.205
293.205
293.205
293.205
293.205
293.205
293.205
293.205
293.205
293.205
293.205
293.205
293.205
293.205
293.205
293.205
293.205
293.205
293.205
293.205
293.205
293.205
293.205
293.205
293.205
293.205
293.205
293.205
293.205
293.205
293.205
293.205
293.205
293.205
293.205
293.205
293.205
293.205
293.205
293.205
293.205
293.205
293.205
293.205
293.205
293.205
293.205
293.205
293.205
293.205
293.205
293.205
293.205
293.205
293.205
293.205
293.205
293.205
293.205
293.205
293.205
293.205
293.205
293.205
293.205
293.205
293.205
293.205
293.205
293.205
293.205
293.205
293.205
293.205
293.205
293.205
293.205
293.205
293.205
293.205
293.205
293.206
293.206
293.206
293.206
293.206
293.206
293.206
293.206
293.206
293.206
293.206
293.206
293.206
293.206
293.206
293.206
293.206
293.206
293.206
293.206
293.206
293.206
293.206
293.206
293.206
293.206
293.206
293.206
293.206
293.206
293.206
293.206
293.206
293.206
293.206
293.206
293.206
293.206
293.206
293.206
293.206
293.206
293.206
293.206
293.206
293.206
293.206
293.206
293.206
293.206
293.206
293.206
293.206
293.206
293.206
293.206
293.206
293.206
293.206
293.206
293.206
293.206
293.206
293.206
293.206
293.206
293.206
293.206
293.206
293.206
293.206
293.206
293.206
293.206
293.206
293.206
293.206
293.206
293.206
293.206
293.206
293.206
293.206
293.206
293.206
293.206
293.206
293.206
293.205
293.205
293.205
293.205
293.205
293.205
293.204
293.204
293.203
293.202
293.202
293.201
293.199
293.198
293.196
293.194
293.191
293.188
293.184
293.179
293.174
293.168
293.161
293.152
293.143
293.132
293.119
293.105
293.089
293.071
293.05
293.028
293.002
292.975
292.944
292.911
292.875
292.837
292.795
292.751
292.704
292.654
292.601
292.547
292.49
292.431
292.371
292.309
292.247
292.184
292.12
292.057
291.994
291.932
291.872
291.812
291.755
291.7
291.647
291.596
291.548
291.503
291.461
291.422
291.386
291.353
291.322
291.295
291.27
291.248
291.228
291.21
291.195
291.181
291.169
291.159
291.15
291.142
291.136
291.13
291.125
291.121
291.118
291.115
291.113
291.111
291.109
291.107
291.105
291.104
291.103
291.102
291.1
291.099
291.098
291.097
291.096
291.096
291.095
291.095
291.095
291.095
291.095
291.096
291.097
291.099
291.102
291.105
291.109
291.114
291.119
291.125
291.131
291.138
291.145
291.152
291.159
291.165
291.172
291.178
291.183
291.188
291.192
291.195
291.197
291.199
291.2
291.201
)
;

boundaryField
{
    sides
    {
        type            calculated;
        value           nonuniform List<scalar> 2(291.201 7.4558);
    }
    empty
    {
        type            empty;
    }
}


// ************************************************************************* //
