/*--------------------------------*- C++ -*----------------------------------*\
| =========                 |                                                 |
| \\      /  F ield         | OpenFOAM: The Open Source CFD Toolbox           |
|  \\    /   O peration     | Version:  2406                                  |
|   \\  /    A nd           | Website:  www.openfoam.com                      |
|    \\/     M anipulation  |                                                 |
\*---------------------------------------------------------------------------*/
FoamFile
{
    version     2.0;
    format      ascii;
    arch        "LSB;label=32;scalar=64";
    class       volScalarField;
    location    "0.038";
    object      mag(U);
}
// * * * * * * * * * * * * * * * * * * * * * * * * * * * * * * * * * * * * * //

dimensions      [0 1 -1 0 0 0 0];

internalField   nonuniform List<scalar> 
1000
(
16.5787
16.9258
17.3448
17.6887
17.9942
18.2993
18.6118
18.9272
19.2424
19.5569
19.8713
20.1857
20.5002
20.8147
21.1293
21.4438
21.7584
22.073
22.3876
22.7022
23.0169
23.3317
23.6464
23.9611
24.2758
24.5906
24.9053
25.2201
25.5349
25.8497
26.1646
26.4795
26.7944
27.1093
27.4243
27.7393
28.0543
28.3693
28.6843
28.9993
29.3143
29.6293
29.9444
30.2594
30.5745
30.8896
31.2047
31.5198
31.8349
32.1501
32.4652
32.7803
33.0955
33.4106
33.7258
34.041
34.3562
34.6714
34.9866
35.3018
35.617
35.9322
36.2475
36.5627
36.8779
37.1932
37.5084
37.8237
38.139
38.4542
38.7695
39.0848
39.4001
39.7153
40.0306
40.3459
40.6612
40.9765
41.2917
41.607
41.9223
42.2376
42.5528
42.8681
43.1834
43.4987
43.8139
44.1292
44.4444
44.7596
45.0749
45.3901
45.7053
46.0205
46.3357
46.6509
46.9661
47.2813
47.5964
47.9116
48.2267
48.5418
48.8569
49.172
49.4871
49.8022
50.1172
50.4322
50.7472
51.0622
51.3772
51.6921
52.007
52.3219
52.6368
52.9516
53.2665
53.5812
53.896
54.2108
54.5255
54.8402
55.1548
55.4694
55.784
56.0986
56.4131
56.7276
57.042
57.3564
57.6708
57.9851
58.2994
58.6136
58.9278
59.242
59.5561
59.8702
60.1842
60.4981
60.812
61.1259
61.4397
61.7535
62.0671
62.3808
62.6944
63.0079
63.3213
63.6347
63.948
64.2613
64.5745
64.8876
65.2006
65.5136
65.8265
66.1393
66.452
66.7647
67.0773
67.3897
67.7021
68.0144
68.3267
68.6388
68.9508
69.2627
69.5746
69.8863
70.1979
70.5094
70.8208
71.1321
71.4433
71.7544
72.0653
72.3761
72.6868
72.9974
73.3078
73.6181
73.9283
74.2383
74.5482
74.8579
75.1675
75.4769
75.7862
76.0953
76.4043
76.7131
77.0217
77.3301
77.6384
77.9464
78.2543
78.562
78.8695
79.1768
79.4839
79.7908
80.0975
80.4039
80.7102
81.0162
81.3219
81.6275
81.9327
82.2378
82.5425
82.8471
83.1513
83.4553
83.759
84.0624
84.3655
84.6683
84.9708
85.2731
85.5749
85.8765
86.1777
86.4786
86.7791
87.0793
87.3791
87.6786
87.9776
88.2763
88.5746
88.8725
89.17
89.4671
89.7637
90.0599
90.3557
90.651
90.9458
91.2402
91.5341
91.8275
92.1204
92.4128
92.7047
92.996
93.2868
93.5772
93.8672
94.1569
94.4459
94.734
95.0212
95.3076
95.5933
95.8782
96.1625
96.446
96.7288
97.0109
97.2922
97.5728
97.8526
98.1316
98.4098
98.6872
98.9637
99.2394
99.5141
99.788
100.061
100.333
100.604
100.874
101.143
101.411
101.678
101.944
102.209
102.473
102.735
102.997
103.257
103.516
103.774
104.031
104.287
104.541
104.794
105.045
105.296
105.545
105.792
106.039
106.284
106.527
106.769
107.01
107.249
107.486
107.723
107.957
108.19
108.422
108.652
108.88
109.107
109.332
109.556
109.778
109.998
110.217
110.434
110.65
110.864
111.076
111.286
111.495
111.703
111.908
112.112
112.315
112.515
112.715
112.912
113.108
113.302
113.495
113.687
113.876
114.065
114.251
114.437
114.621
114.803
114.984
115.164
115.342
115.519
115.695
115.87
116.043
116.215
116.386
116.556
116.725
116.893
117.059
117.225
117.39
117.554
117.717
117.879
118.041
118.202
118.362
118.521
118.679
118.837
118.995
119.152
119.308
119.464
119.619
119.774
119.928
120.082
120.236
120.389
120.542
120.695
120.847
120.999
121.151
121.303
121.454
121.606
121.757
121.908
122.058
122.209
122.36
122.51
122.66
122.811
122.961
123.111
123.261
123.411
123.561
123.711
123.861
124.011
124.161
124.311
124.461
124.611
124.761
124.91
125.06
125.21
125.36
125.51
125.66
125.81
125.96
126.11
126.26
126.41
126.561
126.711
126.861
127.011
127.161
127.312
127.462
127.612
127.763
127.913
128.064
128.214
128.365
128.515
128.666
128.817
128.967
129.118
129.269
129.42
129.571
129.722
129.873
130.024
130.175
130.326
130.477
130.628
130.779
130.93
131.082
131.233
131.384
131.536
131.687
131.838
131.99
132.142
132.293
132.445
132.596
132.748
132.9
133.052
133.203
133.355
133.507
133.659
133.811
133.963
134.115
134.267
134.419
134.572
134.724
134.876
135.028
135.181
135.333
135.485
135.638
135.79
135.943
136.096
136.248
136.401
136.553
136.706
136.859
137.012
137.165
137.318
137.47
137.623
137.776
137.93
138.083
138.236
138.389
138.542
138.695
138.849
139.002
139.155
139.309
139.462
139.616
139.769
139.923
140.076
140.23
140.384
140.538
140.691
140.845
140.999
141.153
141.307
141.461
141.615
141.769
141.923
142.077
142.231
142.385
142.54
142.694
142.848
143.003
143.157
143.311
143.466
143.62
143.775
143.929
144.084
144.239
144.394
144.548
144.703
144.858
145.013
145.168
145.323
145.478
145.633
145.788
145.943
146.098
146.253
146.408
146.564
146.719
146.874
147.03
147.185
147.34
147.496
147.651
147.807
147.963
148.118
148.274
148.43
148.585
148.741
148.897
149.053
149.209
149.365
149.521
149.677
149.833
149.989
150.145
150.301
150.457
150.614
150.77
150.926
151.083
151.239
151.395
151.552
151.708
151.865
152.022
152.178
152.335
152.492
152.648
152.805
152.962
153.119
153.276
153.433
153.59
153.747
153.904
154.061
154.218
154.375
154.532
154.689
154.847
155.004
155.161
155.319
155.476
155.634
155.791
155.949
156.106
156.264
156.422
156.579
156.737
156.895
157.053
157.21
157.368
157.526
157.684
157.842
158
158.158
158.316
158.474
158.633
158.791
158.949
159.107
159.266
159.424
159.583
159.741
159.899
160.058
160.216
160.375
160.534
160.692
160.851
161.01
161.169
161.327
161.486
161.645
161.804
161.963
162.122
162.281
162.44
162.599
162.758
162.918
163.077
163.236
163.395
163.555
163.714
163.873
164.033
164.192
164.352
164.511
164.671
164.831
164.99
165.15
165.31
165.469
165.629
165.789
165.949
166.109
166.269
166.429
166.589
166.749
166.909
167.069
167.229
167.39
167.55
167.71
167.87
168.031
168.191
168.352
168.512
168.673
168.833
168.994
169.154
169.315
169.476
169.636
169.797
169.958
170.119
170.28
170.441
170.601
170.762
170.923
171.084
171.246
171.407
171.568
171.729
171.89
172.052
172.213
172.374
172.536
172.697
172.858
173.02
173.181
173.343
173.505
173.666
173.828
173.99
174.151
174.313
174.475
174.637
174.799
174.96
175.122
175.284
175.446
175.608
175.771
175.933
176.095
176.257
176.419
176.582
176.744
176.906
177.069
177.231
177.393
177.556
177.718
177.881
178.044
178.206
178.369
178.531
178.694
178.857
179.02
179.183
179.345
179.508
179.671
179.834
179.997
180.16
180.323
180.486
180.649
180.813
180.976
181.139
181.302
181.466
181.629
181.792
181.955
182.119
182.282
182.446
182.609
182.773
182.936
183.099
183.263
183.426
183.59
183.753
183.917
184.08
184.244
184.407
184.57
184.734
184.897
185.06
185.223
185.386
185.549
185.712
185.875
186.038
186.2
186.363
186.525
186.687
186.849
187.01
187.172
187.333
187.494
187.654
187.814
187.974
188.134
188.293
188.451
188.61
188.767
188.925
189.081
189.237
189.393
189.548
189.702
189.856
190.009
190.161
190.312
190.463
190.613
190.762
190.91
191.058
191.204
191.35
191.494
191.638
191.781
191.923
192.065
192.205
192.344
192.483
192.621
192.758
192.894
193.029
193.164
193.298
193.432
193.565
193.697
193.829
193.96
194.091
194.222
194.353
194.483
194.614
194.744
194.875
195.005
195.136
195.267
195.398
195.53
195.662
195.795
195.928
196.062
196.197
196.332
196.468
196.605
196.742
196.881
197.021
197.161
197.302
197.445
197.588
197.732
197.878
198.024
198.171
198.319
198.469
198.619
198.77
198.922
199.075
199.229
199.384
199.539
199.696
199.853
200.011
200.17
200.329
200.489
200.65
200.811
200.973
201.136
201.299
201.463
201.627
201.792
201.957
202.122
202.288
202.455
202.622
202.789
202.956
203.124
203.292
203.46
203.628
203.797
203.966
204.135
204.305
204.474
204.644
204.814
204.984
205.154
205.324
205.494
205.664
205.835
206.005
206.176
206.346
206.517
206.687
206.857
207.028
207.198
207.368
207.538
207.707
207.877
208.046
208.215
208.383
208.55
208.717
208.884
209.049
209.214
209.377
209.539
209.7
209.859
210.016
210.171
210.324
210.474
210.622
210.767
210.909
211.048
211.183
211.315
211.443
211.568
211.689
211.806
211.919
212.029
212.135
212.238
212.337
212.434
212.528
212.62
212.709
212.797
212.884
212.97
213.055
213.14
213.225
213.311
213.397
213.485
213.573
213.663
213.755
213.849
213.944
214.041
214.14
214.242
214.345
214.45
214.557
214.666
214.777
214.89
215.005
215.121
215.239
215.359
215.481
215.604
215.728
215.856
215.985
216.117
216.401
)
;

boundaryField
{
    sides
    {
        type            calculated;
        value           nonuniform List<scalar> 2(216.401 16.5787);
    }
    empty
    {
        type            empty;
    }
}


// ************************************************************************* //
