/*--------------------------------*- C++ -*----------------------------------*\
| =========                 |                                                 |
| \\      /  F ield         | OpenFOAM: The Open Source CFD Toolbox           |
|  \\    /   O peration     | Version:  2406                                  |
|   \\  /    A nd           | Website:  www.openfoam.com                      |
|    \\/     M anipulation  |                                                 |
\*---------------------------------------------------------------------------*/
FoamFile
{
    version     2.0;
    format      ascii;
    arch        "LSB;label=32;scalar=64";
    class       volScalarField;
    location    "0.038";
    object      p;
}
// * * * * * * * * * * * * * * * * * * * * * * * * * * * * * * * * * * * * * //

dimensions      [1 -1 -2 0 0 0 0];

internalField   nonuniform List<scalar> 
1000
(
13317.3
13315.5
13312.8
13310.4
13308.3
13306.2
13304.1
13302
13299.8
13297.7
13295.6
13293.5
13291.4
13289.3
13287.2
13285.1
13283
13280.9
13278.8
13276.7
13274.6
13272.5
13270.4
13268.3
13266.3
13264.2
13262.1
13260
13257.9
13255.9
13253.8
13251.7
13249.7
13247.6
13245.5
13243.5
13241.4
13239.4
13237.3
13235.3
13233.2
13231.2
13229.1
13227.1
13225
13223
13221
13218.9
13216.9
13214.9
13212.8
13210.8
13208.8
13206.8
13204.7
13202.7
13200.7
13198.7
13196.7
13194.7
13192.7
13190.7
13188.7
13186.7
13184.7
13182.7
13180.7
13178.7
13176.7
13174.7
13172.7
13170.7
13168.8
13166.8
13164.8
13162.8
13160.9
13158.9
13156.9
13155
13153
13151.1
13149.1
13147.2
13145.2
13143.3
13141.3
13139.4
13137.4
13135.5
13133.6
13131.6
13129.7
13127.8
13125.9
13124
13122
13120.1
13118.2
13116.3
13114.4
13112.5
13110.6
13108.7
13106.8
13105
13103.1
13101.2
13099.3
13097.5
13095.6
13093.7
13091.9
13090
13088.1
13086.3
13084.5
13082.6
13080.8
13078.9
13077.1
13075.3
13073.5
13071.6
13069.8
13068
13066.2
13064.4
13062.6
13060.8
13059
13057.3
13055.5
13053.7
13051.9
13050.2
13048.4
13046.7
13044.9
13043.2
13041.4
13039.7
13038
13036.3
13034.6
13032.9
13031.1
13029.5
13027.8
13026.1
13024.4
13022.7
13021.1
13019.4
13017.8
13016.1
13014.5
13012.8
13011.2
13009.6
13008
13006.4
13004.8
13003.2
13001.6
13000
12998.5
12996.9
12995.4
12993.8
12992.3
12990.8
12989.3
12987.8
12986.3
12984.8
12983.3
12981.9
12980.4
12979
12977.5
12976.1
12974.7
12973.3
12971.9
12970.5
12969.2
12967.8
12966.5
12965.1
12963.8
12962.5
12961.2
12959.9
12958.7
12957.4
12956.2
12954.9
12953.7
12952.5
12951.3
12950.2
12949
12947.9
12946.8
12945.7
12944.6
12943.5
12942.5
12941.4
12940.4
12939.4
12938.4
12937.5
12936.5
12935.6
12934.7
12933.9
12933
12932.2
12931.4
12930.6
12929.8
12929.1
12928.3
12927.7
12927
12926.3
12925.7
12925.1
12924.6
12924.1
12923.5
12923.1
12922.6
12922.2
12921.8
12921.5
12921.1
12920.9
12920.6
12920.4
12920.2
12920
12919.9
12919.8
12919.8
12919.8
12919.8
12919.8
12919.9
12920
12920.2
12920.5
12920.8
12921.1
12921.5
12921.9
12922.4
12923
12923.6
12924.2
12924.9
12925.7
12926.5
12927.3
12928.2
12929.2
12930.2
12931.3
12932.5
12933.7
12935
12936.4
12937.8
12939.3
12940.8
12942.4
12944.1
12945.9
12947.8
12949.7
12951.7
12953.8
12955.9
12958.2
12960.5
12962.9
12965.4
12968
12970.7
12973.4
12976.3
12979.3
12982.3
12985.4
12988.7
12992
12995.4
12999
13002.6
13006.3
13010.2
13014.1
13018.2
13022.3
13026.6
13031
13035.5
13040.1
13044.8
13049.6
13054.5
13059.5
13064.7
13070
13075.3
13080.8
13086.4
13092.1
13098
13103.9
13110
13116.1
13122.4
13128.8
13135.3
13141.9
13148.7
13155.5
13162.4
13169.5
13176.6
13183.8
13191.2
13198.6
13206.2
13213.8
13221.6
13229.4
13237.3
13245.3
13253.4
13261.6
13269.9
13278.2
13286.6
13295.1
13303.7
13312.4
13321.1
13329.9
13338.7
13347.7
13356.6
13365.7
13374.8
13383.9
13393.1
13402.4
13411.7
13421
13430.4
13439.9
13449.3
13458.9
13468.4
13478
13487.6
13497.3
13507
13516.7
13526.5
13536.2
13546.1
13555.9
13565.7
13575.6
13585.5
13595.5
13605.4
13615.4
13625.4
13635.4
13645.4
13655.4
13665.5
13675.5
13685.6
13695.7
13705.8
13716
13726.1
13736.3
13746.4
13756.6
13766.8
13777
13787.2
13797.4
13807.7
13817.9
13828.2
13838.4
13848.7
13859
13869.3
13879.6
13890
13900.3
13910.6
13921
13931.3
13941.7
13952.1
13962.5
13972.9
13983.3
13993.7
14004.2
14014.6
14025.1
14035.5
14046
14056.5
14067
14077.5
14088
14098.5
14109
14119.5
14130.1
14140.7
14151.2
14161.8
14172.4
14183
14193.6
14204.2
14214.8
14225.5
14236.1
14246.8
14257.4
14268.1
14278.8
14289.5
14300.2
14310.9
14321.6
14332.3
14343.1
14353.8
14364.6
14375.4
14386.1
14396.9
14407.7
14418.6
14429.4
14440.2
14451
14461.9
14472.8
14483.6
14494.5
14505.4
14516.3
14527.2
14538.1
14549.1
14560
14570.9
14581.9
14592.9
14603.8
14614.8
14625.8
14636.8
14647.9
14658.9
14669.9
14681
14692
14703.1
14714.2
14725.3
14736.4
14747.5
14758.6
14769.7
14780.9
14792
14803.2
14814.4
14825.5
14836.7
14847.9
14859.1
14870.4
14881.6
14892.8
14904.1
14915.3
14926.6
14937.9
14949.2
14960.5
14971.8
14983.1
14994.4
15005.8
15017.1
15028.5
15039.9
15051.3
15062.7
15074.1
15085.5
15096.9
15108.3
15119.8
15131.2
15142.7
15154.2
15165.7
15177.2
15188.7
15200.2
15211.7
15223.2
15234.8
15246.4
15257.9
15269.5
15281.1
15292.7
15304.3
15315.9
15327.6
15339.2
15350.9
15362.5
15374.2
15385.9
15397.6
15409.3
15421
15432.7
15444.5
15456.2
15468
15479.7
15491.5
15503.3
15515.1
15526.9
15538.7
15550.6
15562.4
15574.3
15586.1
15598
15609.9
15621.8
15633.7
15645.6
15657.5
15669.5
15681.4
15693.4
15705.4
15717.3
15729.3
15741.3
15753.4
15765.4
15777.4
15789.5
15801.5
15813.6
15825.7
15837.8
15849.9
15862
15874.1
15886.2
15898.4
15910.5
15922.7
15934.9
15947.1
15959.3
15971.5
15983.7
15995.9
16008.2
16020.4
16032.7
16045
16057.2
16069.5
16081.9
16094.2
16106.5
16118.8
16131.2
16143.6
16155.9
16168.3
16180.7
16193.1
16205.6
16218
16230.4
16242.9
16255.3
16267.8
16280.3
16292.8
16305.3
16317.8
16330.4
16342.9
16355.5
16368
16380.6
16393.2
16405.8
16418.4
16431
16443.6
16456.3
16468.9
16481.6
16494.3
16507
16519.7
16532.4
16545.1
16557.8
16570.6
16583.3
16596.1
16608.9
16621.7
16634.5
16647.3
16660.1
16673
16685.8
16698.7
16711.5
16724.4
16737.3
16750.2
16763.1
16776.1
16789
16802
16814.9
16827.9
16840.9
16853.9
16866.9
16879.9
16892.9
16906
16919
16932.1
16945.2
16958.3
16971.4
16984.5
16997.6
17010.8
17023.9
17037.1
17050.2
17063.4
17076.6
17089.8
17103
17116.3
17129.5
17142.8
17156
17169.3
17182.6
17195.9
17209.2
17222.6
17235.9
17249.2
17262.6
17276
17289.4
17302.8
17316.2
17329.6
17343
17356.5
17369.9
17383.4
17396.9
17410.4
17423.9
17437.4
17450.9
17464.4
17478
17491.6
17505.1
17518.7
17532.3
17545.9
17559.6
17573.2
17586.8
17600.5
17614.2
17627.9
17641.6
17655.3
17669
17682.7
17696.5
17710.2
17724
17737.8
17751.6
17765.4
17779.2
17793
17806.9
17820.7
17834.6
17848.5
17862.4
17876.3
17890.2
17904.1
17918.1
17932
17946
17960
17974
17988
18002
18016
18030
18044.1
18058.2
18072.2
18086.3
18100.4
18114.6
18128.7
18142.8
18157
18171.2
18185.3
18199.5
18213.7
18228
18242.2
18256.5
18270.7
18285
18299.3
18313.6
18327.9
18342.3
18356.6
18371
18385.4
18399.8
18414.2
18428.7
18443.1
18457.6
18472.1
18486.6
18501.2
18515.8
18530.3
18545
18559.6
18574.3
18589
18603.7
18618.5
18633.3
18648.1
18663
18677.9
18692.9
18707.9
18722.9
18738
18753.1
18768.3
18783.6
18798.9
18814.2
18829.6
18845.1
18860.7
18876.3
18892
18907.8
18923.6
18939.5
18955.5
18971.6
18987.8
19004.1
19020.5
19036.9
19053.5
19070.1
19086.9
19103.7
19120.7
19137.7
19154.9
19172.1
19189.5
19206.9
19224.5
19242.1
19259.8
19277.7
19295.6
19313.6
19331.7
19349.8
19368.1
19386.4
19404.8
19423.2
19441.7
19460.2
19478.8
19497.4
19516.1
19534.8
19553.5
19572.2
19590.9
19609.6
19628.3
19647
19665.7
19684.4
19703
19721.6
19740.1
19758.6
19777.1
19795.5
19813.8
19832.1
19850.3
19868.5
19886.6
19904.6
19922.5
19940.4
19958.2
19976
19993.6
20011.2
20028.7
20046.2
20063.5
20080.8
20098.1
20115.2
20132.4
20149.4
20166.4
20183.3
20200.2
20217
20233.8
20250.5
20267.2
20283.8
20300.4
20317
20333.5
20350
20366.4
20382.9
20399.3
20415.6
20432
20448.3
20464.7
20481
20497.2
20513.5
20529.8
20546
20562.3
20578.5
20594.7
20611
20627.2
20643.4
20659.7
20675.9
20692.1
20708.4
20724.6
20740.9
20757.2
20773.4
20789.7
20806
20822.4
20838.7
20855
20871.4
20887.8
20904.2
20920.7
20937.2
20953.7
20970.3
20986.9
21003.6
21020.3
21037.1
21054
21071
21088
21105.2
21122.5
21140
21157.6
21175.4
21193.4
21211.6
21230
21248.7
21267.7
21287
21306.6
21326.5
21346.8
21367.4
21388.5
21409.9
21431.8
21454
21476.6
21499.7
21523.1
21546.9
21571.1
21595.5
21620.3
21645.4
21670.7
21696.2
21721.8
21747.6
21773.5
21799.5
21825.5
21851.5
21877.4
21903.3
21929.1
21954.8
21980.3
22005.7
22031
22056.1
22081
22105.7
22130.3
22154.7
22179
22203
22226.9
22250.7
22274.2
22297.7
22321
22344.1
22367.1
22389.9
22412.6
22435.3
22457.5
22479.9
22501.5
)
;

boundaryField
{
    sides
    {
        type            zeroGradient;
    }
    empty
    {
        type            empty;
    }
}


// ************************************************************************* //
