/*--------------------------------*- C++ -*----------------------------------*\
| =========                 |                                                 |
| \\      /  F ield         | OpenFOAM: The Open Source CFD Toolbox           |
|  \\    /   O peration     | Version:  2406                                  |
|   \\  /    A nd           | Website:  www.openfoam.com                      |
|    \\/     M anipulation  |                                                 |
\*---------------------------------------------------------------------------*/
FoamFile
{
    version     2.0;
    format      ascii;
    arch        "LSB;label=32;scalar=64";
    class       surfaceScalarField;
    location    "0.038";
    object      phi;
}
// * * * * * * * * * * * * * * * * * * * * * * * * * * * * * * * * * * * * * //

dimensions      [1 0 -1 0 0 0 0];

oriented        oriented;

internalField   nonuniform List<scalar> 
999
(
16.0802
16.3747
16.669
16.9633
17.2573
17.5512
17.845
18.1387
18.4323
18.7256
19.0188
19.3118
19.6047
19.8975
20.1904
20.4831
20.7755
21.0677
21.3596
21.6513
21.9431
22.2349
22.5268
22.8187
23.1105
23.4021
23.6934
23.9843
24.2748
24.5649
24.8549
25.1448
25.4348
25.725
26.0156
26.3065
26.5978
26.8895
27.1815
27.4737
27.7661
28.0584
28.3508
28.6431
28.9356
29.2284
29.5216
29.8148
30.1081
30.4013
30.6945
30.9876
31.2807
31.5738
31.8668
32.1597
32.4526
32.7454
33.0382
33.3309
33.6236
33.9162
34.2087
34.5013
34.7937
35.0861
35.3785
35.6707
35.963
36.2551
36.5473
36.8394
37.1313
37.4233
37.7152
38.007
38.2988
38.5905
38.8821
39.1738
39.4653
39.7568
40.0482
40.3396
40.6309
40.9221
41.2133
41.5044
41.7955
42.0865
42.3774
42.6683
42.9591
43.2498
43.5405
43.8312
44.1217
44.4122
44.7026
44.993
45.2833
45.5735
45.8637
46.1538
46.4438
46.7337
47.0236
47.3135
47.6032
47.8929
48.1825
48.4721
48.7615
49.0509
49.3403
49.6295
49.9187
50.2078
50.4968
50.7858
51.0747
51.3635
51.6522
51.9409
52.2295
52.518
52.8064
53.0948
53.383
53.6712
53.9593
54.2473
54.5353
54.8232
55.1109
55.3986
55.6862
55.9738
56.2612
56.5486
56.8358
57.123
57.4101
57.6971
57.984
58.2708
58.5575
58.8442
59.1307
59.4172
59.7035
59.9898
60.2759
60.562
60.8479
61.1338
61.4196
61.7052
61.9908
62.2762
62.5616
62.8468
63.132
63.417
63.7019
63.9867
64.2714
64.556
64.8405
65.1248
65.4091
65.6932
65.9772
66.2611
66.5448
66.8285
67.112
67.3954
67.6787
67.9618
68.2448
68.5277
68.8104
69.093
69.3755
69.6578
69.94
70.2221
70.504
70.7858
71.0674
71.3488
71.6302
71.9113
72.1923
72.4732
72.7539
73.0344
73.3148
73.595
73.8751
74.1549
74.4346
74.7142
74.9935
75.2727
75.5517
75.8305
76.1091
76.3875
76.6657
76.9437
77.2216
77.4992
77.7766
78.0538
78.3308
78.6076
78.8842
79.1605
79.4367
79.7126
79.9882
80.2636
80.5388
80.8138
81.0885
81.3629
81.6371
81.911
82.1847
82.4581
82.7313
83.0041
83.2767
83.5491
83.8211
84.0928
84.3643
84.6354
84.9063
85.1768
85.447
85.717
85.9866
86.2558
86.5248
86.7934
87.0619
87.3302
87.5979
87.8652
88.1319
88.3982
88.6641
88.9295
89.1945
89.4591
89.7233
89.9871
90.2504
90.5133
90.7758
91.0378
91.2993
91.5604
91.821
92.0811
92.3407
92.5999
92.8585
93.1165
93.3741
93.6311
93.8876
94.1435
94.3988
94.6536
94.9078
95.1614
95.4144
95.6668
95.9186
96.1697
96.4202
96.6701
96.9193
97.1678
97.4157
97.6629
97.9095
98.1553
98.4004
98.6448
98.8885
99.1315
99.3737
99.6152
99.856
100.096
100.335
100.574
100.811
101.048
101.285
101.52
101.755
101.988
102.221
102.454
102.685
102.916
103.146
103.375
103.603
103.831
104.057
104.283
104.509
104.733
104.957
105.18
105.402
105.623
105.844
106.064
106.283
106.502
106.719
106.937
107.153
107.369
107.584
107.799
108.013
108.226
108.439
108.652
108.863
109.075
109.285
109.496
109.706
109.915
110.124
110.333
110.541
110.749
110.956
111.164
111.371
111.577
111.784
111.99
112.196
112.402
112.607
112.813
113.018
113.223
113.429
113.634
113.839
114.044
114.248
114.453
114.658
114.863
115.068
115.273
115.478
115.683
115.888
116.093
116.299
116.504
116.71
116.915
117.121
117.327
117.533
117.739
117.945
118.152
118.359
118.566
118.773
118.98
119.187
119.395
119.603
119.811
120.019
120.227
120.436
120.645
120.854
121.063
121.273
121.483
121.693
121.903
122.113
122.324
122.535
122.746
122.957
123.169
123.38
123.593
123.805
124.017
124.23
124.443
124.656
124.87
125.083
125.297
125.512
125.726
125.941
126.156
126.371
126.586
126.802
127.018
127.234
127.45
127.667
127.884
128.101
128.318
128.536
128.754
128.972
129.19
129.409
129.627
129.847
130.066
130.285
130.505
130.725
130.946
131.166
131.387
131.608
131.829
132.051
132.273
132.495
132.717
132.94
133.162
133.386
133.609
133.832
134.056
134.28
134.505
134.729
134.954
135.179
135.404
135.63
135.856
136.082
136.308
136.535
136.762
136.989
137.216
137.444
137.672
137.9
138.128
138.357
138.586
138.815
139.045
139.274
139.504
139.734
139.965
140.196
140.427
140.658
140.889
141.121
141.353
141.585
141.818
142.051
142.284
142.517
142.751
142.985
143.219
143.453
143.688
143.923
144.158
144.393
144.629
144.865
145.101
145.338
145.574
145.811
146.049
146.286
146.524
146.762
147
147.239
147.478
147.717
147.956
148.196
148.436
148.676
148.917
149.157
149.398
149.64
149.881
150.123
150.365
150.607
150.85
151.093
151.336
151.58
151.823
152.067
152.312
152.556
152.801
153.046
153.291
153.537
153.783
154.029
154.275
154.522
154.769
155.016
155.264
155.511
155.76
156.008
156.257
156.505
156.755
157.004
157.254
157.504
157.754
158.005
158.255
158.507
158.758
159.01
159.261
159.514
159.766
160.019
160.272
160.525
160.779
161.033
161.287
161.542
161.796
162.051
162.307
162.562
162.818
163.074
163.331
163.587
163.844
164.102
164.359
164.617
164.875
165.134
165.392
165.651
165.911
166.17
166.43
166.69
166.951
167.211
167.472
167.734
167.995
168.257
168.519
168.782
169.044
169.307
169.571
169.834
170.098
170.362
170.627
170.891
171.156
171.422
171.687
171.953
172.219
172.486
172.753
173.02
173.287
173.555
173.823
174.091
174.36
174.628
174.898
175.167
175.437
175.707
175.977
176.248
176.519
176.79
177.061
177.333
177.605
177.878
178.15
178.423
178.696
178.97
179.244
179.518
179.793
180.067
180.342
180.618
180.893
181.169
181.446
181.722
181.999
182.276
182.554
182.832
183.11
183.388
183.667
183.946
184.225
184.505
184.785
185.065
185.345
185.626
185.907
186.189
186.47
186.753
187.035
187.318
187.6
187.884
188.167
188.451
188.735
189.02
189.305
189.59
189.875
190.161
190.447
190.733
191.02
191.307
191.594
191.882
192.17
192.458
192.747
193.036
193.325
193.614
193.904
194.194
194.485
194.775
195.066
195.358
195.649
195.941
196.234
196.526
196.819
197.112
197.406
197.7
197.994
198.289
198.584
198.879
199.174
199.47
199.766
200.063
200.359
200.656
200.954
201.251
201.55
201.848
202.147
202.446
202.745
203.045
203.344
203.645
203.945
204.246
204.548
204.849
205.151
205.453
205.756
206.059
206.362
206.665
206.969
207.273
207.578
207.883
208.188
208.493
208.799
209.105
209.412
209.719
210.026
210.333
210.641
210.949
211.258
211.566
211.875
212.185
212.495
212.805
213.115
213.426
213.737
214.048
214.36
214.672
214.985
215.297
215.61
215.924
216.237
216.551
216.866
217.18
217.495
217.811
218.126
218.442
218.759
219.075
219.392
219.709
220.027
220.345
220.663
220.981
221.3
221.619
221.938
222.258
222.578
222.898
223.219
223.539
223.86
224.181
224.503
224.824
225.146
225.468
225.791
226.113
226.436
226.759
227.082
227.405
227.729
228.052
228.376
228.7
229.024
229.348
229.672
229.996
230.32
230.644
230.969
231.293
231.618
231.942
232.266
232.591
232.915
233.239
233.564
233.888
234.213
234.537
234.861
235.185
235.51
235.833
236.158
236.482
236.806
237.13
237.455
237.779
238.103
238.428
238.752
239.077
239.402
239.727
240.052
240.377
240.703
241.029
241.355
241.682
242.009
242.336
242.664
242.992
243.321
243.65
243.98
244.31
244.641
244.973
245.305
245.638
245.972
246.306
246.641
246.977
247.313
247.651
247.989
248.328
248.667
249.008
249.349
249.691
250.034
250.377
250.722
251.067
251.413
251.76
252.107
252.456
252.805
253.154
253.505
253.856
254.208
254.561
254.914
255.268
255.623
255.978
256.334
256.69
257.047
257.405
257.764
258.122
258.482
258.842
259.203
259.564
259.925
260.288
260.65
261.013
261.377
261.741
262.106
262.471
262.836
263.202
263.569
263.936
264.303
264.671
265.039
265.408
265.777
266.146
266.516
266.886
267.257
267.628
267.999
268.371
268.743
269.115
269.488
269.861
270.235
270.608
270.982
271.357
271.731
272.106
272.481
272.857
273.232
273.607
273.983
274.359
274.734
275.11
275.485
275.861
276.235
276.61
276.984
277.358
277.731
278.104
278.475
278.846
279.216
279.586
279.954
280.321
280.687
281.052
281.416
281.779
282.141
282.502
282.862
283.221
283.58
283.938
284.295
284.653
285.009
285.366
285.723
286.081
286.438
286.796
287.155
287.514
287.875
288.236
288.598
288.962
289.326
289.692
290.059
290.427
290.796
291.167
291.539
291.912
292.286
292.662
293.038
293.416
293.795
294.175
294.557
294.939
295.322
295.707
296.092
296.478
296.866
297.254
)
;

boundaryField
{
    sides
    {
        type            calculated;
        value           nonuniform List<scalar> 2(297.644 -15.7856);
    }
    empty
    {
        type            empty;
    }
}


// ************************************************************************* //
