/*--------------------------------*- C++ -*----------------------------------*\
| =========                 |                                                 |
| \\      /  F ield         | OpenFOAM: The Open Source CFD Toolbox           |
|  \\    /   O peration     | Version:  2406                                  |
|   \\  /    A nd           | Website:  www.openfoam.com                      |
|    \\/     M anipulation  |                                                 |
\*---------------------------------------------------------------------------*/
FoamFile
{
    version     2.0;
    format      ascii;
    arch        "LSB;label=32;scalar=64";
    class       volScalarField;
    location    "0.038";
    object      T;
}
// * * * * * * * * * * * * * * * * * * * * * * * * * * * * * * * * * * * * * //

dimensions      [0 0 0 1 0 0 0];

internalField   nonuniform List<scalar> 
1000
(
194.415
194.431
194.454
194.478
194.503
194.529
194.554
194.579
194.603
194.627
194.652
194.678
194.703
194.728
194.751
194.773
194.797
194.821
194.847
194.874
194.899
194.924
194.946
194.966
194.985
195.005
195.026
195.049
195.074
195.101
195.128
195.156
195.182
195.206
195.227
195.244
195.257
195.267
195.273
195.276
195.278
195.279
195.279
195.279
195.278
195.275
195.269
195.261
195.254
195.244
195.237
195.226
195.22
195.208
195.202
195.191
195.185
195.173
195.168
195.156
195.15
195.139
195.133
195.123
195.114
195.107
195.097
195.09
195.08
195.072
195.064
195.054
195.047
195.038
195.029
195.022
195.013
195.004
194.996
194.987
194.979
194.971
194.962
194.954
194.946
194.937
194.929
194.921
194.912
194.904
194.896
194.887
194.879
194.871
194.862
194.854
194.846
194.838
194.829
194.821
194.813
194.805
194.797
194.789
194.78
194.772
194.764
194.756
194.748
194.74
194.732
194.724
194.716
194.708
194.7
194.692
194.684
194.676
194.668
194.66
194.652
194.644
194.637
194.629
194.621
194.613
194.605
194.598
194.59
194.582
194.574
194.567
194.559
194.551
194.544
194.536
194.529
194.521
194.513
194.506
194.498
194.491
194.484
194.476
194.469
194.461
194.454
194.447
194.439
194.432
194.425
194.418
194.41
194.403
194.396
194.389
194.382
194.375
194.368
194.361
194.354
194.347
194.34
194.333
194.326
194.319
194.313
194.306
194.299
194.293
194.286
194.279
194.273
194.266
194.26
194.253
194.247
194.241
194.234
194.228
194.222
194.216
194.209
194.203
194.197
194.191
194.185
194.18
194.174
194.168
194.162
194.156
194.151
194.145
194.14
194.134
194.129
194.124
194.118
194.113
194.108
194.103
194.098
194.093
194.088
194.083
194.079
194.074
194.069
194.065
194.06
194.056
194.052
194.048
194.043
194.039
194.036
194.032
194.028
194.024
194.021
194.017
194.014
194.011
194.008
194.005
194.002
193.999
193.996
193.994
193.991
193.989
193.986
193.984
193.982
193.981
193.979
193.977
193.976
193.974
193.973
193.972
193.971
193.971
193.97
193.97
193.969
193.969
193.969
193.969
193.97
193.97
193.971
193.972
193.973
193.975
193.976
193.978
193.98
193.983
193.985
193.988
193.991
193.994
193.997
194.001
194.005
194.009
194.013
194.018
194.023
194.028
194.034
194.039
194.045
194.052
194.058
194.065
194.073
194.08
194.088
194.096
194.105
194.114
194.123
194.133
194.143
194.153
194.164
194.175
194.186
194.198
194.21
194.223
194.236
194.249
194.263
194.277
194.292
194.307
194.323
194.339
194.355
194.372
194.389
194.407
194.425
194.444
194.463
194.483
194.503
194.523
194.544
194.566
194.588
194.61
194.633
194.657
194.681
194.705
194.73
194.755
194.781
194.807
194.834
194.861
194.889
194.917
194.945
194.974
195.004
195.033
195.064
195.094
195.126
195.157
195.189
195.221
195.254
195.287
195.321
195.355
195.389
195.423
195.458
195.493
195.529
195.565
195.601
195.637
195.674
195.711
195.748
195.786
195.823
195.861
195.899
195.938
195.976
196.015
196.054
196.093
196.132
196.172
196.211
196.251
196.291
196.331
196.371
196.412
196.452
196.492
196.533
196.574
196.614
196.655
196.696
196.737
196.778
196.82
196.861
196.902
196.943
196.985
197.026
197.068
197.109
197.151
197.192
197.234
197.276
197.317
197.359
197.401
197.443
197.485
197.527
197.568
197.61
197.652
197.694
197.736
197.778
197.82
197.863
197.905
197.947
197.989
198.031
198.073
198.115
198.158
198.2
198.242
198.284
198.327
198.369
198.411
198.454
198.496
198.538
198.581
198.623
198.666
198.708
198.751
198.793
198.835
198.878
198.921
198.963
199.006
199.048
199.091
199.133
199.176
199.219
199.261
199.304
199.347
199.389
199.432
199.475
199.518
199.56
199.603
199.646
199.689
199.732
199.775
199.818
199.86
199.903
199.946
199.989
200.032
200.075
200.118
200.161
200.204
200.247
200.29
200.333
200.377
200.42
200.463
200.506
200.549
200.592
200.636
200.679
200.722
200.765
200.808
200.852
200.895
200.938
200.982
201.025
201.068
201.112
201.155
201.199
201.242
201.285
201.329
201.372
201.416
201.459
201.503
201.546
201.59
201.634
201.677
201.721
201.765
201.808
201.852
201.895
201.939
201.983
202.027
202.07
202.114
202.158
202.202
202.245
202.289
202.333
202.377
202.421
202.465
202.509
202.553
202.597
202.641
202.684
202.729
202.772
202.817
202.861
202.905
202.949
202.993
203.037
203.081
203.125
203.169
203.213
203.258
203.302
203.346
203.39
203.435
203.479
203.523
203.567
203.612
203.656
203.701
203.745
203.789
203.834
203.878
203.923
203.967
204.011
204.056
204.1
204.145
204.19
204.234
204.279
204.323
204.368
204.413
204.457
204.502
204.546
204.591
204.636
204.681
204.725
204.77
204.815
204.86
204.904
204.949
204.994
205.039
205.084
205.129
205.174
205.219
205.264
205.309
205.353
205.398
205.443
205.489
205.534
205.579
205.624
205.669
205.714
205.759
205.804
205.849
205.894
205.94
205.985
206.03
206.075
206.12
206.166
206.211
206.256
206.302
206.347
206.392
206.438
206.483
206.528
206.574
206.619
206.665
206.71
206.756
206.801
206.847
206.892
206.938
206.983
207.029
207.075
207.12
207.166
207.211
207.257
207.303
207.348
207.394
207.44
207.486
207.531
207.577
207.623
207.669
207.715
207.76
207.806
207.852
207.898
207.944
207.99
208.036
208.082
208.128
208.174
208.22
208.266
208.312
208.358
208.404
208.45
208.496
208.542
208.589
208.635
208.681
208.727
208.773
208.82
208.866
208.912
208.958
209.005
209.051
209.097
209.144
209.19
209.236
209.283
209.329
209.376
209.422
209.468
209.515
209.561
209.608
209.654
209.701
209.748
209.794
209.841
209.887
209.934
209.981
210.027
210.074
210.121
210.167
210.214
210.261
210.308
210.354
210.401
210.448
210.495
210.542
210.589
210.635
210.682
210.729
210.776
210.823
210.87
210.917
210.964
211.011
211.058
211.105
211.152
211.199
211.246
211.293
211.341
211.388
211.435
211.482
211.529
211.576
211.624
211.671
211.718
211.765
211.813
211.86
211.907
211.955
212.002
212.049
212.097
212.144
212.192
212.239
212.286
212.334
212.381
212.429
212.476
212.524
212.572
212.619
212.667
212.714
212.762
212.81
212.857
212.905
212.953
213
213.048
213.096
213.143
213.191
213.239
213.287
213.335
213.382
213.43
213.478
213.526
213.574
213.622
213.67
213.718
213.766
213.814
213.862
213.91
213.958
214.006
214.054
214.102
214.15
214.198
214.246
214.295
214.343
214.391
214.439
214.488
214.536
214.584
214.633
214.681
214.729
214.778
214.826
214.875
214.924
214.972
215.021
215.069
215.118
215.167
215.216
215.265
215.314
215.363
215.413
215.461
215.511
215.56
215.61
215.659
215.71
215.759
215.81
215.859
215.911
215.96
216.012
216.061
216.114
216.163
216.217
216.265
216.32
216.369
216.425
216.473
216.53
216.578
216.637
216.684
216.744
216.791
216.853
216.9
216.963
217.009
217.074
217.119
217.186
217.231
217.299
217.344
217.413
217.458
217.529
217.573
217.646
217.689
217.763
217.805
217.881
217.923
218
218.042
218.119
218.161
218.239
218.28
218.359
218.4
218.479
218.52
218.599
218.639
218.719
218.759
218.838
218.878
218.957
218.997
219.075
219.115
219.193
219.232
219.309
219.348
219.425
219.463
219.54
219.578
219.653
219.691
219.766
219.803
219.877
219.914
219.987
220.024
220.097
220.133
220.205
220.241
220.313
220.348
220.419
220.454
220.525
220.56
220.63
220.664
220.734
220.768
220.837
220.872
220.94
220.974
221.043
221.077
221.145
221.178
221.246
221.28
221.347
221.381
221.448
221.482
221.549
221.582
221.649
221.682
221.749
221.783
221.849
221.883
221.949
221.982
222.049
222.082
222.149
222.182
222.249
222.282
222.349
222.382
222.449
222.482
222.549
222.582
222.649
222.682
222.749
222.783
222.85
222.884
222.951
222.985
223.053
223.087
223.155
223.19
223.259
223.294
223.364
223.399
223.47
223.506
223.579
223.616
223.69
223.728
223.804
223.843
223.922
223.963
224.044
224.086
224.17
224.214
224.301
224.346
224.437
224.483
224.577
224.624
224.721
224.77
224.868
224.918
225.019
225.07
225.171
225.223
225.325
225.377
225.478
225.531
225.632
225.684
225.784
225.835
225.935
225.985
226.083
226.133
226.23
226.279
226.374
226.422
226.516
226.564
226.656
226.703
226.794
226.84
226.93
226.975
227.064
227.108
227.196
227.239
227.334
227.36
227.483
)
;

boundaryField
{
    sides
    {
        type            zeroGradient;
    }
    empty
    {
        type            empty;
    }
}


// ************************************************************************* //
