/*--------------------------------*- C++ -*----------------------------------*\
| =========                 |                                                 |
| \\      /  F ield         | OpenFOAM: The Open Source CFD Toolbox           |
|  \\    /   O peration     | Version:  2406                                  |
|   \\  /    A nd           | Website:  www.openfoam.com                      |
|    \\/     M anipulation  |                                                 |
\*---------------------------------------------------------------------------*/
FoamFile
{
    version     2.0;
    format      ascii;
    arch        "LSB;label=32;scalar=64";
    class       volVectorField;
    location    "0.038";
    object      U;
}
// * * * * * * * * * * * * * * * * * * * * * * * * * * * * * * * * * * * * * //

dimensions      [0 1 -1 0 0 0 0];

internalField   nonuniform List<vector> 
1000
(
(16.5787 0 0)
(16.9258 0 0)
(17.3448 0 0)
(17.6887 0 0)
(17.9942 0 0)
(18.2993 0 0)
(18.6118 0 0)
(18.9272 0 0)
(19.2424 0 0)
(19.5569 0 0)
(19.8713 0 0)
(20.1857 0 0)
(20.5002 0 0)
(20.8147 0 0)
(21.1293 0 0)
(21.4438 0 0)
(21.7584 0 0)
(22.073 0 0)
(22.3876 0 0)
(22.7022 0 0)
(23.0169 0 0)
(23.3317 0 0)
(23.6464 0 0)
(23.9611 0 0)
(24.2758 0 0)
(24.5906 0 0)
(24.9053 0 0)
(25.2201 0 0)
(25.5349 0 0)
(25.8497 0 0)
(26.1646 0 0)
(26.4795 0 0)
(26.7944 0 0)
(27.1093 0 0)
(27.4243 0 0)
(27.7393 0 0)
(28.0543 0 0)
(28.3693 0 0)
(28.6843 0 0)
(28.9993 0 0)
(29.3143 0 0)
(29.6293 0 0)
(29.9444 0 0)
(30.2594 0 0)
(30.5745 0 0)
(30.8896 0 0)
(31.2047 0 0)
(31.5198 0 0)
(31.8349 0 0)
(32.1501 0 0)
(32.4652 0 0)
(32.7803 0 0)
(33.0955 0 0)
(33.4106 0 0)
(33.7258 0 0)
(34.041 0 0)
(34.3562 0 0)
(34.6714 0 0)
(34.9866 0 0)
(35.3018 0 0)
(35.617 0 0)
(35.9322 0 0)
(36.2475 0 0)
(36.5627 0 0)
(36.8779 0 0)
(37.1932 0 0)
(37.5084 0 0)
(37.8237 0 0)
(38.139 0 0)
(38.4542 0 0)
(38.7695 0 0)
(39.0848 0 0)
(39.4001 0 0)
(39.7153 0 0)
(40.0306 0 0)
(40.3459 0 0)
(40.6612 0 0)
(40.9765 0 0)
(41.2917 0 0)
(41.607 0 0)
(41.9223 0 0)
(42.2376 0 0)
(42.5528 0 0)
(42.8681 0 0)
(43.1834 0 0)
(43.4987 0 0)
(43.8139 0 0)
(44.1292 0 0)
(44.4444 0 0)
(44.7596 0 0)
(45.0749 0 0)
(45.3901 0 0)
(45.7053 0 0)
(46.0205 0 0)
(46.3357 0 0)
(46.6509 0 0)
(46.9661 0 0)
(47.2813 0 0)
(47.5964 0 0)
(47.9116 0 0)
(48.2267 0 0)
(48.5418 0 0)
(48.8569 0 0)
(49.172 0 0)
(49.4871 0 0)
(49.8022 0 0)
(50.1172 0 0)
(50.4322 0 0)
(50.7472 0 0)
(51.0622 0 0)
(51.3772 0 0)
(51.6921 0 0)
(52.007 0 0)
(52.3219 0 0)
(52.6368 0 0)
(52.9516 0 0)
(53.2665 0 0)
(53.5812 0 0)
(53.896 0 0)
(54.2108 0 0)
(54.5255 0 0)
(54.8402 0 0)
(55.1548 0 0)
(55.4694 0 0)
(55.784 0 0)
(56.0986 0 0)
(56.4131 0 0)
(56.7276 0 0)
(57.042 0 0)
(57.3564 0 0)
(57.6708 0 0)
(57.9851 0 0)
(58.2994 0 0)
(58.6136 0 0)
(58.9278 0 0)
(59.242 0 0)
(59.5561 0 0)
(59.8702 0 0)
(60.1842 0 0)
(60.4981 0 0)
(60.812 0 0)
(61.1259 0 0)
(61.4397 0 0)
(61.7535 0 0)
(62.0671 0 0)
(62.3808 0 0)
(62.6944 0 0)
(63.0079 0 0)
(63.3213 0 0)
(63.6347 0 0)
(63.948 0 0)
(64.2613 0 0)
(64.5745 0 0)
(64.8876 0 0)
(65.2006 0 0)
(65.5136 0 0)
(65.8265 0 0)
(66.1393 0 0)
(66.452 0 0)
(66.7647 0 0)
(67.0773 0 0)
(67.3897 0 0)
(67.7021 0 0)
(68.0144 0 0)
(68.3267 0 0)
(68.6388 0 0)
(68.9508 0 0)
(69.2627 0 0)
(69.5746 0 0)
(69.8863 0 0)
(70.1979 0 0)
(70.5094 0 0)
(70.8208 0 0)
(71.1321 0 0)
(71.4433 0 0)
(71.7544 0 0)
(72.0653 0 0)
(72.3761 0 0)
(72.6868 0 0)
(72.9974 0 0)
(73.3078 0 0)
(73.6181 0 0)
(73.9283 0 0)
(74.2383 0 0)
(74.5482 0 0)
(74.8579 0 0)
(75.1675 0 0)
(75.4769 0 0)
(75.7862 0 0)
(76.0953 0 0)
(76.4043 0 0)
(76.7131 0 0)
(77.0217 0 0)
(77.3301 0 0)
(77.6384 0 0)
(77.9464 0 0)
(78.2543 0 0)
(78.562 0 0)
(78.8695 0 0)
(79.1768 0 0)
(79.4839 0 0)
(79.7908 0 0)
(80.0975 0 0)
(80.4039 0 0)
(80.7102 0 0)
(81.0162 0 0)
(81.3219 0 0)
(81.6275 0 0)
(81.9327 0 0)
(82.2378 0 0)
(82.5425 0 0)
(82.8471 0 0)
(83.1513 0 0)
(83.4553 0 0)
(83.759 0 0)
(84.0624 0 0)
(84.3655 0 0)
(84.6683 0 0)
(84.9708 0 0)
(85.2731 0 0)
(85.5749 0 0)
(85.8765 0 0)
(86.1777 0 0)
(86.4786 0 0)
(86.7791 0 0)
(87.0793 0 0)
(87.3791 0 0)
(87.6786 0 0)
(87.9776 0 0)
(88.2763 0 0)
(88.5746 0 0)
(88.8725 0 0)
(89.17 0 0)
(89.4671 0 0)
(89.7637 0 0)
(90.0599 0 0)
(90.3557 0 0)
(90.651 0 0)
(90.9458 0 0)
(91.2402 0 0)
(91.5341 0 0)
(91.8275 0 0)
(92.1204 0 0)
(92.4128 0 0)
(92.7047 0 0)
(92.996 0 0)
(93.2868 0 0)
(93.5772 0 0)
(93.8672 0 0)
(94.1569 0 0)
(94.4459 0 0)
(94.734 0 0)
(95.0212 0 0)
(95.3076 0 0)
(95.5933 0 0)
(95.8782 0 0)
(96.1625 0 0)
(96.446 0 0)
(96.7288 0 0)
(97.0109 0 0)
(97.2922 0 0)
(97.5728 0 0)
(97.8526 0 0)
(98.1316 0 0)
(98.4098 0 0)
(98.6872 0 0)
(98.9637 0 0)
(99.2394 0 0)
(99.5141 0 0)
(99.788 0 0)
(100.061 0 0)
(100.333 0 0)
(100.604 0 0)
(100.874 0 0)
(101.143 0 0)
(101.411 0 0)
(101.678 0 0)
(101.944 0 0)
(102.209 0 0)
(102.473 0 0)
(102.735 0 0)
(102.997 0 0)
(103.257 0 0)
(103.516 0 0)
(103.774 0 0)
(104.031 0 0)
(104.287 0 0)
(104.541 0 0)
(104.794 0 0)
(105.045 0 0)
(105.296 0 0)
(105.545 0 0)
(105.792 0 0)
(106.039 0 0)
(106.284 0 0)
(106.527 0 0)
(106.769 0 0)
(107.01 0 0)
(107.249 0 0)
(107.486 0 0)
(107.723 0 0)
(107.957 0 0)
(108.19 0 0)
(108.422 0 0)
(108.652 0 0)
(108.88 0 0)
(109.107 0 0)
(109.332 0 0)
(109.556 0 0)
(109.778 0 0)
(109.998 0 0)
(110.217 0 0)
(110.434 0 0)
(110.65 0 0)
(110.864 0 0)
(111.076 0 0)
(111.286 0 0)
(111.495 0 0)
(111.703 0 0)
(111.908 0 0)
(112.112 0 0)
(112.315 0 0)
(112.515 0 0)
(112.715 0 0)
(112.912 0 0)
(113.108 0 0)
(113.302 0 0)
(113.495 0 0)
(113.687 0 0)
(113.876 0 0)
(114.065 0 0)
(114.251 0 0)
(114.437 0 0)
(114.621 0 0)
(114.803 0 0)
(114.984 0 0)
(115.164 0 0)
(115.342 0 0)
(115.519 0 0)
(115.695 0 0)
(115.87 0 0)
(116.043 0 0)
(116.215 0 0)
(116.386 0 0)
(116.556 0 0)
(116.725 0 0)
(116.893 0 0)
(117.059 0 0)
(117.225 0 0)
(117.39 0 0)
(117.554 0 0)
(117.717 0 0)
(117.879 0 0)
(118.041 0 0)
(118.202 0 0)
(118.362 0 0)
(118.521 0 0)
(118.679 0 0)
(118.837 0 0)
(118.995 0 0)
(119.152 0 0)
(119.308 0 0)
(119.464 0 0)
(119.619 0 0)
(119.774 0 0)
(119.928 0 0)
(120.082 0 0)
(120.236 0 0)
(120.389 0 0)
(120.542 0 0)
(120.695 0 0)
(120.847 0 0)
(120.999 0 0)
(121.151 0 0)
(121.303 0 0)
(121.454 0 0)
(121.606 0 0)
(121.757 0 0)
(121.908 0 0)
(122.058 0 0)
(122.209 0 0)
(122.36 0 0)
(122.51 0 0)
(122.66 0 0)
(122.811 0 0)
(122.961 0 0)
(123.111 0 0)
(123.261 0 0)
(123.411 0 0)
(123.561 0 0)
(123.711 0 0)
(123.861 0 0)
(124.011 0 0)
(124.161 0 0)
(124.311 0 0)
(124.461 0 0)
(124.611 0 0)
(124.761 0 0)
(124.91 0 0)
(125.06 0 0)
(125.21 0 0)
(125.36 0 0)
(125.51 0 0)
(125.66 0 0)
(125.81 0 0)
(125.96 0 0)
(126.11 0 0)
(126.26 0 0)
(126.41 0 0)
(126.561 0 0)
(126.711 0 0)
(126.861 0 0)
(127.011 0 0)
(127.161 0 0)
(127.312 0 0)
(127.462 0 0)
(127.612 0 0)
(127.763 0 0)
(127.913 0 0)
(128.064 0 0)
(128.214 0 0)
(128.365 0 0)
(128.515 0 0)
(128.666 0 0)
(128.817 0 0)
(128.967 0 0)
(129.118 0 0)
(129.269 0 0)
(129.42 0 0)
(129.571 0 0)
(129.722 0 0)
(129.873 0 0)
(130.024 0 0)
(130.175 0 0)
(130.326 0 0)
(130.477 0 0)
(130.628 0 0)
(130.779 0 0)
(130.93 0 0)
(131.082 0 0)
(131.233 0 0)
(131.384 0 0)
(131.536 0 0)
(131.687 0 0)
(131.838 0 0)
(131.99 0 0)
(132.142 0 0)
(132.293 0 0)
(132.445 0 0)
(132.596 0 0)
(132.748 0 0)
(132.9 0 0)
(133.052 0 0)
(133.203 0 0)
(133.355 0 0)
(133.507 0 0)
(133.659 0 0)
(133.811 0 0)
(133.963 0 0)
(134.115 0 0)
(134.267 0 0)
(134.419 0 0)
(134.572 0 0)
(134.724 0 0)
(134.876 0 0)
(135.028 0 0)
(135.181 0 0)
(135.333 0 0)
(135.485 0 0)
(135.638 0 0)
(135.79 0 0)
(135.943 0 0)
(136.096 0 0)
(136.248 0 0)
(136.401 0 0)
(136.553 0 0)
(136.706 0 0)
(136.859 0 0)
(137.012 0 0)
(137.165 0 0)
(137.318 0 0)
(137.47 0 0)
(137.623 0 0)
(137.776 0 0)
(137.93 0 0)
(138.083 0 0)
(138.236 0 0)
(138.389 0 0)
(138.542 0 0)
(138.695 0 0)
(138.849 0 0)
(139.002 0 0)
(139.155 0 0)
(139.309 0 0)
(139.462 0 0)
(139.616 0 0)
(139.769 0 0)
(139.923 0 0)
(140.076 0 0)
(140.23 0 0)
(140.384 0 0)
(140.538 0 0)
(140.691 0 0)
(140.845 0 0)
(140.999 0 0)
(141.153 0 0)
(141.307 0 0)
(141.461 0 0)
(141.615 0 0)
(141.769 0 0)
(141.923 0 0)
(142.077 0 0)
(142.231 0 0)
(142.385 0 0)
(142.54 0 0)
(142.694 0 0)
(142.848 0 0)
(143.003 0 0)
(143.157 0 0)
(143.311 0 0)
(143.466 0 0)
(143.62 0 0)
(143.775 0 0)
(143.929 0 0)
(144.084 0 0)
(144.239 0 0)
(144.394 0 0)
(144.548 0 0)
(144.703 0 0)
(144.858 0 0)
(145.013 0 0)
(145.168 0 0)
(145.323 0 0)
(145.478 0 0)
(145.633 0 0)
(145.788 0 0)
(145.943 0 0)
(146.098 0 0)
(146.253 0 0)
(146.408 0 0)
(146.564 0 0)
(146.719 0 0)
(146.874 0 0)
(147.03 0 0)
(147.185 0 0)
(147.34 0 0)
(147.496 0 0)
(147.651 0 0)
(147.807 0 0)
(147.963 0 0)
(148.118 0 0)
(148.274 0 0)
(148.43 0 0)
(148.585 0 0)
(148.741 0 0)
(148.897 0 0)
(149.053 0 0)
(149.209 0 0)
(149.365 0 0)
(149.521 0 0)
(149.677 0 0)
(149.833 0 0)
(149.989 0 0)
(150.145 0 0)
(150.301 0 0)
(150.457 0 0)
(150.614 0 0)
(150.77 0 0)
(150.926 0 0)
(151.083 0 0)
(151.239 0 0)
(151.395 0 0)
(151.552 0 0)
(151.708 0 0)
(151.865 0 0)
(152.022 0 0)
(152.178 0 0)
(152.335 0 0)
(152.492 0 0)
(152.648 0 0)
(152.805 0 0)
(152.962 0 0)
(153.119 0 0)
(153.276 0 0)
(153.433 0 0)
(153.59 0 0)
(153.747 0 0)
(153.904 0 0)
(154.061 0 0)
(154.218 0 0)
(154.375 0 0)
(154.532 0 0)
(154.689 0 0)
(154.847 0 0)
(155.004 0 0)
(155.161 0 0)
(155.319 0 0)
(155.476 0 0)
(155.634 0 0)
(155.791 0 0)
(155.949 0 0)
(156.106 0 0)
(156.264 0 0)
(156.422 0 0)
(156.579 0 0)
(156.737 0 0)
(156.895 0 0)
(157.053 0 0)
(157.21 0 0)
(157.368 0 0)
(157.526 0 0)
(157.684 0 0)
(157.842 0 0)
(158 0 0)
(158.158 0 0)
(158.316 0 0)
(158.474 0 0)
(158.633 0 0)
(158.791 0 0)
(158.949 0 0)
(159.107 0 0)
(159.266 0 0)
(159.424 0 0)
(159.583 0 0)
(159.741 0 0)
(159.899 0 0)
(160.058 0 0)
(160.216 0 0)
(160.375 0 0)
(160.534 0 0)
(160.692 0 0)
(160.851 0 0)
(161.01 0 0)
(161.169 0 0)
(161.327 0 0)
(161.486 0 0)
(161.645 0 0)
(161.804 0 0)
(161.963 0 0)
(162.122 0 0)
(162.281 0 0)
(162.44 0 0)
(162.599 0 0)
(162.758 0 0)
(162.918 0 0)
(163.077 0 0)
(163.236 0 0)
(163.395 0 0)
(163.555 0 0)
(163.714 0 0)
(163.873 0 0)
(164.033 0 0)
(164.192 0 0)
(164.352 0 0)
(164.511 0 0)
(164.671 0 0)
(164.831 0 0)
(164.99 0 0)
(165.15 0 0)
(165.31 0 0)
(165.469 0 0)
(165.629 0 0)
(165.789 0 0)
(165.949 0 0)
(166.109 0 0)
(166.269 0 0)
(166.429 0 0)
(166.589 0 0)
(166.749 0 0)
(166.909 0 0)
(167.069 0 0)
(167.229 0 0)
(167.39 0 0)
(167.55 0 0)
(167.71 0 0)
(167.87 0 0)
(168.031 0 0)
(168.191 0 0)
(168.352 0 0)
(168.512 0 0)
(168.673 0 0)
(168.833 0 0)
(168.994 0 0)
(169.154 0 0)
(169.315 0 0)
(169.476 0 0)
(169.636 0 0)
(169.797 0 0)
(169.958 0 0)
(170.119 0 0)
(170.28 0 0)
(170.441 0 0)
(170.601 0 0)
(170.762 0 0)
(170.923 0 0)
(171.084 0 0)
(171.246 0 0)
(171.407 0 0)
(171.568 0 0)
(171.729 0 0)
(171.89 0 0)
(172.052 0 0)
(172.213 0 0)
(172.374 0 0)
(172.536 0 0)
(172.697 0 0)
(172.858 0 0)
(173.02 0 0)
(173.181 0 0)
(173.343 0 0)
(173.505 0 0)
(173.666 0 0)
(173.828 0 0)
(173.99 0 0)
(174.151 0 0)
(174.313 0 0)
(174.475 0 0)
(174.637 0 0)
(174.799 0 0)
(174.96 0 0)
(175.122 0 0)
(175.284 0 0)
(175.446 0 0)
(175.608 0 0)
(175.771 0 0)
(175.933 0 0)
(176.095 0 0)
(176.257 0 0)
(176.419 0 0)
(176.582 0 0)
(176.744 0 0)
(176.906 0 0)
(177.069 0 0)
(177.231 0 0)
(177.393 0 0)
(177.556 0 0)
(177.718 0 0)
(177.881 0 0)
(178.044 0 0)
(178.206 0 0)
(178.369 0 0)
(178.531 0 0)
(178.694 0 0)
(178.857 0 0)
(179.02 0 0)
(179.183 0 0)
(179.345 0 0)
(179.508 0 0)
(179.671 0 0)
(179.834 0 0)
(179.997 0 0)
(180.16 0 0)
(180.323 0 0)
(180.486 0 0)
(180.649 0 0)
(180.813 0 0)
(180.976 0 0)
(181.139 0 0)
(181.302 0 0)
(181.466 0 0)
(181.629 0 0)
(181.792 0 0)
(181.955 0 0)
(182.119 0 0)
(182.282 0 0)
(182.446 0 0)
(182.609 0 0)
(182.773 0 0)
(182.936 0 0)
(183.099 0 0)
(183.263 0 0)
(183.426 0 0)
(183.59 0 0)
(183.753 0 0)
(183.917 0 0)
(184.08 0 0)
(184.244 0 0)
(184.407 0 0)
(184.57 0 0)
(184.734 0 0)
(184.897 0 0)
(185.06 0 0)
(185.223 0 0)
(185.386 0 0)
(185.549 0 0)
(185.712 0 0)
(185.875 0 0)
(186.038 0 0)
(186.2 0 0)
(186.363 0 0)
(186.525 0 0)
(186.687 0 0)
(186.849 0 0)
(187.01 0 0)
(187.172 0 0)
(187.333 0 0)
(187.494 0 0)
(187.654 0 0)
(187.814 0 0)
(187.974 0 0)
(188.134 0 0)
(188.293 0 0)
(188.451 0 0)
(188.61 0 0)
(188.767 0 0)
(188.925 0 0)
(189.081 0 0)
(189.237 0 0)
(189.393 0 0)
(189.548 0 0)
(189.702 0 0)
(189.856 0 0)
(190.009 0 0)
(190.161 0 0)
(190.312 0 0)
(190.463 0 0)
(190.613 0 0)
(190.762 0 0)
(190.91 0 0)
(191.058 0 0)
(191.204 0 0)
(191.35 0 0)
(191.494 0 0)
(191.638 0 0)
(191.781 0 0)
(191.923 0 0)
(192.065 0 0)
(192.205 0 0)
(192.344 0 0)
(192.483 0 0)
(192.621 0 0)
(192.758 0 0)
(192.894 0 0)
(193.029 0 0)
(193.164 0 0)
(193.298 0 0)
(193.432 0 0)
(193.565 0 0)
(193.697 0 0)
(193.829 0 0)
(193.96 0 0)
(194.091 0 0)
(194.222 0 0)
(194.353 0 0)
(194.483 0 0)
(194.614 0 0)
(194.744 0 0)
(194.875 0 0)
(195.005 0 0)
(195.136 0 0)
(195.267 0 0)
(195.398 0 0)
(195.53 0 0)
(195.662 0 0)
(195.795 0 0)
(195.928 0 0)
(196.062 0 0)
(196.197 0 0)
(196.332 0 0)
(196.468 0 0)
(196.605 0 0)
(196.742 0 0)
(196.881 0 0)
(197.021 0 0)
(197.161 0 0)
(197.302 0 0)
(197.445 0 0)
(197.588 0 0)
(197.732 0 0)
(197.878 0 0)
(198.024 0 0)
(198.171 0 0)
(198.319 0 0)
(198.469 0 0)
(198.619 0 0)
(198.77 0 0)
(198.922 0 0)
(199.075 0 0)
(199.229 0 0)
(199.384 0 0)
(199.539 0 0)
(199.696 0 0)
(199.853 0 0)
(200.011 0 0)
(200.17 0 0)
(200.329 0 0)
(200.489 0 0)
(200.65 0 0)
(200.811 0 0)
(200.973 0 0)
(201.136 0 0)
(201.299 0 0)
(201.463 0 0)
(201.627 0 0)
(201.792 0 0)
(201.957 0 0)
(202.122 0 0)
(202.288 0 0)
(202.455 0 0)
(202.622 0 0)
(202.789 0 0)
(202.956 0 0)
(203.124 0 0)
(203.292 0 0)
(203.46 0 0)
(203.628 0 0)
(203.797 0 0)
(203.966 0 0)
(204.135 0 0)
(204.305 0 0)
(204.474 0 0)
(204.644 0 0)
(204.814 0 0)
(204.984 0 0)
(205.154 0 0)
(205.324 0 0)
(205.494 0 0)
(205.664 0 0)
(205.835 0 0)
(206.005 0 0)
(206.176 0 0)
(206.346 0 0)
(206.517 0 0)
(206.687 0 0)
(206.857 0 0)
(207.028 0 0)
(207.198 0 0)
(207.368 0 0)
(207.538 0 0)
(207.707 0 0)
(207.877 0 0)
(208.046 0 0)
(208.215 0 0)
(208.383 0 0)
(208.55 0 0)
(208.717 0 0)
(208.884 0 0)
(209.049 0 0)
(209.214 0 0)
(209.377 0 0)
(209.539 0 0)
(209.7 0 0)
(209.859 0 0)
(210.016 0 0)
(210.171 0 0)
(210.324 0 0)
(210.474 0 0)
(210.622 0 0)
(210.767 0 0)
(210.909 0 0)
(211.048 0 0)
(211.183 0 0)
(211.315 0 0)
(211.443 0 0)
(211.568 0 0)
(211.689 0 0)
(211.806 0 0)
(211.919 0 0)
(212.029 0 0)
(212.135 0 0)
(212.238 0 0)
(212.337 0 0)
(212.434 0 0)
(212.528 0 0)
(212.62 0 0)
(212.709 0 0)
(212.797 0 0)
(212.884 0 0)
(212.97 0 0)
(213.055 0 0)
(213.14 0 0)
(213.225 0 0)
(213.311 0 0)
(213.397 0 0)
(213.485 0 0)
(213.573 0 0)
(213.663 0 0)
(213.755 0 0)
(213.849 0 0)
(213.944 0 0)
(214.041 0 0)
(214.14 0 0)
(214.242 0 0)
(214.345 0 0)
(214.45 0 0)
(214.557 0 0)
(214.666 0 0)
(214.777 0 0)
(214.89 0 0)
(215.005 0 0)
(215.121 0 0)
(215.239 0 0)
(215.359 0 0)
(215.481 0 0)
(215.604 0 0)
(215.728 0 0)
(215.856 0 0)
(215.985 0 0)
(216.117 0 0)
(216.401 0 0)
)
;

boundaryField
{
    sides
    {
        type            zeroGradient;
    }
    empty
    {
        type            empty;
    }
}


// ************************************************************************* //
