/*--------------------------------*- C++ -*----------------------------------*\
| =========                 |                                                 |
| \\      /  F ield         | OpenFOAM: The Open Source CFD Toolbox           |
|  \\    /   O peration     | Version:  2406                                  |
|   \\  /    A nd           | Website:  www.openfoam.com                      |
|    \\/     M anipulation  |                                                 |
\*---------------------------------------------------------------------------*/
FoamFile
{
    version     2.0;
    format      ascii;
    arch        "LSB;label=32;scalar=64";
    class       volScalarField;
    location    "0.01";
    object      mag(U);
}
// * * * * * * * * * * * * * * * * * * * * * * * * * * * * * * * * * * * * * //

dimensions      [0 1 -1 0 0 0 0];

internalField   nonuniform List<scalar> 
1000
(
6.56429e-13
6.85603e-13
8.60651e-13
9.48175e-13
8.16889e-13
1.0357e-12
8.75238e-13
1.07946e-12
1.1524e-12
1.10863e-12
1.19616e-12
1.06487e-12
1.05029e-12
1.10863e-12
1.06487e-12
1.06487e-12
8.75238e-13
7.43952e-13
9.33587e-13
9.48175e-13
1.42956e-12
1.77965e-12
2.88829e-12
4.50748e-12
7.352e-12
1.18011e-11
1.87739e-11
2.98456e-11
4.76859e-11
7.45557e-11
1.17442e-10
1.83173e-10
2.85721e-10
4.44358e-10
6.88098e-10
1.06292e-09
1.63589e-09
2.51043e-09
3.83836e-09
5.85127e-09
8.88753e-09
1.34546e-08
2.02979e-08
3.05159e-08
4.57181e-08
6.82509e-08
1.01531e-07
1.505e-07
2.22286e-07
3.27128e-07
4.79669e-07
7.00767e-07
1.02001e-06
1.47917e-06
2.13702e-06
3.07583e-06
4.41032e-06
6.29968e-06
8.96389e-06
1.27055e-05
1.79389e-05
2.52285e-05
3.53402e-05
4.93078e-05
6.85202e-05
9.48344e-05
0.00013072
0.000179448
0.000245322
0.000333985
0.000452786
0.000611255
0.000821675
0.0010998
0.0014657
0.00194483
0.00256927
0.00337919
0.00442462
0.00576746
0.00748383
0.00966669
0.0124289
0.0159063
0.0202619
0.0256888
0.0324152
0.0407081
0.0508777
0.0632814
0.0783277
0.0964795
0.118257
0.144238
0.175062
0.211426
0.254083
0.303842
0.361555
0.428119
0.504459
0.591521
0.690263
0.801635
0.926571
1.06598
1.22071
1.39156
1.57927
1.78449
2.00777
2.24959
2.51029
2.79015
3.08933
3.40787
3.74574
4.10281
4.47886
4.87359
5.28663
5.71756
6.1659
6.63112
7.11268
7.60999
8.12245
8.64945
9.19038
9.74462
10.3116
10.8906
11.4812
12.0828
12.6948
13.3166
13.9479
14.588
15.2365
15.8931
16.5572
17.2284
17.9065
18.5909
19.2815
19.9779
20.6797
21.3867
22.0987
22.8154
23.5365
24.2619
24.9913
25.7245
26.4614
27.2018
27.9456
28.6925
29.4424
30.1952
30.9508
31.7091
32.4698
33.2331
33.9986
34.7664
35.5363
36.3083
37.0822
37.8581
38.6357
39.4152
40.1962
40.9789
41.7632
42.5489
43.3361
44.1247
44.9146
45.7058
46.4982
47.2918
48.0865
48.8823
49.6793
50.4772
51.2761
52.076
52.8768
53.6784
54.481
55.2843
56.0885
56.8934
57.699
58.5054
59.3125
60.1202
60.9286
61.7376
62.5472
63.3573
64.1681
64.9794
65.7912
66.6036
67.4164
68.2297
69.0435
69.8577
70.6723
71.4874
72.3029
73.1188
73.9351
74.7517
75.5687
76.3861
77.2038
78.0218
78.8401
79.6588
80.4777
81.297
82.1165
82.9363
83.7564
84.5767
85.3973
86.2181
87.0392
87.8605
88.682
89.5038
90.3258
91.1479
91.9703
92.7928
93.6156
94.4385
95.2616
96.0849
96.9084
97.732
98.5558
99.3797
100.204
101.028
101.852
102.677
103.501
104.326
105.151
105.976
106.801
107.627
108.452
109.277
110.103
110.929
111.754
112.58
113.406
114.232
115.058
115.885
116.711
117.537
118.364
119.19
120.017
120.843
121.67
122.497
123.324
124.151
124.978
125.805
126.632
127.459
128.286
129.113
129.94
130.767
131.595
132.422
133.249
134.077
134.904
135.732
136.559
137.387
138.214
139.042
139.869
140.697
141.524
142.352
143.18
144.007
144.835
145.662
146.49
147.318
148.145
148.973
149.8
150.628
151.456
152.283
153.111
153.938
154.766
155.593
156.421
157.248
158.076
158.903
159.73
160.558
161.385
162.212
163.04
163.867
164.694
165.521
166.348
167.175
168.002
168.829
169.656
170.483
171.31
172.137
172.963
173.79
174.617
175.443
176.269
177.096
177.922
178.748
179.574
180.4
181.226
182.052
182.878
183.704
184.529
185.355
186.18
187.006
187.831
188.656
189.481
190.306
191.131
191.955
192.78
193.604
194.428
195.252
196.076
196.9
197.724
198.547
199.371
200.194
201.017
201.84
202.662
203.485
204.307
205.129
205.951
206.773
207.594
208.416
209.237
210.057
210.878
211.698
212.518
213.338
214.158
214.977
215.796
216.615
217.433
218.251
219.069
219.887
220.704
221.52
222.337
223.153
223.968
224.784
225.598
226.413
227.227
228.04
228.853
229.666
230.478
231.289
232.1
232.91
233.72
234.529
235.337
236.145
236.952
237.759
238.565
239.369
240.174
240.977
241.779
242.581
243.382
244.181
244.98
245.777
246.574
247.369
248.163
248.956
249.748
250.538
251.327
252.114
252.9
253.685
254.467
255.248
256.027
256.804
257.579
258.352
259.122
259.891
260.656
261.42
262.18
262.938
263.693
264.445
265.193
265.938
266.679
267.417
268.15
268.88
269.605
270.325
271.04
271.751
272.456
273.155
273.848
274.535
275.215
275.888
276.554
277.213
277.863
278.505
279.137
279.761
280.374
280.978
281.57
282.152
282.721
283.279
283.824
284.355
284.873
285.376
285.865
286.339
286.797
287.238
287.664
288.072
288.463
288.837
289.193
289.53
289.85
290.152
290.436
290.702
290.951
291.182
291.396
291.593
291.775
291.94
292.091
292.228
292.352
292.462
292.561
292.649
292.727
292.795
292.855
292.907
292.952
292.991
293.024
293.053
293.077
293.097
293.115
293.129
293.141
293.151
293.16
293.166
293.172
293.177
293.181
293.184
293.186
293.188
293.19
293.192
293.193
293.194
293.195
293.195
293.196
293.196
293.197
293.197
293.197
293.197
293.198
293.198
293.198
293.198
293.198
293.198
293.198
293.198
293.199
293.199
293.199
293.199
293.199
293.199
293.199
293.199
293.199
293.199
293.199
293.199
293.199
293.199
293.199
293.199
293.199
293.199
293.199
293.199
293.2
293.2
293.2
293.2
293.2
293.2
293.2
293.2
293.2
293.2
293.2
293.2
293.2
293.2
293.2
293.2
293.2
293.2
293.2
293.2
293.2
293.2
293.201
293.201
293.201
293.201
293.201
293.201
293.201
293.201
293.201
293.201
293.201
293.201
293.201
293.201
293.201
293.201
293.201
293.201
293.202
293.202
293.202
293.202
293.202
293.202
293.202
293.202
293.202
293.202
293.202
293.202
293.202
293.202
293.202
293.202
293.201
293.201
293.201
293.201
293.201
293.201
293.201
293.201
293.201
293.201
293.201
293.201
293.201
293.201
293.201
293.201
293.201
293.201
293.201
293.201
293.201
293.201
293.201
293.201
293.201
293.201
293.201
293.201
293.201
293.201
293.201
293.202
293.202
293.202
293.202
293.202
293.202
293.202
293.202
293.202
293.202
293.202
293.202
293.202
293.202
293.202
293.202
293.202
293.202
293.202
293.202
293.202
293.202
293.202
293.202
293.202
293.202
293.202
293.202
293.202
293.202
293.202
293.202
293.202
293.202
293.202
293.202
293.202
293.202
293.202
293.202
293.202
293.202
293.202
293.202
293.202
293.202
293.202
293.202
293.202
293.202
293.202
293.202
293.202
293.202
293.202
293.202
293.202
293.202
293.202
293.202
293.202
293.202
293.202
293.202
293.202
293.202
293.202
293.202
293.202
293.202
293.202
293.202
293.202
293.202
293.202
293.202
293.202
293.202
293.202
293.202
293.202
293.202
293.202
293.202
293.202
293.202
293.202
293.202
293.202
293.202
293.202
293.202
293.202
293.202
293.202
293.202
293.202
293.202
293.202
293.202
293.202
293.202
293.202
293.202
293.202
293.202
293.202
293.202
293.202
293.202
293.202
293.202
293.202
293.202
293.202
293.202
293.202
293.202
293.202
293.201
293.201
293.201
293.2
293.2
293.199
293.198
293.196
293.195
293.193
293.191
293.189
293.187
293.185
293.184
293.183
293.182
293.181
293.181
293.182
293.182
293.183
293.185
293.186
293.188
293.19
293.192
293.193
293.195
293.196
293.197
293.198
293.199
293.199
293.2
293.2
293.2
293.2
293.201
293.201
293.201
293.201
293.201
293.201
293.201
293.201
293.201
293.201
293.201
293.201
293.201
293.201
293.201
293.201
293.201
293.201
293.2
293.2
293.2
293.2
293.2
293.2
293.2
293.2
293.2
293.2
293.2
293.2
293.2
293.2
293.2
293.2
293.2
293.2
293.2
293.2
293.2
293.2
293.2
293.2
293.2
293.2
293.2
293.2
293.2
293.2
293.2
293.2
293.2
293.2
293.2
293.199
293.199
293.199
293.199
293.199
293.199
293.199
293.199
293.199
293.199
293.199
293.199
293.199
293.199
293.199
293.199
293.199
293.199
293.199
293.199
293.199
293.199
293.199
293.198
293.198
293.198
293.198
293.198
293.198
293.199
293.198
293.198
293.198
293.198
293.198
293.198
293.198
293.198
293.198
293.198
293.198
293.198
293.198
293.198
293.198
293.198
293.198
293.198
293.198
293.198
293.198
293.198
293.197
293.197
293.197
293.197
293.197
293.197
293.197
293.197
293.197
293.197
293.197
293.197
293.197
293.197
293.197
293.197
293.197
293.197
293.197
293.197
293.196
293.196
293.196
293.196
293.196
293.196
293.196
293.196
293.196
293.196
293.196
293.196
293.196
293.196
293.196
293.196
293.196
293.195
293.195
293.195
293.195
293.194
293.194
293.194
293.194
293.194
293.194
293.195
293.195
293.195
293.195
293.195
293.195
293.195
293.195
293.196
293.197
293.199
293.201
293.205
293.208
293.21
293.21
293.208
293.198
293.177
293.135
293.059
292.944
292.787
292.587
292.353
292.097
291.836
291.586
291.364
291.181
291.04
290.941
290.879
290.844
290.828
290.823
)
;

boundaryField
{
    sides
    {
        type            calculated;
        value           nonuniform List<scalar> 2(290.823 6.56429e-13);
    }
    empty
    {
        type            empty;
    }
}


// ************************************************************************* //
