/*--------------------------------*- C++ -*----------------------------------*\
| =========                 |                                                 |
| \\      /  F ield         | OpenFOAM: The Open Source CFD Toolbox           |
|  \\    /   O peration     | Version:  2406                                  |
|   \\  /    A nd           | Website:  www.openfoam.com                      |
|    \\/     M anipulation  |                                                 |
\*---------------------------------------------------------------------------*/
FoamFile
{
    version     2.0;
    format      ascii;
    arch        "LSB;label=32;scalar=64";
    class       volScalarField;
    location    "0.037";
    object      mag(U);
}
// * * * * * * * * * * * * * * * * * * * * * * * * * * * * * * * * * * * * * //

dimensions      [0 1 -1 0 0 0 0];

internalField   nonuniform List<scalar> 
1000
(
16.1916
16.5533
16.9853
17.3398
17.6556
17.9715
18.2948
18.6211
18.9471
19.2725
19.5977
19.923
20.2484
20.5737
20.8991
21.2245
21.55
21.8754
22.201
22.5265
22.8521
23.1777
23.5032
23.8288
24.1544
24.48
24.8057
25.1314
25.4571
25.7829
26.1087
26.4346
26.7605
27.0863
27.4122
27.7381
28.064
28.3899
28.7159
29.0418
29.3678
29.6938
30.0197
30.3458
30.6719
30.9979
31.324
31.6501
31.9762
32.3023
32.6284
32.9545
33.2807
33.6069
33.9331
34.2593
34.5855
34.9117
35.238
35.5642
35.8905
36.2168
36.5431
36.8694
37.1957
37.522
37.8484
38.1747
38.5011
38.8275
39.1539
39.4803
39.8067
40.1331
40.4595
40.7859
41.1123
41.4388
41.7652
42.0917
42.4182
42.7446
43.0711
43.3976
43.7241
44.0505
44.377
44.7035
45.03
45.3565
45.683
46.0095
46.336
46.6625
46.989
47.3155
47.642
47.9685
48.295
48.6215
48.948
49.2745
49.601
49.9274
50.2539
50.5804
50.9068
51.2333
51.5597
51.8862
52.2126
52.539
52.8654
53.1918
53.5182
53.8446
54.1709
54.4973
54.8236
55.1499
55.4762
55.8025
56.1288
56.4551
56.7813
57.1075
57.4337
57.7599
58.086
58.4122
58.7383
59.0644
59.3904
59.7165
60.0425
60.3685
60.6944
61.0203
61.3462
61.6721
61.9979
62.3237
62.6495
62.9752
63.3009
63.6266
63.9522
64.2778
64.6033
64.9288
65.2542
65.5796
65.905
66.2303
66.5556
66.8808
67.206
67.5311
67.8562
68.1812
68.5061
68.831
69.1558
69.4806
69.8053
70.13
70.4546
70.7791
71.1035
71.4279
71.7522
72.0765
72.4006
72.7247
73.0487
73.3726
73.6965
74.0202
74.3439
74.6675
74.991
75.3144
75.6377
75.9609
76.284
76.607
76.9299
77.2527
77.5753
77.8979
78.2204
78.5427
78.8649
79.187
79.509
79.8308
80.1525
80.4741
80.7956
81.1169
81.438
81.759
82.0799
82.4006
82.7211
83.0415
83.3617
83.6818
84.0017
84.3214
84.6409
84.9603
85.2794
85.5984
85.9172
86.2357
86.5541
86.8722
87.1902
87.5079
87.8254
88.1426
88.4597
88.7764
89.093
89.4093
89.7253
90.0411
90.3565
90.6718
90.9867
91.3013
91.6157
91.9297
92.2435
92.5569
92.87
93.1827
93.4952
93.8072
94.119
94.4303
94.7413
95.0519
95.3622
95.672
95.9814
96.2904
96.599
96.9072
97.2149
97.5222
97.829
98.1354
98.4413
98.7467
99.0516
99.356
99.6599
99.9633
100.266
100.568
100.87
101.171
101.472
101.772
102.072
102.372
102.67
102.967
103.264
103.56
103.855
104.149
104.443
104.736
105.028
105.319
105.609
105.899
106.188
106.476
106.763
107.049
107.334
107.618
107.902
108.184
108.465
108.746
109.025
109.303
109.58
109.856
110.131
110.405
110.677
110.949
111.219
111.488
111.756
112.022
112.287
112.551
112.814
113.075
113.335
113.593
113.85
114.105
114.359
114.612
114.863
115.112
115.36
115.607
115.852
116.095
116.337
116.577
116.815
117.052
117.287
117.52
117.752
117.982
118.21
118.437
118.661
118.884
119.106
119.325
119.543
119.76
119.974
120.187
120.398
120.607
120.815
121.021
121.225
121.427
121.628
121.828
122.025
122.221
122.416
122.609
122.8
122.99
123.178
123.365
123.551
123.735
123.917
124.099
124.279
124.458
124.635
124.812
124.987
125.161
125.334
125.506
125.677
125.848
126.017
126.185
126.352
126.519
126.685
126.85
127.014
127.178
127.341
127.503
127.665
127.826
127.987
128.147
128.307
128.467
128.626
128.784
128.942
129.1
129.258
129.415
129.573
129.73
129.886
130.043
130.199
130.355
130.511
130.667
130.823
130.978
131.134
131.289
131.445
131.6
131.755
131.91
132.065
132.22
132.376
132.531
132.686
132.841
132.996
133.151
133.306
133.461
133.616
133.771
133.926
134.081
134.236
134.391
134.546
134.702
134.857
135.012
135.167
135.323
135.478
135.633
135.789
135.944
136.1
136.255
136.411
136.566
136.722
136.878
137.033
137.189
137.345
137.501
137.657
137.813
137.969
138.125
138.281
138.437
138.593
138.749
138.905
139.061
139.218
139.374
139.53
139.687
139.843
140
140.156
140.313
140.469
140.626
140.783
140.939
141.096
141.253
141.41
141.567
141.724
141.881
142.038
142.195
142.352
142.509
142.666
142.823
142.981
143.138
143.295
143.453
143.61
143.768
143.925
144.083
144.24
144.398
144.556
144.713
144.871
145.029
145.187
145.345
145.503
145.661
145.819
145.977
146.135
146.293
146.451
146.609
146.767
146.926
147.084
147.242
147.401
147.559
147.718
147.876
148.035
148.193
148.352
148.511
148.67
148.828
148.987
149.146
149.305
149.464
149.623
149.782
149.941
150.1
150.259
150.418
150.578
150.737
150.896
151.056
151.215
151.374
151.534
151.693
151.853
152.012
152.172
152.332
152.491
152.651
152.811
152.971
153.131
153.291
153.451
153.611
153.771
153.931
154.091
154.251
154.411
154.571
154.732
154.892
155.052
155.213
155.373
155.534
155.694
155.855
156.015
156.176
156.337
156.497
156.658
156.819
156.98
157.141
157.302
157.462
157.623
157.785
157.946
158.107
158.268
158.429
158.59
158.752
158.913
159.074
159.236
159.397
159.558
159.72
159.882
160.043
160.205
160.366
160.528
160.69
160.852
161.013
161.175
161.337
161.499
161.661
161.823
161.985
162.147
162.309
162.472
162.634
162.796
162.958
163.121
163.283
163.446
163.608
163.77
163.933
164.096
164.258
164.421
164.583
164.746
164.909
165.072
165.235
165.398
165.56
165.723
165.886
166.049
166.212
166.376
166.539
166.702
166.865
167.028
167.192
167.355
167.518
167.682
167.845
168.009
168.172
168.336
168.5
168.663
168.827
168.991
169.154
169.318
169.482
169.646
169.81
169.974
170.138
170.302
170.466
170.63
170.794
170.958
171.123
171.287
171.451
171.616
171.78
171.944
172.109
172.273
172.438
172.602
172.767
172.932
173.096
173.261
173.426
173.591
173.756
173.92
174.085
174.25
174.415
174.58
174.745
174.911
175.076
175.241
175.406
175.571
175.737
175.902
176.067
176.233
176.398
176.564
176.729
176.895
177.06
177.226
177.392
177.557
177.723
177.889
178.055
178.221
178.387
178.552
178.718
178.884
179.051
179.217
179.383
179.549
179.715
179.881
180.048
180.214
180.38
180.547
180.713
180.879
181.046
181.213
181.379
181.546
181.712
181.879
182.046
182.212
182.379
182.546
182.713
182.88
183.047
183.214
183.381
183.548
183.715
183.882
184.049
184.216
184.384
184.551
184.718
184.885
185.053
185.22
185.388
185.555
185.723
185.89
186.058
186.225
186.393
186.561
186.729
186.896
187.064
187.232
187.4
187.568
187.736
187.904
188.072
188.24
188.408
188.576
188.744
188.912
189.08
189.249
189.417
189.585
189.754
189.922
190.09
190.259
190.427
190.596
190.765
190.933
191.102
191.27
191.439
191.608
191.776
191.945
192.114
192.283
192.451
192.62
192.789
192.958
193.127
193.296
193.465
193.633
193.802
193.971
194.14
194.309
194.477
194.646
194.815
194.983
195.152
195.32
195.489
195.657
195.825
195.993
196.161
196.329
196.496
196.664
196.831
196.998
197.164
197.331
197.497
197.662
197.828
197.993
198.158
198.322
198.486
198.649
198.812
198.974
199.136
199.297
199.457
199.617
199.776
199.935
200.092
200.249
200.405
200.561
200.715
200.868
201.021
201.173
201.324
201.474
201.623
201.771
201.918
202.064
202.209
202.354
202.497
202.64
202.782
202.923
203.063
203.202
203.341
203.479
203.616
203.753
203.89
204.026
204.162
204.297
204.432
204.567
204.702
204.837
204.972
205.107
205.242
205.378
205.514
205.65
205.787
205.924
206.062
206.201
206.341
206.481
206.622
206.764
206.907
207.05
207.195
207.341
207.487
207.635
207.784
207.934
208.084
208.236
208.389
208.543
208.698
208.854
209.01
209.168
209.327
209.487
209.647
209.808
209.971
210.134
210.297
210.462
210.627
210.793
210.96
211.127
211.295
211.463
211.632
211.801
211.971
212.142
212.313
212.484
212.656
212.828
213
213.173
213.346
213.519
213.693
213.867
214.041
214.215
214.39
214.564
214.739
214.914
215.089
215.265
215.44
215.616
215.791
215.967
216.143
216.318
216.494
216.67
216.846
217.022
217.197
217.373
217.549
217.724
217.9
218.075
218.25
218.425
218.599
218.773
218.946
219.119
219.291
219.463
219.633
219.802
219.97
220.137
220.302
220.465
220.625
220.784
220.94
221.093
221.243
221.39
221.533
221.673
221.809
221.941
222.068
222.192
222.311
222.427
222.538
222.646
222.749
222.85
222.947
223.042
223.135
223.225
223.314
223.402
223.49
223.577
223.664
223.752
223.841
223.931
224.023
224.116
224.211
224.307
224.406
224.507
224.61
224.715
224.823
224.932
225.044
225.157
225.272
225.392
225.512
225.637
225.919
)
;

boundaryField
{
    sides
    {
        type            calculated;
        value           nonuniform List<scalar> 2(225.919 16.1916);
    }
    empty
    {
        type            empty;
    }
}


// ************************************************************************* //
