/*--------------------------------*- C++ -*----------------------------------*\
| =========                 |                                                 |
| \\      /  F ield         | OpenFOAM: The Open Source CFD Toolbox           |
|  \\    /   O peration     | Version:  2406                                  |
|   \\  /    A nd           | Website:  www.openfoam.com                      |
|    \\/     M anipulation  |                                                 |
\*---------------------------------------------------------------------------*/
FoamFile
{
    version     2.0;
    format      ascii;
    arch        "LSB;label=32;scalar=64";
    class       volScalarField;
    location    "0.037";
    object      p;
}
// * * * * * * * * * * * * * * * * * * * * * * * * * * * * * * * * * * * * * //

dimensions      [1 -1 -2 0 0 0 0];

internalField   nonuniform List<scalar> 
1000
(
13923.2
13921.3
13918.4
13915.9
13913.7
13911.5
13909.3
13907
13904.8
13902.6
13900.3
13898.1
13895.9
13893.6
13891.4
13889.2
13887
13884.8
13882.6
13880.3
13878.1
13875.9
13873.7
13871.5
13869.3
13867.1
13864.9
13862.7
13860.5
13858.3
13856.1
13853.9
13851.7
13849.6
13847.4
13845.2
13843
13840.8
13838.7
13836.5
13834.3
13832.1
13830
13827.8
13825.6
13823.5
13821.3
13819.1
13817
13814.8
13812.7
13810.5
13808.4
13806.2
13804.1
13801.9
13799.8
13797.6
13795.5
13793.3
13791.2
13789
13786.9
13784.8
13782.6
13780.5
13778.4
13776.3
13774.1
13772
13769.9
13767.8
13765.7
13763.5
13761.4
13759.3
13757.2
13755.1
13753
13750.9
13748.8
13746.7
13744.6
13742.5
13740.4
13738.3
13736.2
13734.1
13732
13730
13727.9
13725.8
13723.7
13721.7
13719.6
13717.5
13715.5
13713.4
13711.3
13709.3
13707.2
13705.2
13703.1
13701.1
13699
13697
13694.9
13692.9
13690.9
13688.8
13686.8
13684.8
13682.8
13680.7
13678.7
13676.7
13674.7
13672.7
13670.7
13668.7
13666.7
13664.7
13662.7
13660.7
13658.7
13656.7
13654.7
13652.8
13650.8
13648.8
13646.9
13644.9
13642.9
13641
13639
13637.1
13635.2
13633.2
13631.3
13629.4
13627.4
13625.5
13623.6
13621.7
13619.8
13617.9
13616
13614.1
13612.2
13610.3
13608.4
13606.5
13604.7
13602.8
13600.9
13599.1
13597.2
13595.4
13593.6
13591.7
13589.9
13588.1
13586.3
13584.5
13582.7
13580.9
13579.1
13577.3
13575.5
13573.7
13572
13570.2
13568.4
13566.7
13565
13563.2
13561.5
13559.8
13558.1
13556.4
13554.7
13553
13551.3
13549.7
13548
13546.4
13544.7
13543.1
13541.5
13539.8
13538.2
13536.6
13535.1
13533.5
13531.9
13530.4
13528.8
13527.3
13525.8
13524.3
13522.8
13521.3
13519.8
13518.3
13516.9
13515.4
13514
13512.6
13511.2
13509.8
13508.4
13507.1
13505.7
13504.4
13503.1
13501.8
13500.5
13499.2
13498
13496.7
13495.5
13494.3
13493.1
13491.9
13490.8
13489.7
13488.5
13487.4
13486.4
13485.3
13484.3
13483.3
13482.3
13481.3
13480.4
13479.4
13478.5
13477.7
13476.8
13476
13475.2
13474.4
13473.7
13472.9
13472.2
13471.6
13470.9
13470.3
13469.8
13469.2
13468.7
13468.2
13467.8
13467.3
13466.9
13466.6
13466.3
13466
13465.7
13465.5
13465.4
13465.2
13465.1
13465.1
13465.1
13465.1
13465.1
13465.2
13465.3
13465.5
13465.8
13466.1
13466.5
13466.9
13467.4
13467.9
13468.5
13469.1
13469.8
13470.6
13471.4
13472.2
13473.2
13474.2
13475.2
13476.3
13477.5
13478.8
13480.1
13481.5
13483
13484.5
13486.1
13487.8
13489.6
13491.4
13493.4
13495.4
13497.5
13499.6
13501.9
13504.3
13506.7
13509.3
13511.9
13514.6
13517.4
13520.4
13523.4
13526.5
13529.7
13533.1
13536.5
13540
13543.7
13547.4
13551.3
13555.3
13559.4
13563.6
13567.9
13572.3
13576.9
13581.5
13586.3
13591.2
13596.3
13601.4
13606.7
13612.1
13617.6
13623.2
13629
13634.9
13640.9
13647
13653.3
13659.7
13666.2
13672.8
13679.5
13686.4
13693.4
13700.5
13707.7
13715.1
13722.5
13730.1
13737.8
13745.6
13753.5
13761.5
13769.6
13777.9
13786.2
13794.6
13803.1
13811.8
13820.5
13829.3
13838.2
13847.2
13856.3
13865.4
13874.6
13884
13893.3
13902.8
13912.3
13921.9
13931.6
13941.3
13951.1
13961
13970.9
13980.8
13990.8
14000.9
14011
14021.1
14031.3
14041.6
14051.8
14062.2
14072.5
14082.9
14093.3
14103.8
14114.3
14124.8
14135.3
14145.9
14156.5
14167.1
14177.7
14188.4
14199.1
14209.8
14220.5
14231.2
14242
14252.8
14263.6
14274.4
14285.2
14296.1
14306.9
14317.8
14328.7
14339.6
14350.5
14361.5
14372.4
14383.3
14394.3
14405.3
14416.3
14427.3
14438.3
14449.3
14460.4
14471.4
14482.5
14493.6
14504.6
14515.7
14526.8
14538
14549.1
14560.2
14571.4
14582.5
14593.7
14604.9
14616.1
14627.3
14638.5
14649.7
14661
14672.2
14683.5
14694.7
14706
14717.3
14728.6
14739.9
14751.2
14762.5
14773.9
14785.2
14796.6
14808
14819.3
14830.7
14842.1
14853.6
14865
14876.4
14887.9
14899.3
14910.8
14922.3
14933.8
14945.3
14956.8
14968.3
14979.8
14991.4
15002.9
15014.5
15026
15037.6
15049.2
15060.8
15072.5
15084.1
15095.7
15107.4
15119
15130.7
15142.4
15154.1
15165.8
15177.5
15189.2
15201
15212.7
15224.5
15236.2
15248
15259.8
15271.6
15283.4
15295.2
15307.1
15318.9
15330.8
15342.6
15354.5
15366.4
15378.3
15390.2
15402.1
15414.1
15426
15438
15449.9
15461.9
15473.9
15485.9
15497.9
15509.9
15522
15534
15546.1
15558.1
15570.2
15582.3
15594.4
15606.5
15618.6
15630.7
15642.9
15655
15667.2
15679.4
15691.6
15703.8
15716
15728.2
15740.4
15752.7
15764.9
15777.2
15789.5
15801.8
15814.1
15826.4
15838.7
15851
15863.4
15875.7
15888.1
15900.5
15912.9
15925.3
15937.7
15950.1
15962.6
15975
15987.5
15999.9
16012.4
16024.9
16037.4
16049.9
16062.5
16075
16087.5
16100.1
16112.7
16125.3
16137.9
16150.5
16163.1
16175.7
16188.4
16201
16213.7
16226.4
16239.1
16251.8
16264.5
16277.2
16289.9
16302.7
16315.4
16328.2
16341
16353.8
16366.6
16379.4
16392.2
16405.1
16417.9
16430.8
16443.7
16456.6
16469.5
16482.4
16495.3
16508.2
16521.2
16534.2
16547.1
16560.1
16573.1
16586.1
16599.1
16612.2
16625.2
16638.3
16651.3
16664.4
16677.5
16690.6
16703.7
16716.8
16730
16743.1
16756.3
16769.5
16782.7
16795.9
16809.1
16822.3
16835.5
16848.8
16862
16875.3
16888.6
16901.9
16915.2
16928.5
16941.8
16955.2
16968.5
16981.9
16995.3
17008.7
17022.1
17035.5
17048.9
17062.4
17075.8
17089.3
17102.8
17116.3
17129.8
17143.3
17156.8
17170.4
17183.9
17197.5
17211.1
17224.6
17238.2
17251.9
17265.5
17279.1
17292.8
17306.4
17320.1
17333.8
17347.5
17361.2
17374.9
17388.7
17402.4
17416.2
17430
17443.8
17457.6
17471.4
17485.2
17499
17512.9
17526.8
17540.6
17554.5
17568.4
17582.3
17596.3
17610.2
17624.2
17638.1
17652.1
17666.1
17680.1
17694.1
17708.2
17722.2
17736.2
17750.3
17764.4
17778.5
17792.6
17806.7
17820.8
17835
17849.1
17863.3
17877.5
17891.7
17905.9
17920.1
17934.4
17948.6
17962.9
17977.1
17991.4
18005.7
18020
18034.3
18048.7
18063
18077.4
18091.8
18106.2
18120.6
18135
18149.4
18163.8
18178.3
18192.8
18207.2
18221.7
18236.2
18250.8
18265.3
18279.8
18294.4
18309
18323.6
18338.2
18352.8
18367.4
18382
18396.7
18411.3
18426
18440.7
18455.4
18470.1
18484.9
18499.6
18514.4
18529.1
18543.9
18558.7
18573.5
18588.3
18603.2
18618
18632.9
18647.8
18662.7
18677.6
18692.5
18707.4
18722.3
18737.3
18752.3
18767.3
18782.3
18797.3
18812.3
18827.3
18842.4
18857.4
18872.5
18887.6
18902.7
18917.8
18933
18948.1
18963.3
18978.4
18993.6
19008.8
19024.1
19039.3
19054.5
19069.8
19085.1
19100.4
19115.7
19131
19146.3
19161.7
19177
19192.4
19207.8
19223.2
19238.7
19254.1
19269.6
19285.1
19300.6
19316.1
19331.6
19347.2
19362.8
19378.4
19394
19409.7
19425.4
19441.1
19456.9
19472.6
19488.4
19504.3
19520.2
19536.1
19552
19568
19584
19600.1
19616.2
19632.4
19648.6
19664.9
19681.3
19697.7
19714.1
19730.6
19747.2
19763.9
19780.6
19797.4
19814.3
19831.3
19848.4
19865.5
19882.8
19900.1
19917.5
19935.1
19952.7
19970.5
19988.3
20006.2
20024.3
20042.5
20060.7
20079.1
20097.6
20116.2
20134.9
20153.7
20172.7
20191.7
20210.8
20230
20249.4
20268.8
20288.3
20307.8
20327.5
20347.2
20367
20386.9
20406.8
20426.7
20446.7
20466.7
20486.8
20506.8
20526.9
20547
20567.1
20587.1
20607.2
20627.2
20647.2
20667.2
20687.1
20707
20726.9
20746.6
20766.3
20786
20805.6
20825.1
20844.6
20863.9
20883.2
20902.4
20921.6
20940.6
20959.6
20978.5
20997.3
21016.1
21034.7
21053.3
21071.8
21090.3
21108.7
21127
21145.2
21163.4
21181.5
21199.6
21217.6
21235.6
21253.5
21271.3
21289.1
21306.9
21324.7
21342.4
21360
21377.7
21395.3
21412.9
21430.4
21448
21465.5
21483
21500.5
21517.9
21535.4
21552.9
21570.3
21587.7
21605.2
21622.6
21640
21657.5
21674.9
21692.3
21709.8
21727.2
21744.7
21762.1
21779.6
21797.1
21814.6
21832.1
21849.6
21867.1
21884.7
21902.3
21919.9
21937.5
21955.2
21972.9
21990.6
22008.4
22026.2
22044
22062
22079.9
22098
22116.2
22134.4
22152.8
22171.3
22189.9
22208.8
22227.8
22247
22266.4
22286.1
22306.1
22326.4
22347.1
22368.1
22389.4
22411.2
22433.4
22456.1
22479.2
22502.7
22526.7
22551.2
22576.1
22601.5
22627.3
22653.4
22680
22706.8
22733.9
22761.3
22788.9
22816.6
22844.4
22872.3
22900.3
22928.2
22956
22983.8
23011.5
23039
23066.4
23093.6
23120.6
23147.4
23174.1
23200.6
23226.8
23252.9
23278.8
23304.5
23330
23355.4
23380.3
23405.4
23429.6
)
;

boundaryField
{
    sides
    {
        type            zeroGradient;
    }
    empty
    {
        type            empty;
    }
}


// ************************************************************************* //
