/*--------------------------------*- C++ -*----------------------------------*\
| =========                 |                                                 |
| \\      /  F ield         | OpenFOAM: The Open Source CFD Toolbox           |
|  \\    /   O peration     | Version:  2406                                  |
|   \\  /    A nd           | Website:  www.openfoam.com                      |
|    \\/     M anipulation  |                                                 |
\*---------------------------------------------------------------------------*/
FoamFile
{
    version     2.0;
    format      ascii;
    arch        "LSB;label=32;scalar=64";
    class       surfaceScalarField;
    location    "0.037";
    object      phi;
}
// * * * * * * * * * * * * * * * * * * * * * * * * * * * * * * * * * * * * * //

dimensions      [1 0 -1 0 0 0 0];

oriented        oriented;

internalField   nonuniform List<scalar> 
999
(
16.2242
16.5388
16.8532
17.1674
17.4814
17.7954
18.1092
18.4229
18.7363
19.0495
19.3626
19.6757
19.9887
20.3016
20.6143
20.9266
21.2386
21.5505
21.8624
22.1744
22.4865
22.7985
23.1104
23.4221
23.7333
24.0441
24.3546
24.6647
24.9748
25.2848
25.595
25.9055
26.2164
26.5277
26.8394
27.1515
27.4638
27.7764
28.0889
28.4015
28.714
29.0266
29.3396
29.6531
29.9665
30.2799
30.5934
30.9067
31.2201
31.5334
31.8467
32.1598
32.473
32.7861
33.0991
33.4121
33.725
34.0379
34.3507
34.6635
34.9762
35.2888
35.6014
35.914
36.2264
36.5389
36.8512
37.1636
37.4758
37.788
38.1002
38.4122
38.7243
39.0363
39.3482
39.6601
39.9718
40.2836
40.5953
40.9069
41.2185
41.53
41.8414
42.1529
42.4642
42.7754
43.0867
43.3978
43.7089
44.02
44.3309
44.6418
44.9527
45.2635
45.5742
45.8848
46.1954
46.5059
46.8164
47.1268
47.4372
47.7474
48.0577
48.3678
48.6779
48.9879
49.2978
49.6077
49.9175
50.2272
50.5369
50.8465
51.1561
51.4655
51.7749
52.0843
52.3935
52.7027
53.0118
53.3209
53.6298
53.9387
54.2476
54.5563
54.865
55.1736
55.4821
55.7906
56.099
56.4073
56.7155
57.0237
57.3317
57.6397
57.9477
58.2555
58.5633
58.8709
59.1786
59.4861
59.7935
60.1009
60.4081
60.7153
61.0224
61.3295
61.6364
61.9433
62.25
62.5567
62.8633
63.1698
63.4762
63.7825
64.0888
64.3949
64.701
65.0069
65.3128
65.6186
65.9242
66.2298
66.5353
66.8407
67.146
67.4512
67.7563
68.0613
68.3662
68.671
68.9756
69.2802
69.5847
69.8891
70.1933
70.4975
70.8015
71.1055
71.4093
71.713
72.0166
72.3201
72.6235
72.9267
73.2298
73.5329
73.8358
74.1385
74.4412
74.7437
75.0461
75.3484
75.6505
75.9525
76.2544
76.5562
76.8578
77.1593
77.4606
77.7618
78.0629
78.3638
78.6646
78.9652
79.2657
79.566
79.8662
80.1662
80.4661
80.7658
81.0654
81.3648
81.664
81.9631
82.262
82.5607
82.8593
83.1577
83.4559
83.7539
84.0518
84.3494
84.6469
84.9442
85.2413
85.5382
85.8349
86.1314
86.4277
86.7238
87.0197
87.3153
87.6108
87.906
88.201
88.4958
88.7903
89.0846
89.3787
89.6725
89.9661
90.2595
90.5525
90.8454
91.1379
91.4302
91.7223
92.014
92.3055
92.5967
92.8876
93.1783
93.4686
93.7586
94.0484
94.3378
94.6269
94.9158
95.2043
95.4924
95.7803
96.0678
96.3549
96.6418
96.9282
97.2146
97.5008
97.7864
98.0715
98.3561
98.6402
98.9239
99.2071
99.4898
99.7722
100.054
100.336
100.617
100.897
101.177
101.457
101.736
102.015
102.293
102.57
102.848
103.124
103.4
103.676
103.951
104.225
104.499
104.772
105.045
105.317
105.589
105.86
106.13
106.399
106.668
106.937
107.204
107.471
107.738
108.003
108.268
108.532
108.796
109.059
109.321
109.582
109.843
110.102
110.361
110.62
110.877
111.134
111.39
111.645
111.9
112.153
112.406
112.658
112.909
113.159
113.409
113.658
113.906
114.153
114.399
114.645
114.889
115.133
115.376
115.619
115.86
116.101
116.341
116.58
116.818
117.056
117.293
117.529
117.765
118
118.234
118.467
118.7
118.932
119.164
119.395
119.625
119.855
120.084
120.313
120.541
120.769
120.996
121.223
121.45
121.676
121.901
122.127
122.351
122.576
122.8
123.024
123.248
123.472
123.695
123.918
124.141
124.364
124.587
124.809
125.032
125.254
125.476
125.699
125.921
126.143
126.366
126.588
126.81
127.033
127.255
127.478
127.7
127.923
128.146
128.369
128.592
128.815
129.038
129.262
129.486
129.709
129.933
130.158
130.382
130.607
130.832
131.057
131.282
131.507
131.733
131.959
132.185
132.411
132.638
132.865
133.092
133.319
133.547
133.775
134.003
134.231
134.459
134.688
134.917
135.147
135.376
135.606
135.836
136.067
136.297
136.528
136.759
136.991
137.222
137.454
137.686
137.919
138.152
138.385
138.618
138.851
139.085
139.319
139.554
139.788
140.023
140.258
140.494
140.729
140.965
141.201
141.438
141.675
141.912
142.149
142.387
142.624
142.863
143.101
143.34
143.579
143.818
144.057
144.297
144.537
144.777
145.018
145.259
145.5
145.741
145.983
146.225
146.467
146.71
146.952
147.196
147.439
147.683
147.926
148.171
148.415
148.66
148.905
149.15
149.396
149.641
149.888
150.134
150.381
150.628
150.875
151.122
151.37
151.618
151.867
152.115
152.364
152.614
152.863
153.113
153.363
153.613
153.864
154.115
154.366
154.618
154.869
155.122
155.374
155.627
155.88
156.133
156.386
156.64
156.894
157.149
157.403
157.658
157.913
158.169
158.425
158.681
158.937
159.194
159.451
159.708
159.966
160.224
160.482
160.74
160.999
161.258
161.517
161.777
162.037
162.297
162.558
162.818
163.079
163.341
163.602
163.864
164.127
164.389
164.652
164.915
165.179
165.442
165.706
165.971
166.235
166.5
166.766
167.031
167.297
167.563
167.83
168.096
168.363
168.631
168.898
169.166
169.434
169.703
169.972
170.241
170.51
170.78
171.05
171.321
171.591
171.862
172.133
172.405
172.677
172.949
173.222
173.494
173.767
174.041
174.315
174.589
174.863
175.138
175.412
175.688
175.963
176.239
176.515
176.792
177.069
177.346
177.623
177.901
178.179
178.457
178.736
179.015
179.294
179.574
179.854
180.134
180.414
180.695
180.976
181.258
181.54
181.822
182.104
182.387
182.67
182.953
183.237
183.521
183.805
184.09
184.375
184.66
184.946
185.232
185.518
185.804
186.091
186.378
186.666
186.954
187.242
187.53
187.819
188.108
188.398
188.687
188.977
189.268
189.559
189.85
190.141
190.433
190.725
191.017
191.31
191.603
191.896
192.189
192.483
192.778
193.072
193.367
193.663
193.958
194.254
194.55
194.847
195.144
195.441
195.738
196.036
196.335
196.633
196.932
197.231
197.531
197.831
198.131
198.431
198.732
199.033
199.335
199.637
199.939
200.241
200.544
200.847
201.151
201.455
201.759
202.064
202.368
202.674
202.979
203.285
203.591
203.898
204.205
204.512
204.82
205.127
205.436
205.744
206.053
206.362
206.672
206.982
207.292
207.603
207.914
208.225
208.537
208.849
209.161
209.474
209.787
210.1
210.414
210.728
211.042
211.357
211.672
211.987
212.303
212.619
212.936
213.253
213.57
213.887
214.205
214.523
214.842
215.161
215.48
215.8
216.119
216.44
216.76
217.081
217.403
217.724
218.046
218.369
218.692
219.015
219.338
219.662
219.986
220.31
220.635
220.96
221.286
221.612
221.938
222.265
222.592
222.919
223.247
223.575
223.903
224.232
224.561
224.891
225.22
225.551
225.881
226.212
226.543
226.875
227.207
227.539
227.872
228.205
228.538
228.872
229.206
229.541
229.876
230.211
230.546
230.882
231.219
231.555
231.892
232.23
232.567
232.906
233.244
233.583
233.922
234.262
234.602
234.942
235.282
235.623
235.965
236.307
236.649
236.991
237.334
237.677
238.021
238.364
238.709
239.053
239.398
239.743
240.089
240.435
240.781
241.128
241.475
241.822
242.17
242.517
242.866
243.214
243.563
243.912
244.261
244.611
244.961
245.311
245.662
246.012
246.363
246.714
247.066
247.417
247.769
248.121
248.473
248.826
249.178
249.531
249.883
250.236
250.589
250.942
251.295
251.649
252.002
252.355
252.709
253.062
253.416
253.769
254.123
254.476
254.83
255.183
255.537
255.89
256.244
256.597
256.951
257.305
257.659
258.012
258.367
258.72
259.075
259.428
259.783
260.137
260.492
260.847
261.202
261.557
261.913
262.269
262.626
262.982
263.34
263.697
264.056
264.414
264.773
265.133
265.493
265.854
266.216
266.578
266.941
267.304
267.669
268.034
268.4
268.766
269.134
269.502
269.871
270.241
270.612
270.983
271.355
271.729
272.103
272.477
272.853
273.229
273.607
273.985
274.364
274.743
275.124
275.505
275.887
276.269
276.653
277.037
277.421
277.807
278.193
278.58
278.967
279.355
279.744
280.133
280.523
280.914
281.305
281.696
282.089
282.481
282.875
283.269
283.663
284.058
284.453
284.849
285.245
285.642
286.04
286.438
286.836
287.235
287.634
288.034
288.434
288.834
289.235
289.637
290.039
290.441
290.844
291.247
291.65
292.054
292.458
292.863
293.268
293.674
294.079
294.486
294.892
295.299
295.706
296.113
296.521
296.929
297.337
297.745
298.153
298.562
298.97
299.378
299.786
300.194
300.602
301.009
301.416
301.822
302.227
302.632
303.036
303.44
303.842
304.243
304.644
305.043
305.441
305.838
306.234
306.629
307.024
307.417
307.81
308.201
308.593
308.984
309.375
309.766
310.157
310.548
310.94
311.333
311.726
312.12
312.514
312.91
313.307
313.706
314.105
314.506
314.907
315.311
315.715
316.121
316.528
316.936
317.345
317.756
318.168
318.581
318.995
319.41
)
;

boundaryField
{
    sides
    {
        type            calculated;
        value           nonuniform List<scalar> 2(319.826 -15.9095);
    }
    empty
    {
        type            empty;
    }
}


// ************************************************************************* //
