/*--------------------------------*- C++ -*----------------------------------*\
| =========                 |                                                 |
| \\      /  F ield         | OpenFOAM: The Open Source CFD Toolbox           |
|  \\    /   O peration     | Version:  2406                                  |
|   \\  /    A nd           | Website:  www.openfoam.com                      |
|    \\/     M anipulation  |                                                 |
\*---------------------------------------------------------------------------*/
FoamFile
{
    version     2.0;
    format      ascii;
    arch        "LSB;label=32;scalar=64";
    class       volScalarField;
    location    "0.037";
    object      T;
}
// * * * * * * * * * * * * * * * * * * * * * * * * * * * * * * * * * * * * * //

dimensions      [0 0 0 1 0 0 0];

internalField   nonuniform List<scalar> 
1000
(
196.965
196.981
197.005
197.031
197.058
197.085
197.11
197.136
197.162
197.189
197.216
197.242
197.266
197.29
197.314
197.34
197.368
197.395
197.422
197.448
197.47
197.492
197.512
197.533
197.556
197.581
197.608
197.637
197.666
197.694
197.72
197.744
197.763
197.778
197.789
197.797
197.801
197.803
197.804
197.804
197.804
197.803
197.8
197.794
197.786
197.777
197.768
197.759
197.75
197.741
197.733
197.723
197.715
197.704
197.698
197.686
197.68
197.668
197.662
197.65
197.644
197.632
197.627
197.615
197.609
197.598
197.59
197.581
197.571
197.564
197.553
197.546
197.537
197.527
197.52
197.51
197.502
197.493
197.484
197.476
197.467
197.458
197.45
197.44
197.432
197.423
197.414
197.406
197.397
197.388
197.38
197.371
197.362
197.354
197.345
197.337
197.328
197.319
197.311
197.302
197.294
197.285
197.276
197.268
197.259
197.251
197.242
197.234
197.225
197.217
197.208
197.2
197.192
197.183
197.175
197.166
197.158
197.15
197.141
197.133
197.124
197.116
197.108
197.1
197.091
197.083
197.075
197.066
197.058
197.05
197.042
197.034
197.025
197.017
197.009
197.001
196.993
196.985
196.977
196.969
196.96
196.952
196.944
196.936
196.928
196.92
196.913
196.905
196.897
196.889
196.881
196.873
196.865
196.857
196.85
196.842
196.834
196.826
196.819
196.811
196.803
196.796
196.788
196.78
196.773
196.765
196.758
196.75
196.743
196.735
196.728
196.721
196.713
196.706
196.699
196.691
196.684
196.677
196.67
196.663
196.656
196.649
196.641
196.634
196.628
196.621
196.614
196.607
196.6
196.593
196.586
196.58
196.573
196.566
196.56
196.553
196.547
196.54
196.534
196.528
196.521
196.515
196.509
196.503
196.496
196.49
196.484
196.478
196.473
196.467
196.461
196.455
196.449
196.444
196.438
196.433
196.427
196.422
196.417
196.411
196.406
196.401
196.396
196.391
196.386
196.382
196.377
196.372
196.368
196.363
196.359
196.355
196.35
196.346
196.342
196.338
196.335
196.331
196.327
196.324
196.32
196.317
196.314
196.311
196.308
196.305
196.302
196.3
196.297
196.295
196.293
196.291
196.289
196.287
196.285
196.284
196.282
196.281
196.28
196.279
196.278
196.278
196.277
196.277
196.277
196.277
196.277
196.277
196.278
196.278
196.28
196.281
196.282
196.284
196.286
196.288
196.291
196.293
196.296
196.299
196.302
196.306
196.31
196.314
196.318
196.323
196.328
196.333
196.339
196.344
196.35
196.357
196.364
196.371
196.378
196.386
196.394
196.402
196.411
196.42
196.429
196.439
196.449
196.46
196.471
196.482
196.494
196.506
196.519
196.532
196.545
196.559
196.573
196.588
196.603
196.618
196.635
196.651
196.668
196.686
196.703
196.722
196.741
196.76
196.78
196.8
196.821
196.843
196.864
196.887
196.91
196.933
196.957
196.981
197.006
197.032
197.057
197.084
197.111
197.138
197.166
197.194
197.223
197.252
197.282
197.313
197.343
197.374
197.406
197.438
197.471
197.504
197.537
197.571
197.605
197.64
197.675
197.71
197.746
197.782
197.818
197.855
197.892
197.93
197.968
198.006
198.044
198.083
198.121
198.161
198.2
198.24
198.28
198.32
198.36
198.4
198.441
198.482
198.523
198.564
198.605
198.647
198.689
198.73
198.772
198.814
198.856
198.899
198.941
198.983
199.026
199.068
199.111
199.154
199.197
199.24
199.283
199.326
199.369
199.412
199.455
199.498
199.541
199.585
199.628
199.672
199.715
199.758
199.802
199.846
199.889
199.933
199.976
200.02
200.064
200.107
200.151
200.195
200.239
200.282
200.326
200.37
200.414
200.458
200.502
200.546
200.59
200.634
200.678
200.722
200.766
200.81
200.854
200.898
200.942
200.986
201.03
201.074
201.118
201.163
201.207
201.251
201.295
201.34
201.384
201.428
201.472
201.517
201.561
201.605
201.65
201.694
201.739
201.783
201.827
201.872
201.916
201.961
202.005
202.05
202.095
202.139
202.184
202.228
202.273
202.318
202.362
202.407
202.452
202.496
202.541
202.586
202.631
202.675
202.72
202.765
202.81
202.855
202.9
202.945
202.989
203.034
203.079
203.124
203.169
203.214
203.259
203.304
203.349
203.394
203.439
203.485
203.53
203.575
203.62
203.665
203.71
203.755
203.801
203.846
203.891
203.936
203.982
204.027
204.072
204.118
204.163
204.208
204.254
204.299
204.345
204.39
204.436
204.481
204.526
204.572
204.618
204.663
204.709
204.754
204.8
204.846
204.891
204.937
204.982
205.028
205.074
205.12
205.165
205.211
205.257
205.303
205.348
205.394
205.44
205.486
205.532
205.578
205.624
205.67
205.716
205.762
205.807
205.854
205.899
205.946
205.992
206.038
206.084
206.13
206.176
206.222
206.268
206.315
206.361
206.407
206.453
206.499
206.546
206.592
206.638
206.685
206.731
206.777
206.824
206.87
206.916
206.963
207.009
207.056
207.102
207.149
207.195
207.242
207.288
207.335
207.381
207.428
207.474
207.521
207.568
207.614
207.661
207.708
207.754
207.801
207.848
207.895
207.941
207.988
208.035
208.082
208.129
208.176
208.223
208.269
208.316
208.363
208.41
208.457
208.504
208.551
208.598
208.645
208.692
208.739
208.786
208.834
208.881
208.928
208.975
209.022
209.069
209.117
209.164
209.211
209.258
209.306
209.353
209.4
209.448
209.495
209.542
209.59
209.637
209.685
209.732
209.779
209.827
209.874
209.922
209.97
210.017
210.065
210.112
210.16
210.207
210.255
210.303
210.35
210.398
210.446
210.494
210.541
210.589
210.637
210.685
210.732
210.78
210.828
210.876
210.924
210.972
211.02
211.068
211.115
211.163
211.211
211.259
211.307
211.356
211.404
211.452
211.5
211.548
211.596
211.644
211.692
211.74
211.789
211.837
211.885
211.933
211.982
212.03
212.078
212.126
212.175
212.223
212.272
212.32
212.368
212.417
212.465
212.514
212.562
212.611
212.659
212.708
212.756
212.805
212.853
212.902
212.95
212.999
213.048
213.096
213.145
213.194
213.243
213.291
213.34
213.389
213.438
213.486
213.535
213.584
213.633
213.682
213.731
213.779
213.828
213.877
213.926
213.975
214.024
214.073
214.122
214.171
214.22
214.269
214.319
214.368
214.417
214.466
214.515
214.564
214.613
214.663
214.712
214.761
214.81
214.86
214.909
214.958
215.008
215.057
215.106
215.156
215.205
215.254
215.304
215.353
215.403
215.452
215.502
215.551
215.601
215.65
215.7
215.75
215.799
215.849
215.898
215.948
215.998
216.047
216.097
216.147
216.196
216.246
216.296
216.346
216.395
216.445
216.495
216.545
216.595
216.645
216.695
216.744
216.794
216.844
216.894
216.944
216.994
217.044
217.094
217.144
217.194
217.245
217.295
217.345
217.395
217.445
217.495
217.546
217.596
217.646
217.697
217.747
217.798
217.848
217.899
217.949
218
218.05
218.101
218.152
218.203
218.254
218.305
218.356
218.407
218.458
218.51
218.561
218.613
218.664
218.716
218.768
218.82
218.872
218.925
218.977
219.031
219.083
219.137
219.189
219.244
219.296
219.352
219.404
219.46
219.513
219.57
219.623
219.681
219.734
219.794
219.847
219.907
219.96
220.022
220.074
220.138
220.19
220.255
220.307
220.373
220.425
220.493
220.544
220.613
220.664
220.735
220.785
220.858
220.907
220.981
221.029
221.105
221.153
221.229
221.276
221.354
221.4
221.479
221.524
221.603
221.647
221.728
221.771
221.851
221.894
221.975
222.017
222.097
222.138
222.219
222.26
222.339
222.38
222.459
222.499
222.577
222.617
222.695
222.734
222.811
222.85
222.926
222.965
223.04
223.078
223.154
223.191
223.265
223.303
223.376
223.413
223.487
223.523
223.596
223.632
223.704
223.74
223.812
223.848
223.919
223.955
224.026
224.061
224.132
224.167
224.237
224.272
224.342
224.377
224.447
224.482
224.552
224.586
224.656
224.691
224.76
224.795
224.864
224.898
224.968
225.002
225.071
225.106
225.175
225.21
225.279
225.313
225.382
225.417
225.486
225.52
225.59
225.624
225.693
225.728
225.797
225.832
225.902
225.936
226.006
226.041
226.111
226.146
226.217
226.252
226.323
226.359
226.431
226.467
226.54
226.577
226.651
226.689
226.764
226.803
226.881
226.921
227.001
227.042
227.125
227.168
227.254
227.298
227.388
227.434
227.527
227.574
227.671
227.72
227.819
227.87
227.972
228.024
228.128
228.181
228.286
228.34
228.446
228.499
228.605
228.659
228.765
228.818
228.922
228.975
229.079
229.13
229.232
229.283
229.384
229.434
229.533
229.582
229.679
229.727
229.824
229.87
229.973
230.003
230.134
)
;

boundaryField
{
    sides
    {
        type            zeroGradient;
    }
    empty
    {
        type            empty;
    }
}


// ************************************************************************* //
