/*--------------------------------*- C++ -*----------------------------------*\
| =========                 |                                                 |
| \\      /  F ield         | OpenFOAM: The Open Source CFD Toolbox           |
|  \\    /   O peration     | Version:  2406                                  |
|   \\  /    A nd           | Website:  www.openfoam.com                      |
|    \\/     M anipulation  |                                                 |
\*---------------------------------------------------------------------------*/
FoamFile
{
    version     2.0;
    format      ascii;
    arch        "LSB;label=32;scalar=64";
    class       volVectorField;
    location    "0.037";
    object      U;
}
// * * * * * * * * * * * * * * * * * * * * * * * * * * * * * * * * * * * * * //

dimensions      [0 1 -1 0 0 0 0];

internalField   nonuniform List<vector> 
1000
(
(16.1916 0 0)
(16.5533 0 0)
(16.9853 0 0)
(17.3398 0 0)
(17.6556 0 0)
(17.9715 0 0)
(18.2948 0 0)
(18.6211 0 0)
(18.9471 0 0)
(19.2725 0 0)
(19.5977 0 0)
(19.923 0 0)
(20.2484 0 0)
(20.5737 0 0)
(20.8991 0 0)
(21.2245 0 0)
(21.55 0 0)
(21.8754 0 0)
(22.201 0 0)
(22.5265 0 0)
(22.8521 0 0)
(23.1777 0 0)
(23.5032 0 0)
(23.8288 0 0)
(24.1544 0 0)
(24.48 0 0)
(24.8057 0 0)
(25.1314 0 0)
(25.4571 0 0)
(25.7829 0 0)
(26.1087 0 0)
(26.4346 0 0)
(26.7605 0 0)
(27.0863 0 0)
(27.4122 0 0)
(27.7381 0 0)
(28.064 0 0)
(28.3899 0 0)
(28.7159 0 0)
(29.0418 0 0)
(29.3678 0 0)
(29.6938 0 0)
(30.0197 0 0)
(30.3458 0 0)
(30.6719 0 0)
(30.9979 0 0)
(31.324 0 0)
(31.6501 0 0)
(31.9762 0 0)
(32.3023 0 0)
(32.6284 0 0)
(32.9545 0 0)
(33.2807 0 0)
(33.6069 0 0)
(33.9331 0 0)
(34.2593 0 0)
(34.5855 0 0)
(34.9117 0 0)
(35.238 0 0)
(35.5642 0 0)
(35.8905 0 0)
(36.2168 0 0)
(36.5431 0 0)
(36.8694 0 0)
(37.1957 0 0)
(37.522 0 0)
(37.8484 0 0)
(38.1747 0 0)
(38.5011 0 0)
(38.8275 0 0)
(39.1539 0 0)
(39.4803 0 0)
(39.8067 0 0)
(40.1331 0 0)
(40.4595 0 0)
(40.7859 0 0)
(41.1123 0 0)
(41.4388 0 0)
(41.7652 0 0)
(42.0917 0 0)
(42.4182 0 0)
(42.7446 0 0)
(43.0711 0 0)
(43.3976 0 0)
(43.7241 0 0)
(44.0505 0 0)
(44.377 0 0)
(44.7035 0 0)
(45.03 0 0)
(45.3565 0 0)
(45.683 0 0)
(46.0095 0 0)
(46.336 0 0)
(46.6625 0 0)
(46.989 0 0)
(47.3155 0 0)
(47.642 0 0)
(47.9685 0 0)
(48.295 0 0)
(48.6215 0 0)
(48.948 0 0)
(49.2745 0 0)
(49.601 0 0)
(49.9274 0 0)
(50.2539 0 0)
(50.5804 0 0)
(50.9068 0 0)
(51.2333 0 0)
(51.5597 0 0)
(51.8862 0 0)
(52.2126 0 0)
(52.539 0 0)
(52.8654 0 0)
(53.1918 0 0)
(53.5182 0 0)
(53.8446 0 0)
(54.1709 0 0)
(54.4973 0 0)
(54.8236 0 0)
(55.1499 0 0)
(55.4762 0 0)
(55.8025 0 0)
(56.1288 0 0)
(56.4551 0 0)
(56.7813 0 0)
(57.1075 0 0)
(57.4337 0 0)
(57.7599 0 0)
(58.086 0 0)
(58.4122 0 0)
(58.7383 0 0)
(59.0644 0 0)
(59.3904 0 0)
(59.7165 0 0)
(60.0425 0 0)
(60.3685 0 0)
(60.6944 0 0)
(61.0203 0 0)
(61.3462 0 0)
(61.6721 0 0)
(61.9979 0 0)
(62.3237 0 0)
(62.6495 0 0)
(62.9752 0 0)
(63.3009 0 0)
(63.6266 0 0)
(63.9522 0 0)
(64.2778 0 0)
(64.6033 0 0)
(64.9288 0 0)
(65.2542 0 0)
(65.5796 0 0)
(65.905 0 0)
(66.2303 0 0)
(66.5556 0 0)
(66.8808 0 0)
(67.206 0 0)
(67.5311 0 0)
(67.8562 0 0)
(68.1812 0 0)
(68.5061 0 0)
(68.831 0 0)
(69.1558 0 0)
(69.4806 0 0)
(69.8053 0 0)
(70.13 0 0)
(70.4546 0 0)
(70.7791 0 0)
(71.1035 0 0)
(71.4279 0 0)
(71.7522 0 0)
(72.0765 0 0)
(72.4006 0 0)
(72.7247 0 0)
(73.0487 0 0)
(73.3726 0 0)
(73.6965 0 0)
(74.0202 0 0)
(74.3439 0 0)
(74.6675 0 0)
(74.991 0 0)
(75.3144 0 0)
(75.6377 0 0)
(75.9609 0 0)
(76.284 0 0)
(76.607 0 0)
(76.9299 0 0)
(77.2527 0 0)
(77.5753 0 0)
(77.8979 0 0)
(78.2204 0 0)
(78.5427 0 0)
(78.8649 0 0)
(79.187 0 0)
(79.509 0 0)
(79.8308 0 0)
(80.1525 0 0)
(80.4741 0 0)
(80.7956 0 0)
(81.1169 0 0)
(81.438 0 0)
(81.759 0 0)
(82.0799 0 0)
(82.4006 0 0)
(82.7211 0 0)
(83.0415 0 0)
(83.3617 0 0)
(83.6818 0 0)
(84.0017 0 0)
(84.3214 0 0)
(84.6409 0 0)
(84.9603 0 0)
(85.2794 0 0)
(85.5984 0 0)
(85.9172 0 0)
(86.2357 0 0)
(86.5541 0 0)
(86.8722 0 0)
(87.1902 0 0)
(87.5079 0 0)
(87.8254 0 0)
(88.1426 0 0)
(88.4597 0 0)
(88.7764 0 0)
(89.093 0 0)
(89.4093 0 0)
(89.7253 0 0)
(90.0411 0 0)
(90.3565 0 0)
(90.6718 0 0)
(90.9867 0 0)
(91.3013 0 0)
(91.6157 0 0)
(91.9297 0 0)
(92.2435 0 0)
(92.5569 0 0)
(92.87 0 0)
(93.1827 0 0)
(93.4952 0 0)
(93.8072 0 0)
(94.119 0 0)
(94.4303 0 0)
(94.7413 0 0)
(95.0519 0 0)
(95.3622 0 0)
(95.672 0 0)
(95.9814 0 0)
(96.2904 0 0)
(96.599 0 0)
(96.9072 0 0)
(97.2149 0 0)
(97.5222 0 0)
(97.829 0 0)
(98.1354 0 0)
(98.4413 0 0)
(98.7467 0 0)
(99.0516 0 0)
(99.356 0 0)
(99.6599 0 0)
(99.9633 0 0)
(100.266 0 0)
(100.568 0 0)
(100.87 0 0)
(101.171 0 0)
(101.472 0 0)
(101.772 0 0)
(102.072 0 0)
(102.372 0 0)
(102.67 0 0)
(102.967 0 0)
(103.264 0 0)
(103.56 0 0)
(103.855 0 0)
(104.149 0 0)
(104.443 0 0)
(104.736 0 0)
(105.028 0 0)
(105.319 0 0)
(105.609 0 0)
(105.899 0 0)
(106.188 0 0)
(106.476 0 0)
(106.763 0 0)
(107.049 0 0)
(107.334 0 0)
(107.618 0 0)
(107.902 0 0)
(108.184 0 0)
(108.465 0 0)
(108.746 0 0)
(109.025 0 0)
(109.303 0 0)
(109.58 0 0)
(109.856 0 0)
(110.131 0 0)
(110.405 0 0)
(110.677 0 0)
(110.949 0 0)
(111.219 0 0)
(111.488 0 0)
(111.756 0 0)
(112.022 0 0)
(112.287 0 0)
(112.551 0 0)
(112.814 0 0)
(113.075 0 0)
(113.335 0 0)
(113.593 0 0)
(113.85 0 0)
(114.105 0 0)
(114.359 0 0)
(114.612 0 0)
(114.863 0 0)
(115.112 0 0)
(115.36 0 0)
(115.607 0 0)
(115.852 0 0)
(116.095 0 0)
(116.337 0 0)
(116.577 0 0)
(116.815 0 0)
(117.052 0 0)
(117.287 0 0)
(117.52 0 0)
(117.752 0 0)
(117.982 0 0)
(118.21 0 0)
(118.437 0 0)
(118.661 0 0)
(118.884 0 0)
(119.106 0 0)
(119.325 0 0)
(119.543 0 0)
(119.76 0 0)
(119.974 0 0)
(120.187 0 0)
(120.398 0 0)
(120.607 0 0)
(120.815 0 0)
(121.021 0 0)
(121.225 0 0)
(121.427 0 0)
(121.628 0 0)
(121.828 0 0)
(122.025 0 0)
(122.221 0 0)
(122.416 0 0)
(122.609 0 0)
(122.8 0 0)
(122.99 0 0)
(123.178 0 0)
(123.365 0 0)
(123.551 0 0)
(123.735 0 0)
(123.917 0 0)
(124.099 0 0)
(124.279 0 0)
(124.458 0 0)
(124.635 0 0)
(124.812 0 0)
(124.987 0 0)
(125.161 0 0)
(125.334 0 0)
(125.506 0 0)
(125.677 0 0)
(125.848 0 0)
(126.017 0 0)
(126.185 0 0)
(126.352 0 0)
(126.519 0 0)
(126.685 0 0)
(126.85 0 0)
(127.014 0 0)
(127.178 0 0)
(127.341 0 0)
(127.503 0 0)
(127.665 0 0)
(127.826 0 0)
(127.987 0 0)
(128.147 0 0)
(128.307 0 0)
(128.467 0 0)
(128.626 0 0)
(128.784 0 0)
(128.942 0 0)
(129.1 0 0)
(129.258 0 0)
(129.415 0 0)
(129.573 0 0)
(129.73 0 0)
(129.886 0 0)
(130.043 0 0)
(130.199 0 0)
(130.355 0 0)
(130.511 0 0)
(130.667 0 0)
(130.823 0 0)
(130.978 0 0)
(131.134 0 0)
(131.289 0 0)
(131.445 0 0)
(131.6 0 0)
(131.755 0 0)
(131.91 0 0)
(132.065 0 0)
(132.22 0 0)
(132.376 0 0)
(132.531 0 0)
(132.686 0 0)
(132.841 0 0)
(132.996 0 0)
(133.151 0 0)
(133.306 0 0)
(133.461 0 0)
(133.616 0 0)
(133.771 0 0)
(133.926 0 0)
(134.081 0 0)
(134.236 0 0)
(134.391 0 0)
(134.546 0 0)
(134.702 0 0)
(134.857 0 0)
(135.012 0 0)
(135.167 0 0)
(135.323 0 0)
(135.478 0 0)
(135.633 0 0)
(135.789 0 0)
(135.944 0 0)
(136.1 0 0)
(136.255 0 0)
(136.411 0 0)
(136.566 0 0)
(136.722 0 0)
(136.878 0 0)
(137.033 0 0)
(137.189 0 0)
(137.345 0 0)
(137.501 0 0)
(137.657 0 0)
(137.813 0 0)
(137.969 0 0)
(138.125 0 0)
(138.281 0 0)
(138.437 0 0)
(138.593 0 0)
(138.749 0 0)
(138.905 0 0)
(139.061 0 0)
(139.218 0 0)
(139.374 0 0)
(139.53 0 0)
(139.687 0 0)
(139.843 0 0)
(140 0 0)
(140.156 0 0)
(140.313 0 0)
(140.469 0 0)
(140.626 0 0)
(140.783 0 0)
(140.939 0 0)
(141.096 0 0)
(141.253 0 0)
(141.41 0 0)
(141.567 0 0)
(141.724 0 0)
(141.881 0 0)
(142.038 0 0)
(142.195 0 0)
(142.352 0 0)
(142.509 0 0)
(142.666 0 0)
(142.823 0 0)
(142.981 0 0)
(143.138 0 0)
(143.295 0 0)
(143.453 0 0)
(143.61 0 0)
(143.768 0 0)
(143.925 0 0)
(144.083 0 0)
(144.24 0 0)
(144.398 0 0)
(144.556 0 0)
(144.713 0 0)
(144.871 0 0)
(145.029 0 0)
(145.187 0 0)
(145.345 0 0)
(145.503 0 0)
(145.661 0 0)
(145.819 0 0)
(145.977 0 0)
(146.135 0 0)
(146.293 0 0)
(146.451 0 0)
(146.609 0 0)
(146.767 0 0)
(146.926 0 0)
(147.084 0 0)
(147.242 0 0)
(147.401 0 0)
(147.559 0 0)
(147.718 0 0)
(147.876 0 0)
(148.035 0 0)
(148.193 0 0)
(148.352 0 0)
(148.511 0 0)
(148.67 0 0)
(148.828 0 0)
(148.987 0 0)
(149.146 0 0)
(149.305 0 0)
(149.464 0 0)
(149.623 0 0)
(149.782 0 0)
(149.941 0 0)
(150.1 0 0)
(150.259 0 0)
(150.418 0 0)
(150.578 0 0)
(150.737 0 0)
(150.896 0 0)
(151.056 0 0)
(151.215 0 0)
(151.374 0 0)
(151.534 0 0)
(151.693 0 0)
(151.853 0 0)
(152.012 0 0)
(152.172 0 0)
(152.332 0 0)
(152.491 0 0)
(152.651 0 0)
(152.811 0 0)
(152.971 0 0)
(153.131 0 0)
(153.291 0 0)
(153.451 0 0)
(153.611 0 0)
(153.771 0 0)
(153.931 0 0)
(154.091 0 0)
(154.251 0 0)
(154.411 0 0)
(154.571 0 0)
(154.732 0 0)
(154.892 0 0)
(155.052 0 0)
(155.213 0 0)
(155.373 0 0)
(155.534 0 0)
(155.694 0 0)
(155.855 0 0)
(156.015 0 0)
(156.176 0 0)
(156.337 0 0)
(156.497 0 0)
(156.658 0 0)
(156.819 0 0)
(156.98 0 0)
(157.141 0 0)
(157.302 0 0)
(157.462 0 0)
(157.623 0 0)
(157.785 0 0)
(157.946 0 0)
(158.107 0 0)
(158.268 0 0)
(158.429 0 0)
(158.59 0 0)
(158.752 0 0)
(158.913 0 0)
(159.074 0 0)
(159.236 0 0)
(159.397 0 0)
(159.558 0 0)
(159.72 0 0)
(159.882 0 0)
(160.043 0 0)
(160.205 0 0)
(160.366 0 0)
(160.528 0 0)
(160.69 0 0)
(160.852 0 0)
(161.013 0 0)
(161.175 0 0)
(161.337 0 0)
(161.499 0 0)
(161.661 0 0)
(161.823 0 0)
(161.985 0 0)
(162.147 0 0)
(162.309 0 0)
(162.472 0 0)
(162.634 0 0)
(162.796 0 0)
(162.958 0 0)
(163.121 0 0)
(163.283 0 0)
(163.446 0 0)
(163.608 0 0)
(163.77 0 0)
(163.933 0 0)
(164.096 0 0)
(164.258 0 0)
(164.421 0 0)
(164.583 0 0)
(164.746 0 0)
(164.909 0 0)
(165.072 0 0)
(165.235 0 0)
(165.398 0 0)
(165.56 0 0)
(165.723 0 0)
(165.886 0 0)
(166.049 0 0)
(166.212 0 0)
(166.376 0 0)
(166.539 0 0)
(166.702 0 0)
(166.865 0 0)
(167.028 0 0)
(167.192 0 0)
(167.355 0 0)
(167.518 0 0)
(167.682 0 0)
(167.845 0 0)
(168.009 0 0)
(168.172 0 0)
(168.336 0 0)
(168.5 0 0)
(168.663 0 0)
(168.827 0 0)
(168.991 0 0)
(169.154 0 0)
(169.318 0 0)
(169.482 0 0)
(169.646 0 0)
(169.81 0 0)
(169.974 0 0)
(170.138 0 0)
(170.302 0 0)
(170.466 0 0)
(170.63 0 0)
(170.794 0 0)
(170.958 0 0)
(171.123 0 0)
(171.287 0 0)
(171.451 0 0)
(171.616 0 0)
(171.78 0 0)
(171.944 0 0)
(172.109 0 0)
(172.273 0 0)
(172.438 0 0)
(172.602 0 0)
(172.767 0 0)
(172.932 0 0)
(173.096 0 0)
(173.261 0 0)
(173.426 0 0)
(173.591 0 0)
(173.756 0 0)
(173.92 0 0)
(174.085 0 0)
(174.25 0 0)
(174.415 0 0)
(174.58 0 0)
(174.745 0 0)
(174.911 0 0)
(175.076 0 0)
(175.241 0 0)
(175.406 0 0)
(175.571 0 0)
(175.737 0 0)
(175.902 0 0)
(176.067 0 0)
(176.233 0 0)
(176.398 0 0)
(176.564 0 0)
(176.729 0 0)
(176.895 0 0)
(177.06 0 0)
(177.226 0 0)
(177.392 0 0)
(177.557 0 0)
(177.723 0 0)
(177.889 0 0)
(178.055 0 0)
(178.221 0 0)
(178.387 0 0)
(178.552 0 0)
(178.718 0 0)
(178.884 0 0)
(179.051 0 0)
(179.217 0 0)
(179.383 0 0)
(179.549 0 0)
(179.715 0 0)
(179.881 0 0)
(180.048 0 0)
(180.214 0 0)
(180.38 0 0)
(180.547 0 0)
(180.713 0 0)
(180.879 0 0)
(181.046 0 0)
(181.213 0 0)
(181.379 0 0)
(181.546 0 0)
(181.712 0 0)
(181.879 0 0)
(182.046 0 0)
(182.212 0 0)
(182.379 0 0)
(182.546 0 0)
(182.713 0 0)
(182.88 0 0)
(183.047 0 0)
(183.214 0 0)
(183.381 0 0)
(183.548 0 0)
(183.715 0 0)
(183.882 0 0)
(184.049 0 0)
(184.216 0 0)
(184.384 0 0)
(184.551 0 0)
(184.718 0 0)
(184.885 0 0)
(185.053 0 0)
(185.22 0 0)
(185.388 0 0)
(185.555 0 0)
(185.723 0 0)
(185.89 0 0)
(186.058 0 0)
(186.225 0 0)
(186.393 0 0)
(186.561 0 0)
(186.729 0 0)
(186.896 0 0)
(187.064 0 0)
(187.232 0 0)
(187.4 0 0)
(187.568 0 0)
(187.736 0 0)
(187.904 0 0)
(188.072 0 0)
(188.24 0 0)
(188.408 0 0)
(188.576 0 0)
(188.744 0 0)
(188.912 0 0)
(189.08 0 0)
(189.249 0 0)
(189.417 0 0)
(189.585 0 0)
(189.754 0 0)
(189.922 0 0)
(190.09 0 0)
(190.259 0 0)
(190.427 0 0)
(190.596 0 0)
(190.765 0 0)
(190.933 0 0)
(191.102 0 0)
(191.27 0 0)
(191.439 0 0)
(191.608 0 0)
(191.776 0 0)
(191.945 0 0)
(192.114 0 0)
(192.283 0 0)
(192.451 0 0)
(192.62 0 0)
(192.789 0 0)
(192.958 0 0)
(193.127 0 0)
(193.296 0 0)
(193.465 0 0)
(193.633 0 0)
(193.802 0 0)
(193.971 0 0)
(194.14 0 0)
(194.309 0 0)
(194.477 0 0)
(194.646 0 0)
(194.815 0 0)
(194.983 0 0)
(195.152 0 0)
(195.32 0 0)
(195.489 0 0)
(195.657 0 0)
(195.825 0 0)
(195.993 0 0)
(196.161 0 0)
(196.329 0 0)
(196.496 0 0)
(196.664 0 0)
(196.831 0 0)
(196.998 0 0)
(197.164 0 0)
(197.331 0 0)
(197.497 0 0)
(197.662 0 0)
(197.828 0 0)
(197.993 0 0)
(198.158 0 0)
(198.322 0 0)
(198.486 0 0)
(198.649 0 0)
(198.812 0 0)
(198.974 0 0)
(199.136 0 0)
(199.297 0 0)
(199.457 0 0)
(199.617 0 0)
(199.776 0 0)
(199.935 0 0)
(200.092 0 0)
(200.249 0 0)
(200.405 0 0)
(200.561 0 0)
(200.715 0 0)
(200.868 0 0)
(201.021 0 0)
(201.173 0 0)
(201.324 0 0)
(201.474 0 0)
(201.623 0 0)
(201.771 0 0)
(201.918 0 0)
(202.064 0 0)
(202.209 0 0)
(202.354 0 0)
(202.497 0 0)
(202.64 0 0)
(202.782 0 0)
(202.923 0 0)
(203.063 0 0)
(203.202 0 0)
(203.341 0 0)
(203.479 0 0)
(203.616 0 0)
(203.753 0 0)
(203.89 0 0)
(204.026 0 0)
(204.162 0 0)
(204.297 0 0)
(204.432 0 0)
(204.567 0 0)
(204.702 0 0)
(204.837 0 0)
(204.972 0 0)
(205.107 0 0)
(205.242 0 0)
(205.378 0 0)
(205.514 0 0)
(205.65 0 0)
(205.787 0 0)
(205.924 0 0)
(206.062 0 0)
(206.201 0 0)
(206.341 0 0)
(206.481 0 0)
(206.622 0 0)
(206.764 0 0)
(206.907 0 0)
(207.05 0 0)
(207.195 0 0)
(207.341 0 0)
(207.487 0 0)
(207.635 0 0)
(207.784 0 0)
(207.934 0 0)
(208.084 0 0)
(208.236 0 0)
(208.389 0 0)
(208.543 0 0)
(208.698 0 0)
(208.854 0 0)
(209.01 0 0)
(209.168 0 0)
(209.327 0 0)
(209.487 0 0)
(209.647 0 0)
(209.808 0 0)
(209.971 0 0)
(210.134 0 0)
(210.297 0 0)
(210.462 0 0)
(210.627 0 0)
(210.793 0 0)
(210.96 0 0)
(211.127 0 0)
(211.295 0 0)
(211.463 0 0)
(211.632 0 0)
(211.801 0 0)
(211.971 0 0)
(212.142 0 0)
(212.313 0 0)
(212.484 0 0)
(212.656 0 0)
(212.828 0 0)
(213 0 0)
(213.173 0 0)
(213.346 0 0)
(213.519 0 0)
(213.693 0 0)
(213.867 0 0)
(214.041 0 0)
(214.215 0 0)
(214.39 0 0)
(214.564 0 0)
(214.739 0 0)
(214.914 0 0)
(215.089 0 0)
(215.265 0 0)
(215.44 0 0)
(215.616 0 0)
(215.791 0 0)
(215.967 0 0)
(216.143 0 0)
(216.318 0 0)
(216.494 0 0)
(216.67 0 0)
(216.846 0 0)
(217.022 0 0)
(217.197 0 0)
(217.373 0 0)
(217.549 0 0)
(217.724 0 0)
(217.9 0 0)
(218.075 0 0)
(218.25 0 0)
(218.425 0 0)
(218.599 0 0)
(218.773 0 0)
(218.946 0 0)
(219.119 0 0)
(219.291 0 0)
(219.463 0 0)
(219.633 0 0)
(219.802 0 0)
(219.97 0 0)
(220.137 0 0)
(220.302 0 0)
(220.465 0 0)
(220.625 0 0)
(220.784 0 0)
(220.94 0 0)
(221.093 0 0)
(221.243 0 0)
(221.39 0 0)
(221.533 0 0)
(221.673 0 0)
(221.809 0 0)
(221.941 0 0)
(222.068 0 0)
(222.192 0 0)
(222.311 0 0)
(222.427 0 0)
(222.538 0 0)
(222.646 0 0)
(222.749 0 0)
(222.85 0 0)
(222.947 0 0)
(223.042 0 0)
(223.135 0 0)
(223.225 0 0)
(223.314 0 0)
(223.402 0 0)
(223.49 0 0)
(223.577 0 0)
(223.664 0 0)
(223.752 0 0)
(223.841 0 0)
(223.931 0 0)
(224.023 0 0)
(224.116 0 0)
(224.211 0 0)
(224.307 0 0)
(224.406 0 0)
(224.507 0 0)
(224.61 0 0)
(224.715 0 0)
(224.823 0 0)
(224.932 0 0)
(225.044 0 0)
(225.157 0 0)
(225.272 0 0)
(225.392 0 0)
(225.512 0 0)
(225.637 0 0)
(225.919 0 0)
)
;

boundaryField
{
    sides
    {
        type            zeroGradient;
    }
    empty
    {
        type            empty;
    }
}


// ************************************************************************* //
