/*--------------------------------*- C++ -*----------------------------------*\
| =========                 |                                                 |
| \\      /  F ield         | OpenFOAM: The Open Source CFD Toolbox           |
|  \\    /   O peration     | Version:  2406                                  |
|   \\  /    A nd           | Website:  www.openfoam.com                      |
|    \\/     M anipulation  |                                                 |
\*---------------------------------------------------------------------------*/
FoamFile
{
    version     2.0;
    format      ascii;
    arch        "LSB;label=32;scalar=64";
    class       volScalarField;
    location    "0.018";
    object      mag(U);
}
// * * * * * * * * * * * * * * * * * * * * * * * * * * * * * * * * * * * * * //

dimensions      [0 1 -1 0 0 0 0];

internalField   nonuniform List<scalar> 
1000
(
5.1571
6.41507
7.21832
7.97393
8.77908
9.59824
10.4111
11.2205
12.0306
12.8414
13.6525
14.4635
15.2746
16.0859
16.8972
17.7087
18.5203
19.332
20.1438
20.9557
21.7678
22.5799
23.3922
24.2045
25.017
25.8295
26.6422
27.455
28.2678
29.0808
29.8939
30.707
31.5203
32.3336
33.1471
33.9606
34.7742
35.5879
36.4017
37.2155
38.0295
38.8435
39.6576
40.4718
41.286
42.1004
42.9148
43.7292
44.5438
45.3584
46.173
46.9877
47.8025
48.6174
49.4322
50.2472
51.0622
51.8772
52.6923
53.5074
54.3226
55.1378
55.9531
56.7684
57.5837
58.399
59.2144
60.0298
60.8452
61.6606
62.4761
63.2916
64.107
64.9225
65.738
66.5535
67.369
68.1845
69
69.8154
70.6309
71.4463
72.2617
73.0771
73.8925
74.7078
75.5231
76.3383
77.1536
77.9687
78.7838
79.5989
80.4139
81.2288
82.0437
82.8585
83.6732
84.4878
85.3023
86.1168
86.9311
87.7454
88.5595
89.3735
90.1874
91.0012
91.8148
92.6284
93.4417
94.2549
95.068
95.8809
96.6936
97.5062
98.3185
99.1307
99.9427
100.754
101.566
102.377
103.188
103.999
104.81
105.62
106.43
107.24
108.05
108.859
109.668
110.476
111.285
112.093
112.9
113.707
114.514
115.321
116.127
116.932
117.738
118.542
119.347
120.151
120.954
121.757
122.559
123.361
124.162
124.963
125.763
126.562
127.361
128.159
128.956
129.753
130.549
131.344
132.138
132.932
133.725
134.516
135.307
136.097
136.886
137.674
138.461
139.247
140.032
140.815
141.598
142.379
143.159
143.937
144.714
145.49
146.264
147.037
147.808
148.577
149.345
150.111
150.875
151.637
152.397
153.155
153.911
154.665
155.416
156.165
156.912
157.656
158.398
159.137
159.873
160.606
161.336
162.064
162.788
163.508
164.226
164.94
165.65
166.357
167.061
167.761
168.456
169.148
169.836
170.519
171.198
171.873
172.543
173.209
173.87
174.527
175.178
175.825
176.467
177.104
177.737
178.364
178.986
179.603
180.215
180.822
181.424
182.02
182.612
183.198
183.78
184.357
184.928
185.495
186.057
186.614
187.167
187.715
188.258
188.797
189.332
189.863
190.39
190.913
191.432
191.947
192.459
192.968
193.473
193.976
194.475
194.971
195.465
195.957
196.446
196.932
197.417
197.899
198.38
198.859
199.336
199.812
200.286
200.759
201.231
201.701
202.171
202.639
203.107
203.574
204.04
204.505
204.97
205.434
205.897
206.36
206.823
207.285
207.747
208.208
208.67
209.13
209.591
210.051
210.512
210.972
211.431
211.891
212.351
212.81
213.269
213.728
214.187
214.646
215.105
215.564
216.022
216.481
216.939
217.398
217.856
218.314
218.772
219.23
219.688
220.146
220.604
221.062
221.519
221.977
222.435
222.892
223.349
223.807
224.264
224.721
225.178
225.635
226.092
226.549
227.006
227.462
227.919
228.375
228.832
229.288
229.744
230.2
230.656
231.112
231.568
232.023
232.479
232.934
233.39
233.845
234.3
234.755
235.21
235.665
236.119
236.574
237.028
237.482
237.936
238.39
238.844
239.298
239.751
240.204
240.658
241.111
241.563
242.016
242.468
242.921
243.373
243.825
244.276
244.728
245.179
245.63
246.081
246.532
246.982
247.432
247.882
248.332
248.781
249.23
249.679
250.128
250.576
251.024
251.472
251.919
252.366
252.813
253.259
253.706
254.151
254.597
255.042
255.486
255.93
256.374
256.818
257.26
257.703
258.145
258.587
259.028
259.468
259.908
260.348
260.787
261.225
261.663
262.1
262.536
262.972
263.407
263.842
264.275
264.708
265.141
265.572
266.003
266.432
266.861
267.289
267.716
268.142
268.567
268.991
269.414
269.836
270.257
270.676
271.094
271.511
271.926
272.341
272.753
273.164
273.574
273.982
274.388
274.793
275.196
275.597
275.996
276.392
276.787
277.18
277.57
277.959
278.344
278.727
279.108
279.486
279.861
280.233
280.602
280.968
281.331
281.69
282.046
282.398
282.747
283.092
283.432
283.769
284.101
284.429
284.752
285.071
285.384
285.693
285.996
286.294
286.587
286.874
287.155
287.43
287.7
287.963
288.219
288.469
288.713
288.95
289.18
289.403
289.619
289.828
290.029
290.224
290.411
290.591
290.763
290.928
291.086
291.237
291.38
291.516
291.645
291.767
291.882
291.991
292.093
292.188
292.278
292.361
292.439
292.511
292.577
292.639
292.696
292.748
292.795
292.839
292.878
292.914
292.947
292.976
293.003
293.027
293.048
293.067
293.084
293.099
293.112
293.124
293.134
293.143
293.151
293.158
293.164
293.169
293.174
293.178
293.181
293.184
293.186
293.188
293.19
293.192
293.193
293.194
293.195
293.196
293.197
293.197
293.198
293.198
293.199
293.199
293.199
293.199
293.2
293.2
293.2
293.2
293.2
293.2
293.2
293.2
293.201
293.201
293.201
293.201
293.201
293.201
293.201
293.201
293.201
293.201
293.201
293.201
293.201
293.201
293.201
293.201
293.201
293.201
293.202
293.202
293.202
293.202
293.202
293.202
293.202
293.202
293.202
293.202
293.202
293.202
293.202
293.202
293.202
293.202
293.202
293.202
293.202
293.203
293.203
293.203
293.203
293.203
293.203
293.203
293.203
293.203
293.203
293.203
293.203
293.203
293.203
293.203
293.203
293.203
293.203
293.203
293.203
293.203
293.203
293.203
293.203
293.203
293.203
293.203
293.203
293.203
293.203
293.203
293.203
293.203
293.203
293.203
293.203
293.203
293.203
293.203
293.203
293.203
293.203
293.203
293.203
293.203
293.203
293.203
293.203
293.203
293.203
293.203
293.203
293.203
293.203
293.203
293.203
293.203
293.203
293.204
293.204
293.204
293.204
293.204
293.204
293.204
293.204
293.204
293.204
293.204
293.204
293.204
293.204
293.204
293.204
293.204
293.204
293.204
293.204
293.204
293.204
293.204
293.204
293.204
293.204
293.204
293.204
293.204
293.204
293.204
293.204
293.204
293.204
293.204
293.204
293.204
293.204
293.204
293.204
293.204
293.204
293.204
293.204
293.204
293.204
293.204
293.204
293.204
293.204
293.204
293.204
293.204
293.204
293.204
293.204
293.204
293.204
293.205
293.205
293.205
293.205
293.205
293.205
293.205
293.205
293.205
293.205
293.205
293.205
293.205
293.205
293.205
293.205
293.205
293.205
293.205
293.205
293.205
293.205
293.205
293.205
293.205
293.205
293.205
293.205
293.205
293.205
293.205
293.205
293.205
293.205
293.205
293.205
293.205
293.205
293.205
293.205
293.205
293.205
293.205
293.205
293.205
293.205
293.205
293.205
293.205
293.205
293.205
293.205
293.205
293.205
293.205
293.205
293.205
293.205
293.205
293.205
293.205
293.205
293.205
293.205
293.205
293.205
293.205
293.205
293.205
293.205
293.205
293.205
293.205
293.205
293.205
293.205
293.205
293.205
293.205
293.205
293.205
293.205
293.205
293.205
293.205
293.205
293.205
293.205
293.205
293.205
293.205
293.205
293.205
293.205
293.205
293.205
293.205
293.205
293.205
293.205
293.205
293.205
293.205
293.205
293.205
293.205
293.205
293.205
293.205
293.205
293.205
293.205
293.205
293.205
293.205
293.205
293.205
293.205
293.205
293.205
293.205
293.205
293.205
293.205
293.205
293.205
293.205
293.205
293.205
293.205
293.205
293.205
293.205
293.205
293.205
293.205
293.205
293.205
293.205
293.205
293.205
293.205
293.205
293.205
293.205
293.205
293.205
293.205
293.205
293.205
293.205
293.205
293.205
293.205
293.205
293.205
293.205
293.205
293.205
293.205
293.205
293.205
293.205
293.205
293.205
293.205
293.205
293.205
293.205
293.205
293.205
293.205
293.205
293.205
293.205
293.205
293.205
293.205
293.205
293.205
293.205
293.205
293.205
293.205
293.205
293.205
293.205
293.205
293.205
293.205
293.205
293.205
293.205
293.204
293.204
293.203
293.203
293.202
293.201
293.2
293.198
293.196
293.193
293.19
293.186
293.181
293.175
293.167
293.159
293.148
293.136
293.121
293.104
293.085
293.062
293.036
293.007
292.975
292.938
292.897
292.853
292.804
292.752
292.695
292.634
292.57
292.503
292.433
292.361
292.286
292.211
292.135
292.059
291.983
291.909
291.836
291.766
291.699
291.635
291.575
291.519
291.467
291.419
291.375
291.336
291.301
291.27
291.243
291.219
291.199
291.182
291.167
291.155
291.145
291.136
291.13
291.124
291.12
291.117
291.114
291.112
291.11
291.109
291.108
291.107
291.107
291.106
291.106
291.105
291.105
291.104
291.103
291.103
291.102
291.101
291.1
291.099
291.097
291.096
291.094
291.092
291.09
291.087
291.085
291.082
291.08
291.078
291.076
291.075
291.075
291.076
291.078
291.08
291.082
291.088
291.097
291.112
291.131
291.165
291.206
291.262
291.309
)
;

boundaryField
{
    sides
    {
        type            calculated;
        value           nonuniform List<scalar> 2(291.309 5.1571);
    }
    empty
    {
        type            empty;
    }
}


// ************************************************************************* //
