/*--------------------------------*- C++ -*----------------------------------*\
| =========                 |                                                 |
| \\      /  F ield         | OpenFOAM: The Open Source CFD Toolbox           |
|  \\    /   O peration     | Version:  2406                                  |
|   \\  /    A nd           | Website:  www.openfoam.com                      |
|    \\/     M anipulation  |                                                 |
\*---------------------------------------------------------------------------*/
FoamFile
{
    version     2.0;
    format      ascii;
    arch        "LSB;label=32;scalar=64";
    class       volScalarField;
    location    "0.043";
    object      mag(U);
}
// * * * * * * * * * * * * * * * * * * * * * * * * * * * * * * * * * * * * * //

dimensions      [0 1 -1 0 0 0 0];

internalField   nonuniform List<scalar> 
1000
(
18.3277
18.6128
18.9721
19.2678
19.5274
19.7851
20.0492
20.3163
20.5832
20.8495
21.1156
21.3817
21.6479
21.9141
22.1803
22.4465
22.7127
22.9788
23.245
23.5111
23.7773
24.0434
24.3096
24.5757
24.8418
25.1079
25.3739
25.64
25.906
26.1721
26.4381
26.7041
26.97
27.236
27.5019
27.7678
28.0337
28.2996
28.5654
28.8311
29.0969
29.3626
29.6283
29.894
30.1596
30.4252
30.6908
30.9563
31.2218
31.4873
31.7527
32.0181
32.2834
32.5487
32.8139
33.0791
33.3442
33.6092
33.8742
34.1392
34.4041
34.6689
34.9337
35.1984
35.4631
35.7276
35.9921
36.2566
36.5209
36.7852
37.0494
37.3136
37.5776
37.8416
38.1055
38.3693
38.633
38.8967
39.1602
39.4236
39.687
39.9503
40.2134
40.4765
40.7394
41.0022
41.265
41.5276
41.7901
42.0525
42.3147
42.5768
42.8389
43.1007
43.3625
43.6241
43.8856
44.1469
44.4081
44.6691
44.93
45.1907
45.4513
45.7117
45.972
46.232
46.4919
46.7517
47.0112
47.2706
47.5298
47.7888
48.0475
48.3061
48.5645
48.8227
49.0807
49.3384
49.5959
49.8532
50.1103
50.3671
50.6237
50.8801
51.1362
51.392
51.6476
51.9029
52.158
52.4127
52.6672
52.9214
53.1753
53.429
53.6823
53.9353
54.188
54.4403
54.6924
54.9441
55.1955
55.4465
55.6971
55.9474
56.1974
56.4469
56.6961
56.9448
57.1932
57.4411
57.6887
57.9358
58.1824
58.4286
58.6743
58.9196
59.1646
59.4093
59.6533
59.8966
60.1392
60.3812
60.6226
60.8635
61.1037
61.3434
61.5826
61.8211
62.059
62.2964
62.5331
62.7692
63.0046
63.2394
63.4734
63.7068
63.9395
64.1715
64.4027
64.6332
64.8629
65.0918
65.32
65.5473
65.7738
65.9995
66.2243
66.4483
66.6714
66.8936
67.1148
67.3352
67.5546
67.7731
67.9906
68.2071
68.4226
68.6371
68.8506
69.063
69.2744
69.4847
69.694
69.9021
70.1091
70.315
70.5198
70.7234
70.9258
71.1271
71.3272
71.5261
71.7238
71.9202
72.1154
72.3094
72.5022
72.6936
72.8839
73.0728
73.2605
73.4468
73.6319
73.8157
73.9983
74.1795
74.3594
74.538
74.7153
74.8913
75.066
75.2395
75.4116
75.5825
75.7521
75.9204
76.0874
76.2532
76.4178
76.5811
76.7433
76.9042
77.0639
77.2225
77.3799
77.5361
77.6913
77.8453
77.9983
78.1502
78.301
78.4509
78.5997
78.7476
78.8945
79.0405
79.1856
79.3298
79.4732
79.6157
79.7575
79.8985
80.0387
80.1783
80.3171
80.4553
80.5928
80.7297
80.866
81.0018
81.137
81.2717
81.4059
81.5396
81.6729
81.8058
81.9383
82.0704
82.2021
82.3335
82.4646
82.5954
82.7259
82.8562
82.9862
83.116
83.2456
83.3749
83.5041
83.6331
83.762
83.8907
84.0193
84.1478
84.2761
84.4044
84.5326
84.6606
84.7887
84.9166
85.0445
85.1724
85.3002
85.4279
85.5557
85.6834
85.8111
85.9387
86.0664
86.194
86.3217
86.4493
86.577
86.7046
86.8323
86.96
87.0877
87.2154
87.3431
87.4708
87.5986
87.7264
87.8542
87.982
88.1099
88.2378
88.3657
88.4936
88.6216
88.7496
88.8776
89.0057
89.1338
89.2619
89.3901
89.5183
89.6465
89.7748
89.9031
90.0314
90.1598
90.2882
90.4166
90.5451
90.6736
90.8022
90.9307
91.0594
91.188
91.3167
91.4454
91.5742
91.703
91.8318
91.9606
92.0895
92.2185
92.3474
92.4764
92.6055
92.7346
92.8637
92.9928
93.122
93.2512
93.3805
93.5098
93.6391
93.7684
93.8978
94.0273
94.1567
94.2862
94.4158
94.5453
94.675
94.8046
94.9343
95.064
95.1937
95.3235
95.4533
95.5832
95.7131
95.843
95.973
96.103
96.233
96.3631
96.4932
96.6233
96.7535
96.8837
97.014
97.1442
97.2746
97.4049
97.5353
97.6657
97.7962
97.9267
98.0572
98.1878
98.3184
98.449
98.5797
98.7104
98.8411
98.9719
99.1027
99.2336
99.3644
99.4954
99.6263
99.7573
99.8883
100.019
100.15
100.282
100.413
100.544
100.675
100.806
100.938
101.069
101.2
101.332
101.463
101.595
101.726
101.858
101.989
102.121
102.253
102.384
102.516
102.648
102.78
102.912
103.043
103.175
103.307
103.439
103.571
103.703
103.835
103.967
104.1
104.232
104.364
104.496
104.628
104.761
104.893
105.025
105.158
105.29
105.423
105.555
105.688
105.821
105.953
106.086
106.218
106.351
106.484
106.617
106.75
106.882
107.015
107.148
107.281
107.414
107.547
107.68
107.813
107.947
108.08
108.213
108.346
108.479
108.613
108.746
108.879
109.013
109.146
109.28
109.413
109.547
109.68
109.814
109.948
110.081
110.215
110.349
110.482
110.616
110.75
110.884
111.018
111.152
111.286
111.42
111.554
111.688
111.822
111.956
112.09
112.225
112.359
112.493
112.627
112.762
112.896
113.03
113.165
113.299
113.434
113.568
113.703
113.838
113.972
114.107
114.242
114.376
114.511
114.646
114.781
114.916
115.051
115.185
115.32
115.455
115.59
115.726
115.861
115.996
116.131
116.266
116.401
116.537
116.672
116.807
116.943
117.078
117.213
117.349
117.484
117.62
117.756
117.891
118.027
118.162
118.298
118.434
118.57
118.705
118.841
118.977
119.113
119.249
119.385
119.521
119.657
119.793
119.929
120.065
120.201
120.337
120.474
120.61
120.746
120.882
121.019
121.155
121.292
121.428
121.564
121.701
121.837
121.974
122.111
122.247
122.384
122.521
122.657
122.794
122.931
123.068
123.205
123.341
123.478
123.615
123.752
123.889
124.026
124.163
124.301
124.438
124.575
124.712
124.849
124.987
125.124
125.261
125.399
125.536
125.673
125.811
125.948
126.086
126.223
126.361
126.499
126.636
126.774
126.912
127.049
127.187
127.325
127.463
127.601
127.739
127.877
128.015
128.153
128.291
128.429
128.567
128.705
128.843
128.981
129.119
129.258
129.396
129.534
129.673
129.811
129.949
130.088
130.226
130.365
130.503
130.642
130.781
130.919
131.058
131.196
131.335
131.474
131.613
131.752
131.89
132.029
132.168
132.307
132.446
132.585
132.724
132.863
133.002
133.141
133.28
133.42
133.559
133.698
133.837
133.977
134.116
134.255
134.395
134.534
134.674
134.813
134.953
135.092
135.232
135.371
135.511
135.651
135.79
135.93
136.07
136.21
136.349
136.489
136.629
136.769
136.909
137.049
137.189
137.329
137.469
137.609
137.749
137.889
138.029
138.169
138.309
138.449
138.59
138.73
138.87
139.01
139.15
139.29
139.431
139.571
139.711
139.851
139.991
140.131
140.271
140.411
140.551
140.691
140.831
140.971
141.111
141.25
141.39
141.529
141.669
141.808
141.947
142.086
142.225
142.363
142.502
142.64
142.778
142.916
143.053
143.19
143.327
143.464
143.6
143.736
143.872
144.007
144.142
144.276
144.41
144.544
144.677
144.809
144.941
145.073
145.204
145.334
145.464
145.593
145.721
145.849
145.976
146.102
146.228
146.353
146.477
146.601
146.723
146.846
146.967
147.087
147.207
147.326
147.445
147.563
147.68
147.796
147.912
148.027
148.141
148.255
148.369
148.481
148.594
148.706
148.817
148.929
149.04
149.15
149.261
149.371
149.482
149.592
149.702
149.812
149.923
150.034
150.144
150.255
150.367
150.479
150.591
150.703
150.817
150.93
151.044
151.159
151.275
151.391
151.508
151.626
151.744
151.863
151.983
152.104
152.225
152.348
152.471
152.595
152.72
152.845
152.972
153.099
153.227
153.356
153.486
153.617
153.748
153.88
154.012
154.146
154.28
154.415
154.55
154.686
154.823
154.96
155.098
155.236
155.375
155.514
155.654
155.794
155.935
156.076
156.218
156.36
156.502
156.645
156.788
156.931
157.075
157.219
157.363
157.507
157.652
157.797
157.942
158.087
158.233
158.378
158.524
158.67
158.816
158.962
159.108
159.254
159.401
159.547
159.693
159.839
159.986
160.132
160.278
160.424
160.57
160.716
160.861
161.007
161.152
161.296
161.44
161.584
161.727
161.87
162.012
162.153
162.293
162.433
162.571
162.709
162.845
162.979
163.112
163.244
163.374
163.502
163.628
163.752
163.874
163.994
164.112
164.226
164.339
164.449
164.556
164.66
164.762
164.861
164.958
165.051
165.142
165.231
165.317
165.402
165.483
165.563
165.642
165.718
165.793
165.867
165.94
166.013
166.084
166.156
166.227
166.299
166.37
166.443
166.516
166.59
166.664
166.74
166.818
166.896
166.976
167.058
167.141
167.225
167.311
167.399
167.489
167.58
167.672
167.767
167.863
167.96
168.059
168.16
168.262
168.365
168.47
168.576
168.684
168.793
168.903
169.014
169.127
169.241
169.356
169.472
169.59
169.708
169.827
169.948
170.069
170.192
170.315
170.44
170.565
170.691
170.819
170.947
171.076
171.205
171.336
171.467
171.6
171.733
171.867
172.001
172.137
172.273
172.41
172.547
172.686
172.825
172.965
173.105
173.246
173.388
173.53
173.673
173.817
173.961
174.106
174.252
174.398
174.545
174.692
174.84
174.989
175.138
175.289
175.44
175.593
175.873
)
;

boundaryField
{
    sides
    {
        type            calculated;
        value           nonuniform List<scalar> 2(175.873 18.3277);
    }
    empty
    {
        type            empty;
    }
}


// ************************************************************************* //
