/*--------------------------------*- C++ -*----------------------------------*\
| =========                 |                                                 |
| \\      /  F ield         | OpenFOAM: The Open Source CFD Toolbox           |
|  \\    /   O peration     | Version:  2406                                  |
|   \\  /    A nd           | Website:  www.openfoam.com                      |
|    \\/     M anipulation  |                                                 |
\*---------------------------------------------------------------------------*/
FoamFile
{
    version     2.0;
    format      ascii;
    arch        "LSB;label=32;scalar=64";
    class       volScalarField;
    location    "0.043";
    object      p;
}
// * * * * * * * * * * * * * * * * * * * * * * * * * * * * * * * * * * * * * //

dimensions      [1 -1 -2 0 0 0 0];

internalField   nonuniform List<scalar> 
1000
(
10888.1
10886.8
10884.7
10882.8
10881.2
10879.6
10878
10876.3
10874.7
10873.1
10871.5
10869.8
10868.2
10866.6
10865
10863.4
10861.9
10860.3
10858.7
10857.1
10855.6
10854
10852.4
10850.9
10849.3
10847.8
10846.2
10844.7
10843.2
10841.7
10840.1
10838.6
10837.1
10835.6
10834.1
10832.6
10831.1
10829.6
10828.2
10826.7
10825.2
10823.8
10822.3
10820.9
10819.4
10818
10816.6
10815.1
10813.7
10812.3
10810.9
10809.5
10808.1
10806.7
10805.3
10803.9
10802.6
10801.2
10799.8
10798.5
10797.1
10795.8
10794.5
10793.2
10791.8
10790.5
10789.2
10787.9
10786.6
10785.3
10784.1
10782.8
10781.5
10780.3
10779
10777.8
10776.6
10775.3
10774.1
10772.9
10771.7
10770.5
10769.3
10768.2
10767
10765.8
10764.7
10763.5
10762.4
10761.3
10760.2
10759.1
10758
10756.9
10755.8
10754.8
10753.7
10752.7
10751.7
10750.6
10749.6
10748.6
10747.6
10746.7
10745.7
10744.8
10743.8
10742.9
10742
10741.1
10740.2
10739.3
10738.5
10737.6
10736.8
10736
10735.2
10734.4
10733.6
10732.8
10732.1
10731.3
10730.6
10729.9
10729.3
10728.6
10727.9
10727.3
10726.7
10726.1
10725.5
10724.9
10724.4
10723.9
10723.4
10722.9
10722.4
10722
10721.6
10721.1
10720.8
10720.4
10720.1
10719.7
10719.5
10719.2
10718.9
10718.7
10718.5
10718.3
10718.2
10718.1
10718
10717.9
10717.9
10717.9
10717.9
10717.9
10717.9
10718.1
10718.2
10718.4
10718.6
10718.9
10719.1
10719.5
10719.8
10720.2
10720.6
10721.1
10721.6
10722.1
10722.7
10723.3
10723.9
10724.6
10725.4
10726.1
10726.9
10727.8
10728.7
10729.7
10730.7
10731.7
10732.8
10733.9
10735.1
10736.4
10737.7
10739
10740.4
10741.9
10743.4
10744.9
10746.6
10748.2
10750
10751.8
10753.6
10755.5
10757.5
10759.5
10761.6
10763.8
10766
10768.3
10770.7
10773.1
10775.6
10778.2
10780.8
10783.5
10786.3
10789.1
10792
10795
10798.1
10801.2
10804.4
10807.7
10811
10814.5
10818
10821.6
10825.2
10829
10832.8
10836.7
10840.6
10844.7
10848.8
10853
10857.3
10861.6
10866.1
10870.6
10875.2
10879.8
10884.5
10889.3
10894.2
10899.2
10904.2
10909.3
10914.4
10919.7
10925
10930.4
10935.8
10941.3
10946.9
10952.5
10958.2
10963.9
10969.8
10975.6
10981.6
10987.5
10993.6
10999.7
11005.8
11012
11018.3
11024.6
11030.9
11037.3
11043.7
11050.2
11056.7
11063.3
11069.8
11076.5
11083.1
11089.8
11096.6
11103.3
11110.1
11116.9
11123.8
11130.7
11137.6
11144.5
11151.4
11158.4
11165.4
11172.4
11179.5
11186.5
11193.6
11200.7
11207.8
11214.9
11222.1
11229.2
11236.4
11243.6
11250.8
11258
11265.2
11272.5
11279.7
11287
11294.2
11301.5
11308.8
11316.1
11323.4
11330.8
11338.1
11345.4
11352.8
11360.1
11367.5
11374.9
11382.2
11389.6
11397
11404.4
11411.8
11419.3
11426.7
11434.1
11441.5
11449
11456.4
11463.9
11471.4
11478.8
11486.3
11493.8
11501.3
11508.8
11516.3
11523.8
11531.4
11538.9
11546.4
11554
11561.5
11569.1
11576.6
11584.2
11591.8
11599.3
11606.9
11614.5
11622.1
11629.7
11637.3
11644.9
11652.6
11660.2
11667.8
11675.5
11683.1
11690.8
11698.5
11706.1
11713.8
11721.5
11729.2
11736.9
11744.6
11752.3
11760
11767.7
11775.5
11783.2
11790.9
11798.7
11806.4
11814.2
11822
11829.7
11837.5
11845.3
11853.1
11860.9
11868.7
11876.5
11884.4
11892.2
11900
11907.9
11915.7
11923.6
11931.4
11939.3
11947.2
11955
11962.9
11970.8
11978.7
11986.6
11994.5
12002.5
12010.4
12018.3
12026.3
12034.2
12042.2
12050.1
12058.1
12066.1
12074
12082
12090
12098
12106
12114
12122.1
12130.1
12138.1
12146.2
12154.2
12162.3
12170.3
12178.4
12186.5
12194.6
12202.6
12210.7
12218.8
12226.9
12235.1
12243.2
12251.3
12259.4
12267.6
12275.7
12283.9
12292.1
12300.2
12308.4
12316.6
12324.8
12333
12341.2
12349.4
12357.6
12365.8
12374.1
12382.3
12390.5
12398.8
12407
12415.3
12423.6
12431.9
12440.1
12448.4
12456.7
12465
12473.4
12481.7
12490
12498.3
12506.7
12515
12523.4
12531.7
12540.1
12548.5
12556.9
12565.3
12573.7
12582.1
12590.5
12598.9
12607.3
12615.7
12624.2
12632.6
12641.1
12649.5
12658
12666.5
12675
12683.4
12691.9
12700.4
12708.9
12717.5
12726
12734.5
12743.1
12751.6
12760.1
12768.7
12777.3
12785.8
12794.4
12803
12811.6
12820.2
12828.8
12837.4
12846
12854.7
12863.3
12872
12880.6
12889.3
12897.9
12906.6
12915.3
12924
12932.7
12941.4
12950.1
12958.8
12967.5
12976.2
12985
12993.7
13002.5
13011.2
13020
13028.8
13037.5
13046.3
13055.1
13063.9
13072.7
13081.6
13090.4
13099.2
13108.1
13116.9
13125.7
13134.6
13143.5
13152.4
13161.2
13170.1
13179
13187.9
13196.8
13205.8
13214.7
13223.6
13232.6
13241.5
13250.5
13259.4
13268.4
13277.4
13286.4
13295.3
13304.3
13313.3
13322.4
13331.4
13340.4
13349.5
13358.5
13367.5
13376.6
13385.7
13394.7
13403.8
13412.9
13422
13431.1
13440.2
13449.3
13458.5
13467.6
13476.7
13485.9
13495.1
13504.2
13513.4
13522.6
13531.8
13540.9
13550.1
13559.4
13568.6
13577.8
13587
13596.3
13605.5
13614.8
13624
13633.3
13642.6
13651.9
13661.2
13670.5
13679.8
13689.1
13698.4
13707.7
13717.1
13726.4
13735.8
13745.1
13754.5
13763.9
13773.2
13782.6
13792
13801.4
13810.9
13820.3
13829.7
13839.1
13848.6
13858
13867.5
13877
13886.5
13895.9
13905.4
13914.9
13924.4
13933.9
13943.5
13953
13962.5
13972.1
13981.6
13991.2
14000.8
14010.3
14019.9
14029.5
14039.1
14048.7
14058.3
14068
14077.6
14087.2
14096.9
14106.5
14116.2
14125.9
14135.6
14145.2
14154.9
14164.6
14174.3
14184.1
14193.8
14203.5
14213.3
14223
14232.8
14242.5
14252.3
14262.1
14271.9
14281.7
14291.5
14301.3
14311.1
14320.9
14330.8
14340.6
14350.5
14360.3
14370.2
14380.1
14390
14399.9
14409.8
14419.7
14429.6
14439.5
14449.5
14459.4
14469.3
14479.3
14489.3
14499.2
14509.2
14519.2
14529.2
14539.2
14549.2
14559.3
14569.3
14579.3
14589.4
14599.4
14609.5
14619.6
14629.7
14639.7
14649.8
14660
14670.1
14680.2
14690.3
14700.5
14710.6
14720.8
14731
14741.1
14751.3
14761.5
14771.7
14782
14792.2
14802.4
14812.7
14822.9
14833.2
14843.5
14853.8
14864.1
14874.4
14884.8
14895.1
14905.5
14915.9
14926.3
14936.7
14947.1
14957.5
14968
14978.5
14989
14999.5
15010.1
15020.6
15031.2
15041.8
15052.5
15063.1
15073.8
15084.5
15095.3
15106.1
15116.9
15127.8
15138.7
15149.6
15160.6
15171.6
15182.6
15193.7
15204.9
15216
15227.3
15238.6
15249.9
15261.3
15272.8
15284.3
15295.9
15307.5
15319.2
15330.9
15342.8
15354.6
15366.6
15378.6
15390.7
15402.9
15415.1
15427.4
15439.7
15452.2
15464.7
15477.2
15489.9
15502.6
15515.3
15528.1
15541
15554
15567
15580
15593.2
15606.3
15619.5
15632.8
15646.1
15659.4
15672.8
15686.2
15699.6
15713.1
15726.6
15740.1
15753.6
15767.1
15780.6
15794.1
15807.6
15821.1
15834.5
15848
15861.5
15874.9
15888.3
15901.6
15915
15928.3
15941.5
15954.8
15967.9
15981.1
15994.2
16007.2
16020.2
16033.2
16046.1
16058.9
16071.7
16084.4
16097.1
16109.8
16122.4
16134.9
16147.4
16159.9
16172.3
16184.6
16196.9
16209.2
16221.4
16233.6
16245.7
16257.9
16269.9
16281.9
16293.9
16305.9
16317.8
16329.7
16341.6
16353.5
16365.3
16377.1
16388.9
16400.6
16412.4
16424.1
16435.8
16447.5
16459.1
16470.8
16482.5
16494.1
16505.7
16517.4
16529
16540.6
16552.2
16563.8
16575.5
16587.1
16598.7
16610.3
16621.9
16633.5
16645.2
16656.8
16668.4
16680.1
16691.8
16703.4
16715.1
16726.8
16738.6
16750.3
16762.1
16773.9
16785.8
16797.6
16809.6
16821.5
16833.5
16845.6
16857.7
16869.9
16882.2
16894.5
16906.9
16919.5
16932.1
16944.8
16957.7
16970.7
16983.8
16997.1
17010.6
17024.2
17038
17052
17066.2
17080.6
17095.2
17110.1
17125.1
17140.5
17156
17171.8
17187.8
17204.1
17220.6
17237.4
17254.3
17271.5
17288.9
17306.5
17324.3
17342.3
17360.4
17378.7
17397
17415.5
17434.1
17452.8
17471.5
17490.2
17509
17527.7
17546.4
17565.1
17583.8
17602.4
17620.9
17639.4
17657.7
17676
17694.2
17712.2
17730.2
17748
17765.7
17783.3
17800.8
17818.1
17835.4
17852.5
17869.5
17886.4
17903.2
17919.9
17936.5
17953
17969.3
17985.6
18001.8
18017.9
18033.9
18049.8
18065.7
18081.4
18097.1
18112.7
18128.2
18143.6
18159
18174.3
18189.5
18204.7
18219.7
18234.8
18249.7
18264.6
18279.5
18294.2
18308.9
18323.6
18338.2
18352.7
18367.2
18381.7
18396
18410.4
18424.6
18438.9
18453
18467.2
18481.3
18495.3
18509.3
18523.2
18537.1
18551
18564.8
18578.5
18592.3
18605.9
18619.6
18633.2
18646.7
18660.3
18673.7
18687.2
18700.6
18714
18727.2
18740.5
18753.4
)
;

boundaryField
{
    sides
    {
        type            zeroGradient;
    }
    empty
    {
        type            empty;
    }
}


// ************************************************************************* //
