/*--------------------------------*- C++ -*----------------------------------*\
| =========                 |                                                 |
| \\      /  F ield         | OpenFOAM: The Open Source CFD Toolbox           |
|  \\    /   O peration     | Version:  2406                                  |
|   \\  /    A nd           | Website:  www.openfoam.com                      |
|    \\/     M anipulation  |                                                 |
\*---------------------------------------------------------------------------*/
FoamFile
{
    version     2.0;
    format      ascii;
    arch        "LSB;label=32;scalar=64";
    class       surfaceScalarField;
    location    "0.043";
    object      phi;
}
// * * * * * * * * * * * * * * * * * * * * * * * * * * * * * * * * * * * * * //

dimensions      [1 0 -1 0 0 0 0];

oriented        oriented;

internalField   nonuniform List<scalar> 
999
(
15.3527
15.5685
15.7842
15.9998
16.2152
16.4306
16.6459
16.861
17.0761
17.291
17.5059
17.7207
17.9353
18.1498
18.3641
18.5785
18.7927
19.0069
19.2209
19.4348
19.6485
19.8621
20.0756
20.2891
20.5026
20.716
20.9293
21.1424
21.3552
21.5679
21.7804
21.9928
22.2052
22.4177
22.6302
22.8427
23.0552
23.2676
23.4798
23.6917
23.9033
24.1146
24.3256
24.5365
24.7472
24.9578
25.1685
25.3793
25.5902
25.8015
26.013
26.2247
26.4367
26.6489
26.8612
27.0736
27.286
27.4984
27.7108
27.9231
28.1354
28.3479
28.5608
28.7737
28.9866
29.1994
29.4123
29.625
29.8376
30.0503
30.2627
30.4751
30.6875
30.8997
31.1119
31.324
31.5359
31.7478
31.9596
32.1713
32.3829
32.5944
32.8058
33.0171
33.2283
33.4394
33.6504
33.8613
34.0721
34.2828
34.4934
34.7038
34.9142
35.1244
35.3345
35.5445
35.7544
35.9642
36.1738
36.3833
36.5927
36.802
37.0111
37.2201
37.429
37.6377
37.8463
38.0548
38.2631
38.4713
38.6793
38.8872
39.0949
39.3025
39.5099
39.7172
39.9243
40.1313
40.338
40.5447
40.7511
40.9574
41.1635
41.3694
41.5752
41.7807
41.9861
42.1913
42.3963
42.6012
42.8058
43.0102
43.2145
43.4185
43.6223
43.8259
44.0293
44.2325
44.4355
44.6382
44.8407
45.043
45.245
45.4469
45.6484
45.8498
46.0508
46.2516
46.4522
46.6525
46.8525
47.0523
47.2517
47.4509
47.6498
47.8484
48.0468
48.245
48.4428
48.6401
48.8371
49.0336
49.2299
49.4257
49.6212
49.8164
50.0113
50.2057
50.3999
50.5936
50.787
50.98
51.1726
51.3648
51.5566
51.748
51.939
52.1296
52.3197
52.5094
52.6987
52.8875
53.0758
53.2637
53.4511
53.638
53.8244
54.0104
54.1958
54.3807
54.5651
54.749
54.9323
55.1151
55.2974
55.4791
55.6602
55.8408
56.0208
56.2002
56.3791
56.5573
56.7349
56.912
57.0884
57.2642
57.4393
57.6139
57.7878
57.961
58.1336
58.3056
58.4769
58.6475
58.8175
58.9868
59.1554
59.3234
59.4907
59.6573
59.8232
59.9884
60.153
60.3168
60.48
60.6425
60.8043
60.9655
61.1259
61.2857
61.4448
61.6033
61.7611
61.9182
62.0747
62.2305
62.3857
62.5402
62.6942
62.8475
63.0002
63.1523
63.3038
63.4547
63.6051
63.7549
63.9042
64.0529
64.2012
64.3489
64.4961
64.6429
64.7892
64.935
65.0804
65.2254
65.37
65.5142
65.658
65.8015
65.9447
66.0875
66.23
66.3722
66.5142
66.6558
66.7973
66.9385
67.0795
67.2203
67.3609
67.5013
67.6416
67.7818
67.9218
68.0617
68.2015
68.3412
68.4809
68.6204
68.76
68.8994
69.0389
69.1783
69.3178
69.4572
69.5966
69.7361
69.8755
70.015
70.1546
70.2942
70.4338
70.5736
70.7133
70.8532
70.9931
71.1332
71.2733
71.4135
71.5538
71.6942
71.8347
71.9754
72.1161
72.257
72.398
72.5391
72.6803
72.8217
72.9632
73.1048
73.2465
73.3884
73.5305
73.6726
73.815
73.9574
74.1
74.2428
74.3857
74.5287
74.6719
74.8152
74.9587
75.1023
75.2461
75.3901
75.5342
75.6784
75.8228
75.9673
76.112
76.2569
76.4019
76.5471
76.6924
76.8379
76.9835
77.1293
77.2752
77.4213
77.5676
77.714
77.8606
78.0073
78.1542
78.3012
78.4484
78.5958
78.7433
78.891
79.0388
79.1868
79.335
79.4833
79.6318
79.7804
79.9292
80.0781
80.2272
80.3765
80.5259
80.6755
80.8253
80.9752
81.1253
81.2755
81.4259
81.5764
81.7272
81.878
82.0291
82.1803
82.3316
82.4832
82.6348
82.7867
82.9387
83.0909
83.2432
83.3957
83.5484
83.7012
83.8542
84.0074
84.1607
84.3141
84.4678
84.6216
84.7756
84.9297
85.084
85.2385
85.3931
85.5479
85.7029
85.858
86.0133
86.1687
86.3244
86.4802
86.6361
86.7922
86.9485
87.105
87.2616
87.4184
87.5753
87.7325
87.8897
88.0472
88.2048
88.3626
88.5206
88.6787
88.837
88.9955
89.1541
89.3129
89.4719
89.631
89.7903
89.9498
90.1094
90.2693
90.4292
90.5894
90.7497
90.9102
91.0709
91.2317
91.3927
91.5539
91.7152
91.8768
92.0384
92.2003
92.3623
92.5245
92.6869
92.8494
93.0122
93.1751
93.3381
93.5013
93.6647
93.8283
93.9921
94.156
94.3201
94.4844
94.6488
94.8134
94.9782
95.1432
95.3083
95.4736
95.6391
95.8048
95.9706
96.1366
96.3028
96.4691
96.6357
96.8024
96.9693
97.1363
97.3036
97.471
97.6386
97.8063
97.9743
98.1424
98.3107
98.4791
98.6478
98.8166
98.9856
99.1548
99.3241
99.4937
99.6634
99.8333
100.003
100.174
100.344
100.515
100.685
100.856
101.027
101.199
101.37
101.542
101.714
101.886
102.058
102.23
102.403
102.576
102.749
102.922
103.095
103.269
103.442
103.616
103.79
103.964
104.139
104.313
104.488
104.663
104.838
105.013
105.189
105.364
105.54
105.716
105.892
106.069
106.245
106.422
106.599
106.776
106.954
107.131
107.309
107.487
107.665
107.843
108.021
108.2
108.379
108.558
108.737
108.916
109.096
109.275
109.455
109.635
109.816
109.996
110.177
110.358
110.539
110.72
110.901
111.083
111.265
111.447
111.629
111.811
111.994
112.176
112.359
112.542
112.726
112.909
113.093
113.277
113.461
113.645
113.829
114.014
114.199
114.384
114.569
114.754
114.94
115.126
115.312
115.498
115.684
115.871
116.057
116.244
116.431
116.619
116.806
116.994
117.182
117.37
117.558
117.746
117.935
118.124
118.313
118.502
118.692
118.881
119.071
119.261
119.451
119.642
119.832
120.023
120.214
120.405
120.597
120.788
120.98
121.172
121.364
121.556
121.749
121.942
122.135
122.328
122.521
122.715
122.908
123.102
123.296
123.491
123.685
123.88
124.075
124.27
124.465
124.661
124.857
125.053
125.249
125.445
125.642
125.838
126.035
126.232
126.43
126.627
126.825
127.023
127.221
127.419
127.618
127.817
128.016
128.215
128.414
128.614
128.813
129.013
129.213
129.414
129.614
129.815
130.016
130.217
130.419
130.62
130.822
131.024
131.226
131.429
131.631
131.834
132.037
132.24
132.444
132.647
132.851
133.055
133.26
133.464
133.669
133.874
134.079
134.284
134.489
134.695
134.901
135.107
135.314
135.52
135.727
135.934
136.141
136.348
136.556
136.764
136.972
137.18
137.388
137.597
137.806
138.015
138.224
138.434
138.643
138.853
139.063
139.274
139.484
139.695
139.906
140.117
140.328
140.54
140.751
140.963
141.176
141.388
141.6
141.813
142.026
142.239
142.453
142.666
142.88
143.094
143.308
143.522
143.737
143.951
144.166
144.381
144.596
144.812
145.027
145.243
145.459
145.675
145.891
146.107
146.323
146.54
146.756
146.973
147.19
147.407
147.623
147.841
148.058
148.275
148.492
148.71
148.927
149.144
149.361
149.579
149.796
150.014
150.231
150.448
150.665
150.883
151.1
151.317
151.534
151.75
151.967
152.184
152.4
152.617
152.833
153.049
153.265
153.481
153.697
153.912
154.127
154.343
154.558
154.772
154.987
155.202
155.416
155.63
155.845
156.059
156.273
156.487
156.7
156.914
157.128
157.342
157.555
157.769
157.983
158.197
158.411
158.625
158.839
159.053
159.268
159.483
159.698
159.913
160.129
160.344
160.561
160.778
160.995
161.212
161.43
161.649
161.868
162.087
162.307
162.528
162.749
162.971
163.193
163.416
163.64
163.864
164.089
164.315
164.541
164.768
164.995
165.223
165.452
165.681
165.912
166.142
166.374
166.606
166.838
167.072
167.305
167.54
167.775
168.011
168.247
168.484
168.721
168.959
169.197
169.436
169.676
169.915
170.156
170.397
170.638
170.88
171.122
171.365
171.608
171.852
172.096
172.34
172.585
172.83
173.075
173.321
173.567
173.814
174.061
174.308
174.556
174.803
175.052
175.3
175.549
175.798
176.047
176.297
176.547
176.797
177.047
177.298
177.549
177.8
178.051
178.303
178.555
178.806
179.058
179.311
179.563
179.815
180.068
180.32
180.572
180.825
181.077
181.33
181.582
181.834
182.086
182.337
182.588
182.839
183.09
183.34
183.589
183.838
184.087
184.334
184.581
184.827
185.072
185.317
185.56
185.803
186.044
186.284
186.524
186.762
186.999
187.235
187.47
187.704
187.937
188.17
188.401
188.631
188.861
189.09
189.319
189.547
189.775
190.003
190.23
190.457
190.685
190.913
191.141
191.369
191.598
191.827
192.058
192.289
192.52
192.753
192.987
193.221
193.457
193.693
193.931
194.17
194.409
194.65
194.892
195.135
195.38
195.625
195.871
196.118
196.367
196.616
196.867
197.118
197.37
197.624
197.878
198.133
198.389
198.646
198.904
199.163
199.422
199.683
199.944
200.206
200.469
200.733
200.997
201.262
201.528
201.795
202.062
202.33
202.599
202.869
203.139
203.41
203.682
203.954
204.227
204.5
204.775
205.05
205.325
205.602
205.878
206.156
206.434
206.713
206.992
207.272
207.553
207.834
208.116
208.398
208.681
208.964
209.248
209.533
209.818
210.104
210.39
210.677
210.964
211.252
211.541
211.83
212.119
)
;

boundaryField
{
    sides
    {
        type            calculated;
        value           nonuniform List<scalar> 2(212.409 -15.1368);
    }
    empty
    {
        type            empty;
    }
}


// ************************************************************************* //
