/*--------------------------------*- C++ -*----------------------------------*\
| =========                 |                                                 |
| \\      /  F ield         | OpenFOAM: The Open Source CFD Toolbox           |
|  \\    /   O peration     | Version:  2406                                  |
|   \\  /    A nd           | Website:  www.openfoam.com                      |
|    \\/     M anipulation  |                                                 |
\*---------------------------------------------------------------------------*/
FoamFile
{
    version     2.0;
    format      ascii;
    arch        "LSB;label=32;scalar=64";
    class       volScalarField;
    location    "0.043";
    object      T;
}
// * * * * * * * * * * * * * * * * * * * * * * * * * * * * * * * * * * * * * //

dimensions      [0 0 0 1 0 0 0];

internalField   nonuniform List<scalar> 
1000
(
183.263
183.275
183.293
183.312
183.332
183.352
183.371
183.391
183.411
183.431
183.451
183.47
183.49
183.51
183.531
183.551
183.57
183.59
183.609
183.629
183.649
183.67
183.691
183.711
183.729
183.748
183.766
183.785
183.805
183.826
183.847
183.869
183.889
183.909
183.927
183.944
183.96
183.976
183.992
184.009
184.028
184.048
184.07
184.092
184.115
184.137
184.159
184.179
184.197
184.213
184.226
184.237
184.245
184.25
184.254
184.257
184.259
184.26
184.261
184.261
184.261
184.26
184.257
184.251
184.245
184.24
184.233
184.227
184.221
184.214
184.208
184.202
184.195
184.189
184.183
184.176
184.17
184.164
184.158
184.152
184.146
184.14
184.134
184.128
184.123
184.117
184.111
184.106
184.1
184.094
184.089
184.083
184.078
184.073
184.067
184.062
184.057
184.052
184.046
184.041
184.036
184.031
184.026
184.022
184.017
184.012
184.007
184.003
183.998
183.994
183.989
183.985
183.981
183.976
183.972
183.968
183.964
183.96
183.956
183.952
183.949
183.945
183.941
183.938
183.934
183.931
183.928
183.925
183.921
183.918
183.916
183.913
183.91
183.907
183.905
183.902
183.9
183.898
183.896
183.893
183.891
183.89
183.888
183.886
183.885
183.883
183.882
183.881
183.88
183.879
183.878
183.877
183.877
183.876
183.876
183.876
183.876
183.876
183.876
183.877
183.877
183.878
183.879
183.88
183.882
183.883
183.885
183.887
183.889
183.891
183.893
183.896
183.898
183.901
183.905
183.908
183.911
183.915
183.919
183.923
183.928
183.932
183.937
183.942
183.947
183.953
183.959
183.965
183.971
183.978
183.984
183.991
183.999
184.006
184.014
184.022
184.031
184.039
184.049
184.058
184.067
184.077
184.088
184.098
184.109
184.12
184.132
184.143
184.156
184.168
184.181
184.194
184.208
184.221
184.236
184.25
184.265
184.28
184.296
184.312
184.328
184.345
184.362
184.379
184.397
184.415
184.434
184.453
184.472
184.492
184.512
184.532
184.553
184.574
184.596
184.618
184.64
184.662
184.685
184.709
184.732
184.756
184.78
184.805
184.83
184.855
184.881
184.907
184.933
184.96
184.987
185.014
185.042
185.069
185.097
185.126
185.154
185.183
185.212
185.242
185.271
185.301
185.331
185.361
185.392
185.422
185.453
185.484
185.516
185.547
185.579
185.61
185.642
185.674
185.707
185.739
185.771
185.804
185.837
185.87
185.902
185.936
185.969
186.002
186.035
186.069
186.102
186.136
186.169
186.203
186.237
186.271
186.305
186.339
186.373
186.407
186.441
186.475
186.509
186.544
186.578
186.612
186.647
186.681
186.715
186.75
186.784
186.819
186.853
186.888
186.923
186.957
186.992
187.027
187.061
187.096
187.131
187.166
187.2
187.235
187.27
187.305
187.34
187.374
187.409
187.444
187.479
187.514
187.549
187.584
187.619
187.654
187.689
187.724
187.759
187.794
187.829
187.864
187.899
187.934
187.969
188.005
188.04
188.075
188.11
188.145
188.18
188.216
188.251
188.286
188.321
188.357
188.392
188.427
188.463
188.498
188.533
188.569
188.604
188.639
188.675
188.71
188.746
188.781
188.817
188.852
188.888
188.923
188.959
188.994
189.03
189.065
189.101
189.136
189.172
189.207
189.243
189.279
189.314
189.35
189.386
189.421
189.457
189.493
189.528
189.564
189.6
189.636
189.671
189.707
189.743
189.779
189.815
189.851
189.886
189.922
189.958
189.994
190.03
190.066
190.102
190.138
190.174
190.21
190.246
190.282
190.318
190.354
190.39
190.426
190.462
190.498
190.534
190.57
190.607
190.643
190.679
190.715
190.751
190.787
190.824
190.86
190.896
190.932
190.969
191.005
191.041
191.078
191.114
191.15
191.187
191.223
191.259
191.296
191.332
191.369
191.405
191.441
191.478
191.514
191.551
191.587
191.624
191.66
191.697
191.733
191.77
191.807
191.843
191.88
191.916
191.953
191.99
192.026
192.063
192.1
192.136
192.173
192.21
192.246
192.283
192.32
192.357
192.394
192.43
192.467
192.504
192.541
192.578
192.615
192.651
192.688
192.725
192.762
192.799
192.836
192.873
192.91
192.947
192.984
193.021
193.058
193.095
193.132
193.169
193.206
193.243
193.281
193.318
193.355
193.392
193.429
193.466
193.503
193.541
193.578
193.615
193.652
193.69
193.727
193.764
193.802
193.839
193.876
193.913
193.951
193.988
194.026
194.063
194.1
194.138
194.175
194.213
194.25
194.288
194.325
194.363
194.4
194.438
194.475
194.513
194.55
194.588
194.625
194.663
194.701
194.738
194.776
194.814
194.851
194.889
194.927
194.964
195.002
195.04
195.078
195.115
195.153
195.191
195.229
195.267
195.304
195.342
195.38
195.418
195.456
195.494
195.532
195.57
195.607
195.645
195.683
195.721
195.759
195.797
195.835
195.873
195.911
195.95
195.988
196.026
196.064
196.102
196.14
196.178
196.216
196.254
196.293
196.331
196.369
196.407
196.446
196.484
196.522
196.56
196.599
196.637
196.675
196.714
196.752
196.79
196.829
196.867
196.905
196.944
196.982
197.021
197.059
197.097
197.136
197.174
197.213
197.251
197.29
197.329
197.367
197.406
197.444
197.483
197.521
197.56
197.599
197.637
197.676
197.715
197.753
197.792
197.831
197.869
197.908
197.947
197.986
198.025
198.063
198.102
198.141
198.18
198.219
198.257
198.296
198.335
198.374
198.413
198.452
198.491
198.53
198.569
198.608
198.647
198.686
198.725
198.764
198.803
198.842
198.881
198.92
198.959
198.998
199.037
199.077
199.116
199.155
199.194
199.233
199.272
199.312
199.351
199.39
199.429
199.469
199.508
199.547
199.587
199.626
199.665
199.705
199.744
199.783
199.823
199.862
199.902
199.941
199.98
200.02
200.059
200.099
200.138
200.178
200.217
200.257
200.296
200.336
200.376
200.415
200.455
200.494
200.534
200.574
200.613
200.653
200.693
200.732
200.772
200.812
200.851
200.891
200.931
200.971
201.011
201.05
201.09
201.13
201.17
201.21
201.25
201.29
201.329
201.369
201.409
201.449
201.489
201.529
201.569
201.609
201.649
201.69
201.73
201.77
201.81
201.85
201.89
201.931
201.971
202.012
202.051
202.092
202.132
202.174
202.213
202.255
202.294
202.336
202.375
202.418
202.456
202.5
202.538
202.582
202.62
202.665
202.702
202.748
202.784
202.831
202.867
202.915
202.95
203
203.033
203.085
203.117
203.17
203.202
203.257
203.287
203.343
203.373
203.431
203.46
203.518
203.548
203.607
203.637
203.696
203.726
203.786
203.817
203.877
203.908
203.969
204
204.062
204.094
204.156
204.188
204.251
204.283
204.347
204.379
204.443
204.476
204.541
204.574
204.639
204.672
204.738
204.771
204.838
204.871
204.938
204.971
205.038
205.072
205.139
205.173
205.24
205.274
205.341
205.375
205.443
205.476
205.544
205.577
205.644
205.678
205.745
205.778
205.844
205.878
205.944
205.977
206.042
206.075
206.14
206.173
206.238
206.27
206.334
206.366
206.429
206.461
206.524
206.555
206.618
206.649
206.711
206.742
206.803
206.834
206.895
206.925
206.985
207.015
207.075
207.105
207.164
207.194
207.253
207.282
207.341
207.37
207.428
207.457
207.515
207.544
207.601
207.63
207.687
207.716
207.773
207.801
207.858
207.886
207.943
207.971
208.028
208.056
208.112
208.14
208.197
208.225
208.281
208.309
208.365
208.393
208.449
208.477
208.533
208.561
208.617
208.645
208.701
208.729
208.785
208.813
208.869
208.897
208.953
208.981
209.038
209.066
209.123
209.151
209.208
209.237
209.294
209.323
209.381
209.41
209.468
209.498
209.557
209.587
209.646
209.677
209.738
209.769
209.831
209.863
209.926
209.959
210.024
210.058
210.124
210.159
210.228
210.263
210.334
210.37
210.443
210.481
210.556
210.594
210.672
210.711
210.791
210.831
210.912
210.954
211.037
211.079
211.163
211.206
211.291
211.335
211.421
211.464
211.551
211.594
211.681
211.725
211.811
211.854
211.94
211.983
212.068
212.111
212.195
212.237
212.32
212.362
212.444
212.485
212.566
212.606
212.686
212.726
212.804
212.843
212.921
212.959
213.036
213.073
213.149
213.186
213.261
213.297
213.371
213.407
213.48
213.516
213.587
213.623
213.693
213.728
213.799
213.833
213.902
213.937
214.005
214.039
214.107
214.141
214.208
214.241
214.308
214.341
214.407
214.439
214.504
214.537
214.602
214.634
214.698
214.73
214.793
214.825
214.888
214.919
214.982
215.013
215.075
215.106
215.168
215.198
215.26
215.29
215.351
215.381
215.441
215.471
215.531
215.561
215.621
215.65
215.71
215.738
215.804
215.819
215.911
)
;

boundaryField
{
    sides
    {
        type            zeroGradient;
    }
    empty
    {
        type            empty;
    }
}


// ************************************************************************* //
