/*--------------------------------*- C++ -*----------------------------------*\
| =========                 |                                                 |
| \\      /  F ield         | OpenFOAM: The Open Source CFD Toolbox           |
|  \\    /   O peration     | Version:  2406                                  |
|   \\  /    A nd           | Website:  www.openfoam.com                      |
|    \\/     M anipulation  |                                                 |
\*---------------------------------------------------------------------------*/
FoamFile
{
    version     2.0;
    format      ascii;
    arch        "LSB;label=32;scalar=64";
    class       volVectorField;
    location    "0.043";
    object      U;
}
// * * * * * * * * * * * * * * * * * * * * * * * * * * * * * * * * * * * * * //

dimensions      [0 1 -1 0 0 0 0];

internalField   nonuniform List<vector> 
1000
(
(18.3277 0 0)
(18.6128 0 0)
(18.9721 0 0)
(19.2678 0 0)
(19.5274 0 0)
(19.7851 0 0)
(20.0492 0 0)
(20.3163 0 0)
(20.5832 0 0)
(20.8495 0 0)
(21.1156 0 0)
(21.3817 0 0)
(21.6479 0 0)
(21.9141 0 0)
(22.1803 0 0)
(22.4465 0 0)
(22.7127 0 0)
(22.9788 0 0)
(23.245 0 0)
(23.5111 0 0)
(23.7773 0 0)
(24.0434 0 0)
(24.3096 0 0)
(24.5757 0 0)
(24.8418 0 0)
(25.1079 0 0)
(25.3739 0 0)
(25.64 0 0)
(25.906 0 0)
(26.1721 0 0)
(26.4381 0 0)
(26.7041 0 0)
(26.97 0 0)
(27.236 0 0)
(27.5019 0 0)
(27.7678 0 0)
(28.0337 0 0)
(28.2996 0 0)
(28.5654 0 0)
(28.8311 0 0)
(29.0969 0 0)
(29.3626 0 0)
(29.6283 0 0)
(29.894 0 0)
(30.1596 0 0)
(30.4252 0 0)
(30.6908 0 0)
(30.9563 0 0)
(31.2218 0 0)
(31.4873 0 0)
(31.7527 0 0)
(32.0181 0 0)
(32.2834 0 0)
(32.5487 0 0)
(32.8139 0 0)
(33.0791 0 0)
(33.3442 0 0)
(33.6092 0 0)
(33.8742 0 0)
(34.1392 0 0)
(34.4041 0 0)
(34.6689 0 0)
(34.9337 0 0)
(35.1984 0 0)
(35.4631 0 0)
(35.7276 0 0)
(35.9921 0 0)
(36.2566 0 0)
(36.5209 0 0)
(36.7852 0 0)
(37.0494 0 0)
(37.3136 0 0)
(37.5776 0 0)
(37.8416 0 0)
(38.1055 0 0)
(38.3693 0 0)
(38.633 0 0)
(38.8967 0 0)
(39.1602 0 0)
(39.4236 0 0)
(39.687 0 0)
(39.9503 0 0)
(40.2134 0 0)
(40.4765 0 0)
(40.7394 0 0)
(41.0022 0 0)
(41.265 0 0)
(41.5276 0 0)
(41.7901 0 0)
(42.0525 0 0)
(42.3147 0 0)
(42.5768 0 0)
(42.8389 0 0)
(43.1007 0 0)
(43.3625 0 0)
(43.6241 0 0)
(43.8856 0 0)
(44.1469 0 0)
(44.4081 0 0)
(44.6691 0 0)
(44.93 0 0)
(45.1907 0 0)
(45.4513 0 0)
(45.7117 0 0)
(45.972 0 0)
(46.232 0 0)
(46.4919 0 0)
(46.7517 0 0)
(47.0112 0 0)
(47.2706 0 0)
(47.5298 0 0)
(47.7888 0 0)
(48.0475 0 0)
(48.3061 0 0)
(48.5645 0 0)
(48.8227 0 0)
(49.0807 0 0)
(49.3384 0 0)
(49.5959 0 0)
(49.8532 0 0)
(50.1103 0 0)
(50.3671 0 0)
(50.6237 0 0)
(50.8801 0 0)
(51.1362 0 0)
(51.392 0 0)
(51.6476 0 0)
(51.9029 0 0)
(52.158 0 0)
(52.4127 0 0)
(52.6672 0 0)
(52.9214 0 0)
(53.1753 0 0)
(53.429 0 0)
(53.6823 0 0)
(53.9353 0 0)
(54.188 0 0)
(54.4403 0 0)
(54.6924 0 0)
(54.9441 0 0)
(55.1955 0 0)
(55.4465 0 0)
(55.6971 0 0)
(55.9474 0 0)
(56.1974 0 0)
(56.4469 0 0)
(56.6961 0 0)
(56.9448 0 0)
(57.1932 0 0)
(57.4411 0 0)
(57.6887 0 0)
(57.9358 0 0)
(58.1824 0 0)
(58.4286 0 0)
(58.6743 0 0)
(58.9196 0 0)
(59.1646 0 0)
(59.4093 0 0)
(59.6533 0 0)
(59.8966 0 0)
(60.1392 0 0)
(60.3812 0 0)
(60.6226 0 0)
(60.8635 0 0)
(61.1037 0 0)
(61.3434 0 0)
(61.5826 0 0)
(61.8211 0 0)
(62.059 0 0)
(62.2964 0 0)
(62.5331 0 0)
(62.7692 0 0)
(63.0046 0 0)
(63.2394 0 0)
(63.4734 0 0)
(63.7068 0 0)
(63.9395 0 0)
(64.1715 0 0)
(64.4027 0 0)
(64.6332 0 0)
(64.8629 0 0)
(65.0918 0 0)
(65.32 0 0)
(65.5473 0 0)
(65.7738 0 0)
(65.9995 0 0)
(66.2243 0 0)
(66.4483 0 0)
(66.6714 0 0)
(66.8936 0 0)
(67.1148 0 0)
(67.3352 0 0)
(67.5546 0 0)
(67.7731 0 0)
(67.9906 0 0)
(68.2071 0 0)
(68.4226 0 0)
(68.6371 0 0)
(68.8506 0 0)
(69.063 0 0)
(69.2744 0 0)
(69.4847 0 0)
(69.694 0 0)
(69.9021 0 0)
(70.1091 0 0)
(70.315 0 0)
(70.5198 0 0)
(70.7234 0 0)
(70.9258 0 0)
(71.1271 0 0)
(71.3272 0 0)
(71.5261 0 0)
(71.7238 0 0)
(71.9202 0 0)
(72.1154 0 0)
(72.3094 0 0)
(72.5022 0 0)
(72.6936 0 0)
(72.8839 0 0)
(73.0728 0 0)
(73.2605 0 0)
(73.4468 0 0)
(73.6319 0 0)
(73.8157 0 0)
(73.9983 0 0)
(74.1795 0 0)
(74.3594 0 0)
(74.538 0 0)
(74.7153 0 0)
(74.8913 0 0)
(75.066 0 0)
(75.2395 0 0)
(75.4116 0 0)
(75.5825 0 0)
(75.7521 0 0)
(75.9204 0 0)
(76.0874 0 0)
(76.2532 0 0)
(76.4178 0 0)
(76.5811 0 0)
(76.7433 0 0)
(76.9042 0 0)
(77.0639 0 0)
(77.2225 0 0)
(77.3799 0 0)
(77.5361 0 0)
(77.6913 0 0)
(77.8453 0 0)
(77.9983 0 0)
(78.1502 0 0)
(78.301 0 0)
(78.4509 0 0)
(78.5997 0 0)
(78.7476 0 0)
(78.8945 0 0)
(79.0405 0 0)
(79.1856 0 0)
(79.3298 0 0)
(79.4732 0 0)
(79.6157 0 0)
(79.7575 0 0)
(79.8985 0 0)
(80.0387 0 0)
(80.1783 0 0)
(80.3171 0 0)
(80.4553 0 0)
(80.5928 0 0)
(80.7297 0 0)
(80.866 0 0)
(81.0018 0 0)
(81.137 0 0)
(81.2717 0 0)
(81.4059 0 0)
(81.5396 0 0)
(81.6729 0 0)
(81.8058 0 0)
(81.9383 0 0)
(82.0704 0 0)
(82.2021 0 0)
(82.3335 0 0)
(82.4646 0 0)
(82.5954 0 0)
(82.7259 0 0)
(82.8562 0 0)
(82.9862 0 0)
(83.116 0 0)
(83.2456 0 0)
(83.3749 0 0)
(83.5041 0 0)
(83.6331 0 0)
(83.762 0 0)
(83.8907 0 0)
(84.0193 0 0)
(84.1478 0 0)
(84.2761 0 0)
(84.4044 0 0)
(84.5326 0 0)
(84.6606 0 0)
(84.7887 0 0)
(84.9166 0 0)
(85.0445 0 0)
(85.1724 0 0)
(85.3002 0 0)
(85.4279 0 0)
(85.5557 0 0)
(85.6834 0 0)
(85.8111 0 0)
(85.9387 0 0)
(86.0664 0 0)
(86.194 0 0)
(86.3217 0 0)
(86.4493 0 0)
(86.577 0 0)
(86.7046 0 0)
(86.8323 0 0)
(86.96 0 0)
(87.0877 0 0)
(87.2154 0 0)
(87.3431 0 0)
(87.4708 0 0)
(87.5986 0 0)
(87.7264 0 0)
(87.8542 0 0)
(87.982 0 0)
(88.1099 0 0)
(88.2378 0 0)
(88.3657 0 0)
(88.4936 0 0)
(88.6216 0 0)
(88.7496 0 0)
(88.8776 0 0)
(89.0057 0 0)
(89.1338 0 0)
(89.2619 0 0)
(89.3901 0 0)
(89.5183 0 0)
(89.6465 0 0)
(89.7748 0 0)
(89.9031 0 0)
(90.0314 0 0)
(90.1598 0 0)
(90.2882 0 0)
(90.4166 0 0)
(90.5451 0 0)
(90.6736 0 0)
(90.8022 0 0)
(90.9307 0 0)
(91.0594 0 0)
(91.188 0 0)
(91.3167 0 0)
(91.4454 0 0)
(91.5742 0 0)
(91.703 0 0)
(91.8318 0 0)
(91.9606 0 0)
(92.0895 0 0)
(92.2185 0 0)
(92.3474 0 0)
(92.4764 0 0)
(92.6055 0 0)
(92.7346 0 0)
(92.8637 0 0)
(92.9928 0 0)
(93.122 0 0)
(93.2512 0 0)
(93.3805 0 0)
(93.5098 0 0)
(93.6391 0 0)
(93.7684 0 0)
(93.8978 0 0)
(94.0273 0 0)
(94.1567 0 0)
(94.2862 0 0)
(94.4158 0 0)
(94.5453 0 0)
(94.675 0 0)
(94.8046 0 0)
(94.9343 0 0)
(95.064 0 0)
(95.1937 0 0)
(95.3235 0 0)
(95.4533 0 0)
(95.5832 0 0)
(95.7131 0 0)
(95.843 0 0)
(95.973 0 0)
(96.103 0 0)
(96.233 0 0)
(96.3631 0 0)
(96.4932 0 0)
(96.6233 0 0)
(96.7535 0 0)
(96.8837 0 0)
(97.014 0 0)
(97.1442 0 0)
(97.2746 0 0)
(97.4049 0 0)
(97.5353 0 0)
(97.6657 0 0)
(97.7962 0 0)
(97.9267 0 0)
(98.0572 0 0)
(98.1878 0 0)
(98.3184 0 0)
(98.449 0 0)
(98.5797 0 0)
(98.7104 0 0)
(98.8411 0 0)
(98.9719 0 0)
(99.1027 0 0)
(99.2336 0 0)
(99.3644 0 0)
(99.4954 0 0)
(99.6263 0 0)
(99.7573 0 0)
(99.8883 0 0)
(100.019 0 0)
(100.15 0 0)
(100.282 0 0)
(100.413 0 0)
(100.544 0 0)
(100.675 0 0)
(100.806 0 0)
(100.938 0 0)
(101.069 0 0)
(101.2 0 0)
(101.332 0 0)
(101.463 0 0)
(101.595 0 0)
(101.726 0 0)
(101.858 0 0)
(101.989 0 0)
(102.121 0 0)
(102.253 0 0)
(102.384 0 0)
(102.516 0 0)
(102.648 0 0)
(102.78 0 0)
(102.912 0 0)
(103.043 0 0)
(103.175 0 0)
(103.307 0 0)
(103.439 0 0)
(103.571 0 0)
(103.703 0 0)
(103.835 0 0)
(103.967 0 0)
(104.1 0 0)
(104.232 0 0)
(104.364 0 0)
(104.496 0 0)
(104.628 0 0)
(104.761 0 0)
(104.893 0 0)
(105.025 0 0)
(105.158 0 0)
(105.29 0 0)
(105.423 0 0)
(105.555 0 0)
(105.688 0 0)
(105.821 0 0)
(105.953 0 0)
(106.086 0 0)
(106.218 0 0)
(106.351 0 0)
(106.484 0 0)
(106.617 0 0)
(106.75 0 0)
(106.882 0 0)
(107.015 0 0)
(107.148 0 0)
(107.281 0 0)
(107.414 0 0)
(107.547 0 0)
(107.68 0 0)
(107.813 0 0)
(107.947 0 0)
(108.08 0 0)
(108.213 0 0)
(108.346 0 0)
(108.479 0 0)
(108.613 0 0)
(108.746 0 0)
(108.879 0 0)
(109.013 0 0)
(109.146 0 0)
(109.28 0 0)
(109.413 0 0)
(109.547 0 0)
(109.68 0 0)
(109.814 0 0)
(109.948 0 0)
(110.081 0 0)
(110.215 0 0)
(110.349 0 0)
(110.482 0 0)
(110.616 0 0)
(110.75 0 0)
(110.884 0 0)
(111.018 0 0)
(111.152 0 0)
(111.286 0 0)
(111.42 0 0)
(111.554 0 0)
(111.688 0 0)
(111.822 0 0)
(111.956 0 0)
(112.09 0 0)
(112.225 0 0)
(112.359 0 0)
(112.493 0 0)
(112.627 0 0)
(112.762 0 0)
(112.896 0 0)
(113.03 0 0)
(113.165 0 0)
(113.299 0 0)
(113.434 0 0)
(113.568 0 0)
(113.703 0 0)
(113.838 0 0)
(113.972 0 0)
(114.107 0 0)
(114.242 0 0)
(114.376 0 0)
(114.511 0 0)
(114.646 0 0)
(114.781 0 0)
(114.916 0 0)
(115.051 0 0)
(115.185 0 0)
(115.32 0 0)
(115.455 0 0)
(115.59 0 0)
(115.726 0 0)
(115.861 0 0)
(115.996 0 0)
(116.131 0 0)
(116.266 0 0)
(116.401 0 0)
(116.537 0 0)
(116.672 0 0)
(116.807 0 0)
(116.943 0 0)
(117.078 0 0)
(117.213 0 0)
(117.349 0 0)
(117.484 0 0)
(117.62 0 0)
(117.756 0 0)
(117.891 0 0)
(118.027 0 0)
(118.162 0 0)
(118.298 0 0)
(118.434 0 0)
(118.57 0 0)
(118.705 0 0)
(118.841 0 0)
(118.977 0 0)
(119.113 0 0)
(119.249 0 0)
(119.385 0 0)
(119.521 0 0)
(119.657 0 0)
(119.793 0 0)
(119.929 0 0)
(120.065 0 0)
(120.201 0 0)
(120.337 0 0)
(120.474 0 0)
(120.61 0 0)
(120.746 0 0)
(120.882 0 0)
(121.019 0 0)
(121.155 0 0)
(121.292 0 0)
(121.428 0 0)
(121.564 0 0)
(121.701 0 0)
(121.837 0 0)
(121.974 0 0)
(122.111 0 0)
(122.247 0 0)
(122.384 0 0)
(122.521 0 0)
(122.657 0 0)
(122.794 0 0)
(122.931 0 0)
(123.068 0 0)
(123.205 0 0)
(123.341 0 0)
(123.478 0 0)
(123.615 0 0)
(123.752 0 0)
(123.889 0 0)
(124.026 0 0)
(124.163 0 0)
(124.301 0 0)
(124.438 0 0)
(124.575 0 0)
(124.712 0 0)
(124.849 0 0)
(124.987 0 0)
(125.124 0 0)
(125.261 0 0)
(125.399 0 0)
(125.536 0 0)
(125.673 0 0)
(125.811 0 0)
(125.948 0 0)
(126.086 0 0)
(126.223 0 0)
(126.361 0 0)
(126.499 0 0)
(126.636 0 0)
(126.774 0 0)
(126.912 0 0)
(127.049 0 0)
(127.187 0 0)
(127.325 0 0)
(127.463 0 0)
(127.601 0 0)
(127.739 0 0)
(127.877 0 0)
(128.015 0 0)
(128.153 0 0)
(128.291 0 0)
(128.429 0 0)
(128.567 0 0)
(128.705 0 0)
(128.843 0 0)
(128.981 0 0)
(129.119 0 0)
(129.258 0 0)
(129.396 0 0)
(129.534 0 0)
(129.673 0 0)
(129.811 0 0)
(129.949 0 0)
(130.088 0 0)
(130.226 0 0)
(130.365 0 0)
(130.503 0 0)
(130.642 0 0)
(130.781 0 0)
(130.919 0 0)
(131.058 0 0)
(131.196 0 0)
(131.335 0 0)
(131.474 0 0)
(131.613 0 0)
(131.752 0 0)
(131.89 0 0)
(132.029 0 0)
(132.168 0 0)
(132.307 0 0)
(132.446 0 0)
(132.585 0 0)
(132.724 0 0)
(132.863 0 0)
(133.002 0 0)
(133.141 0 0)
(133.28 0 0)
(133.42 0 0)
(133.559 0 0)
(133.698 0 0)
(133.837 0 0)
(133.977 0 0)
(134.116 0 0)
(134.255 0 0)
(134.395 0 0)
(134.534 0 0)
(134.674 0 0)
(134.813 0 0)
(134.953 0 0)
(135.092 0 0)
(135.232 0 0)
(135.371 0 0)
(135.511 0 0)
(135.651 0 0)
(135.79 0 0)
(135.93 0 0)
(136.07 0 0)
(136.21 0 0)
(136.349 0 0)
(136.489 0 0)
(136.629 0 0)
(136.769 0 0)
(136.909 0 0)
(137.049 0 0)
(137.189 0 0)
(137.329 0 0)
(137.469 0 0)
(137.609 0 0)
(137.749 0 0)
(137.889 0 0)
(138.029 0 0)
(138.169 0 0)
(138.309 0 0)
(138.449 0 0)
(138.59 0 0)
(138.73 0 0)
(138.87 0 0)
(139.01 0 0)
(139.15 0 0)
(139.29 0 0)
(139.431 0 0)
(139.571 0 0)
(139.711 0 0)
(139.851 0 0)
(139.991 0 0)
(140.131 0 0)
(140.271 0 0)
(140.411 0 0)
(140.551 0 0)
(140.691 0 0)
(140.831 0 0)
(140.971 0 0)
(141.111 0 0)
(141.25 0 0)
(141.39 0 0)
(141.529 0 0)
(141.669 0 0)
(141.808 0 0)
(141.947 0 0)
(142.086 0 0)
(142.225 0 0)
(142.363 0 0)
(142.502 0 0)
(142.64 0 0)
(142.778 0 0)
(142.916 0 0)
(143.053 0 0)
(143.19 0 0)
(143.327 0 0)
(143.464 0 0)
(143.6 0 0)
(143.736 0 0)
(143.872 0 0)
(144.007 0 0)
(144.142 0 0)
(144.276 0 0)
(144.41 0 0)
(144.544 0 0)
(144.677 0 0)
(144.809 0 0)
(144.941 0 0)
(145.073 0 0)
(145.204 0 0)
(145.334 0 0)
(145.464 0 0)
(145.593 0 0)
(145.721 0 0)
(145.849 0 0)
(145.976 0 0)
(146.102 0 0)
(146.228 0 0)
(146.353 0 0)
(146.477 0 0)
(146.601 0 0)
(146.723 0 0)
(146.846 0 0)
(146.967 0 0)
(147.087 0 0)
(147.207 0 0)
(147.326 0 0)
(147.445 0 0)
(147.563 0 0)
(147.68 0 0)
(147.796 0 0)
(147.912 0 0)
(148.027 0 0)
(148.141 0 0)
(148.255 0 0)
(148.369 0 0)
(148.481 0 0)
(148.594 0 0)
(148.706 0 0)
(148.817 0 0)
(148.929 0 0)
(149.04 0 0)
(149.15 0 0)
(149.261 0 0)
(149.371 0 0)
(149.482 0 0)
(149.592 0 0)
(149.702 0 0)
(149.812 0 0)
(149.923 0 0)
(150.034 0 0)
(150.144 0 0)
(150.255 0 0)
(150.367 0 0)
(150.479 0 0)
(150.591 0 0)
(150.703 0 0)
(150.817 0 0)
(150.93 0 0)
(151.044 0 0)
(151.159 0 0)
(151.275 0 0)
(151.391 0 0)
(151.508 0 0)
(151.626 0 0)
(151.744 0 0)
(151.863 0 0)
(151.983 0 0)
(152.104 0 0)
(152.225 0 0)
(152.348 0 0)
(152.471 0 0)
(152.595 0 0)
(152.72 0 0)
(152.845 0 0)
(152.972 0 0)
(153.099 0 0)
(153.227 0 0)
(153.356 0 0)
(153.486 0 0)
(153.617 0 0)
(153.748 0 0)
(153.88 0 0)
(154.012 0 0)
(154.146 0 0)
(154.28 0 0)
(154.415 0 0)
(154.55 0 0)
(154.686 0 0)
(154.823 0 0)
(154.96 0 0)
(155.098 0 0)
(155.236 0 0)
(155.375 0 0)
(155.514 0 0)
(155.654 0 0)
(155.794 0 0)
(155.935 0 0)
(156.076 0 0)
(156.218 0 0)
(156.36 0 0)
(156.502 0 0)
(156.645 0 0)
(156.788 0 0)
(156.931 0 0)
(157.075 0 0)
(157.219 0 0)
(157.363 0 0)
(157.507 0 0)
(157.652 0 0)
(157.797 0 0)
(157.942 0 0)
(158.087 0 0)
(158.233 0 0)
(158.378 0 0)
(158.524 0 0)
(158.67 0 0)
(158.816 0 0)
(158.962 0 0)
(159.108 0 0)
(159.254 0 0)
(159.401 0 0)
(159.547 0 0)
(159.693 0 0)
(159.839 0 0)
(159.986 0 0)
(160.132 0 0)
(160.278 0 0)
(160.424 0 0)
(160.57 0 0)
(160.716 0 0)
(160.861 0 0)
(161.007 0 0)
(161.152 0 0)
(161.296 0 0)
(161.44 0 0)
(161.584 0 0)
(161.727 0 0)
(161.87 0 0)
(162.012 0 0)
(162.153 0 0)
(162.293 0 0)
(162.433 0 0)
(162.571 0 0)
(162.709 0 0)
(162.845 0 0)
(162.979 0 0)
(163.112 0 0)
(163.244 0 0)
(163.374 0 0)
(163.502 0 0)
(163.628 0 0)
(163.752 0 0)
(163.874 0 0)
(163.994 0 0)
(164.112 0 0)
(164.226 0 0)
(164.339 0 0)
(164.449 0 0)
(164.556 0 0)
(164.66 0 0)
(164.762 0 0)
(164.861 0 0)
(164.958 0 0)
(165.051 0 0)
(165.142 0 0)
(165.231 0 0)
(165.317 0 0)
(165.402 0 0)
(165.483 0 0)
(165.563 0 0)
(165.642 0 0)
(165.718 0 0)
(165.793 0 0)
(165.867 0 0)
(165.94 0 0)
(166.013 0 0)
(166.084 0 0)
(166.156 0 0)
(166.227 0 0)
(166.299 0 0)
(166.37 0 0)
(166.443 0 0)
(166.516 0 0)
(166.59 0 0)
(166.664 0 0)
(166.74 0 0)
(166.818 0 0)
(166.896 0 0)
(166.976 0 0)
(167.058 0 0)
(167.141 0 0)
(167.225 0 0)
(167.311 0 0)
(167.399 0 0)
(167.489 0 0)
(167.58 0 0)
(167.672 0 0)
(167.767 0 0)
(167.863 0 0)
(167.96 0 0)
(168.059 0 0)
(168.16 0 0)
(168.262 0 0)
(168.365 0 0)
(168.47 0 0)
(168.576 0 0)
(168.684 0 0)
(168.793 0 0)
(168.903 0 0)
(169.014 0 0)
(169.127 0 0)
(169.241 0 0)
(169.356 0 0)
(169.472 0 0)
(169.59 0 0)
(169.708 0 0)
(169.827 0 0)
(169.948 0 0)
(170.069 0 0)
(170.192 0 0)
(170.315 0 0)
(170.44 0 0)
(170.565 0 0)
(170.691 0 0)
(170.819 0 0)
(170.947 0 0)
(171.076 0 0)
(171.205 0 0)
(171.336 0 0)
(171.467 0 0)
(171.6 0 0)
(171.733 0 0)
(171.867 0 0)
(172.001 0 0)
(172.137 0 0)
(172.273 0 0)
(172.41 0 0)
(172.547 0 0)
(172.686 0 0)
(172.825 0 0)
(172.965 0 0)
(173.105 0 0)
(173.246 0 0)
(173.388 0 0)
(173.53 0 0)
(173.673 0 0)
(173.817 0 0)
(173.961 0 0)
(174.106 0 0)
(174.252 0 0)
(174.398 0 0)
(174.545 0 0)
(174.692 0 0)
(174.84 0 0)
(174.989 0 0)
(175.138 0 0)
(175.289 0 0)
(175.44 0 0)
(175.593 0 0)
(175.873 0 0)
)
;

boundaryField
{
    sides
    {
        type            zeroGradient;
    }
    empty
    {
        type            empty;
    }
}


// ************************************************************************* //
