/*--------------------------------*- C++ -*----------------------------------*\
| =========                 |                                                 |
| \\      /  F ield         | OpenFOAM: The Open Source CFD Toolbox           |
|  \\    /   O peration     | Version:  2406                                  |
|   \\  /    A nd           | Website:  www.openfoam.com                      |
|    \\/     M anipulation  |                                                 |
\*---------------------------------------------------------------------------*/
FoamFile
{
    version     2.0;
    format      ascii;
    arch        "LSB;label=32;scalar=64";
    class       volScalarField;
    location    "0.011";
    object      mag(U);
}
// * * * * * * * * * * * * * * * * * * * * * * * * * * * * * * * * * * * * * //

dimensions      [0 1 -1 0 0 0 0];

internalField   nonuniform List<scalar> 
1000
(
6.34432e-09
1.69733e-08
2.73433e-08
4.19902e-08
6.28282e-08
9.28089e-08
1.36063e-07
1.98437e-07
2.88189e-07
4.16959e-07
6.0111e-07
8.63551e-07
1.23625e-06
1.76362e-06
2.50715e-06
3.5516e-06
5.01332e-06
7.0514e-06
9.88244e-06
1.38001e-05
1.92007e-05
2.66171e-05
3.67622e-05
5.05857e-05
6.93472e-05
9.47097e-05
0.000128858
0.000174651
0.000235809
0.000317153
0.000424895
0.000567008
0.000753665
0.000997786
0.00131569
0.00172788
0.00225999
0.00294387
0.00381888
0.0049334
0.00634655
0.00813011
0.0103707
0.0131724
0.0166589
0.0209771
0.0262995
0.0328279
0.0407961
0.0504734
0.062168
0.0762292
0.0930502
0.11307
0.136775
0.164698
0.19742
0.235568
0.279808
0.330848
0.389428
0.456313
0.532289
0.618149
0.714688
0.822691
0.942921
1.07611
1.22295
1.38409
1.5601
1.7515
1.95873
2.18215
2.42205
2.67863
2.95201
3.24223
3.54925
3.87296
4.21318
4.56967
4.94213
5.33023
5.73356
6.1517
6.58421
7.0306
7.49038
7.96306
8.44812
8.94505
9.45335
9.97252
10.5021
11.0415
11.5903
12.1482
12.7145
13.289
13.8712
14.4607
15.0572
15.6603
16.2697
16.885
17.506
18.1324
18.7638
19.4002
20.0411
20.6865
21.336
21.9895
22.6468
23.3077
23.972
24.6397
25.3105
25.9843
26.6609
27.3403
28.0223
28.7069
29.3938
30.083
30.7745
31.4681
32.1637
32.8612
33.5607
34.2619
34.9649
35.6695
36.3758
37.0836
37.7928
38.5035
39.2156
39.929
40.6437
41.3596
42.0767
42.795
43.5143
44.2347
44.9562
45.6786
46.402
47.1263
47.8515
48.5776
49.3045
50.0322
50.7607
51.4899
52.2198
52.9505
53.6818
54.4138
55.1464
55.8796
56.6134
57.3478
58.0827
58.8182
59.5542
60.2907
61.0277
61.7652
62.5031
63.2415
63.9803
64.7195
65.4591
66.1991
66.9395
67.6803
68.4215
69.1629
69.9048
70.6469
71.3894
72.1322
72.8753
73.6186
74.3623
75.1062
75.8505
76.5949
77.3397
78.0846
78.8299
79.5753
80.321
81.0669
81.813
82.5594
83.3059
84.0526
84.7996
85.5467
86.294
87.0415
87.7892
88.537
89.285
90.0332
90.7815
91.53
92.2786
93.0273
93.7763
94.5253
95.2745
96.0238
96.7732
97.5228
98.2725
99.0223
99.7722
100.522
101.272
102.023
102.773
103.523
104.274
105.025
105.775
106.526
107.277
108.028
108.779
109.53
110.281
111.033
111.784
112.536
113.287
114.039
114.79
115.542
116.294
117.046
117.798
118.549
119.301
120.053
120.806
121.558
122.31
123.062
123.814
124.567
125.319
126.072
126.824
127.576
128.329
129.081
129.834
130.587
131.339
132.092
132.845
133.597
134.35
135.103
135.855
136.608
137.361
138.114
138.867
139.62
140.372
141.125
141.878
142.631
143.384
144.137
144.89
145.642
146.395
147.148
147.901
148.654
149.407
150.16
150.913
151.665
152.418
153.171
153.924
154.677
155.43
156.182
156.935
157.688
158.441
159.193
159.946
160.699
161.451
162.204
162.957
163.709
164.462
165.214
165.967
166.719
167.471
168.224
168.976
169.728
170.481
171.233
171.985
172.737
173.489
174.241
174.993
175.745
176.497
177.249
178.001
178.752
179.504
180.255
181.007
181.758
182.51
183.261
184.012
184.764
185.515
186.266
187.017
187.767
188.518
189.269
190.02
190.77
191.521
192.271
193.021
193.771
194.521
195.271
196.021
196.771
197.52
198.27
199.019
199.768
200.518
201.267
202.015
202.764
203.513
204.261
205.009
205.758
206.506
207.253
208.001
208.749
209.496
210.243
210.99
211.737
212.483
213.23
213.976
214.722
215.468
216.213
216.959
217.704
218.448
219.193
219.937
220.681
221.425
222.169
222.912
223.655
224.398
225.14
225.882
226.624
227.365
228.106
228.846
229.587
230.327
231.066
231.805
232.544
233.282
234.019
234.757
235.493
236.229
236.965
237.7
238.435
239.169
239.902
240.635
241.367
242.098
242.829
243.559
244.288
245.017
245.744
246.471
247.197
247.922
248.646
249.369
250.091
250.812
251.532
252.25
252.968
253.684
254.399
255.112
255.824
256.535
257.244
257.951
258.657
259.361
260.063
260.763
261.461
262.157
262.85
263.542
264.23
264.917
265.6
266.281
266.959
267.634
268.306
268.974
269.638
270.299
270.956
271.609
272.258
272.902
273.541
274.175
274.804
275.428
276.046
276.657
277.263
277.861
278.453
279.038
279.615
280.184
280.744
281.296
281.839
282.372
282.895
283.408
283.91
284.401
284.88
285.348
285.803
286.245
286.674
287.089
287.491
287.878
288.251
288.609
288.951
289.279
289.591
289.887
290.168
290.433
290.683
290.918
291.137
291.342
291.531
291.707
291.869
292.017
292.153
292.277
292.389
292.49
292.581
292.662
292.734
292.798
292.855
292.904
292.948
292.985
293.018
293.046
293.07
293.091
293.109
293.124
293.136
293.147
293.156
293.163
293.169
293.174
293.179
293.182
293.185
293.187
293.189
293.191
293.192
293.194
293.194
293.195
293.196
293.196
293.197
293.197
293.197
293.198
293.198
293.198
293.198
293.198
293.198
293.199
293.199
293.199
293.199
293.199
293.199
293.199
293.199
293.199
293.199
293.199
293.199
293.199
293.199
293.2
293.2
293.2
293.2
293.2
293.2
293.2
293.2
293.2
293.2
293.2
293.2
293.2
293.2
293.2
293.2
293.2
293.2
293.2
293.2
293.2
293.2
293.2
293.201
293.201
293.201
293.201
293.201
293.201
293.201
293.201
293.201
293.201
293.201
293.201
293.201
293.201
293.201
293.201
293.201
293.201
293.202
293.202
293.202
293.202
293.202
293.202
293.202
293.202
293.202
293.202
293.202
293.202
293.202
293.202
293.202
293.202
293.202
293.202
293.202
293.202
293.202
293.202
293.202
293.202
293.202
293.202
293.202
293.202
293.202
293.202
293.202
293.202
293.202
293.202
293.202
293.202
293.202
293.202
293.202
293.202
293.202
293.202
293.202
293.202
293.202
293.202
293.202
293.202
293.202
293.202
293.202
293.202
293.202
293.202
293.202
293.202
293.202
293.202
293.202
293.202
293.202
293.202
293.202
293.202
293.202
293.202
293.202
293.202
293.202
293.202
293.202
293.202
293.202
293.202
293.202
293.202
293.202
293.202
293.202
293.202
293.202
293.202
293.202
293.202
293.202
293.202
293.202
293.202
293.203
293.203
293.203
293.203
293.203
293.203
293.203
293.203
293.203
293.203
293.203
293.203
293.203
293.203
293.203
293.203
293.203
293.203
293.203
293.203
293.203
293.203
293.203
293.203
293.203
293.203
293.203
293.203
293.203
293.203
293.203
293.203
293.203
293.203
293.203
293.203
293.203
293.203
293.203
293.203
293.203
293.203
293.203
293.203
293.203
293.203
293.203
293.203
293.203
293.203
293.203
293.203
293.203
293.203
293.203
293.203
293.203
293.203
293.203
293.203
293.203
293.203
293.203
293.203
293.203
293.203
293.203
293.203
293.203
293.203
293.203
293.203
293.203
293.203
293.203
293.203
293.203
293.203
293.203
293.203
293.203
293.203
293.203
293.203
293.203
293.203
293.203
293.203
293.203
293.203
293.203
293.203
293.203
293.203
293.203
293.203
293.203
293.203
293.203
293.203
293.203
293.203
293.203
293.202
293.202
293.202
293.202
293.202
293.202
293.202
293.202
293.202
293.202
293.202
293.202
293.202
293.202
293.202
293.201
293.201
293.2
293.199
293.198
293.197
293.196
293.194
293.193
293.191
293.189
293.188
293.187
293.185
293.184
293.184
293.184
293.184
293.185
293.185
293.187
293.188
293.189
293.191
293.192
293.194
293.195
293.196
293.197
293.198
293.199
293.2
293.2
293.201
293.201
293.201
293.201
293.202
293.202
293.202
293.202
293.202
293.202
293.202
293.202
293.202
293.202
293.202
293.202
293.202
293.202
293.202
293.202
293.202
293.202
293.201
293.201
293.202
293.202
293.202
293.202
293.202
293.201
293.201
293.201
293.201
293.201
293.201
293.201
293.201
293.201
293.201
293.201
293.201
293.201
293.201
293.201
293.201
293.201
293.201
293.201
293.201
293.201
293.201
293.201
293.201
293.201
293.201
293.201
293.201
293.201
293.201
293.201
293.201
293.201
293.201
293.201
293.201
293.201
293.2
293.2
293.2
293.2
293.2
293.2
293.2
293.2
293.2
293.2
293.2
293.2
293.2
293.2
293.2
293.2
293.2
293.2
293.2
293.2
293.2
293.2
293.2
293.2
293.2
293.2
293.2
293.2
293.2
293.2
293.2
293.2
293.2
293.2
293.2
293.2
293.2
293.2
293.199
293.199
293.199
293.199
293.199
293.199
293.199
293.199
293.199
293.199
293.199
293.199
293.199
293.2
293.2
293.2
293.2
293.2
293.2
293.2
293.199
293.197
293.193
293.186
293.175
293.158
293.134
293.099
293.053
292.992
292.916
292.822
292.711
292.583
292.439
292.284
292.12
291.953
291.787
291.627
291.478
291.343
291.224
291.124
291.042
290.977
290.928
290.892
290.866
290.849
290.839
290.833
290.829
290.828
290.827
290.827
290.826
290.826
)
;

boundaryField
{
    sides
    {
        type            calculated;
        value           nonuniform List<scalar> 2(290.826 6.34432e-09);
    }
    empty
    {
        type            empty;
    }
}


// ************************************************************************* //
