/*--------------------------------*- C++ -*----------------------------------*\
| =========                 |                                                 |
| \\      /  F ield         | OpenFOAM: The Open Source CFD Toolbox           |
|  \\    /   O peration     | Version:  2406                                  |
|   \\  /    A nd           | Website:  www.openfoam.com                      |
|    \\/     M anipulation  |                                                 |
\*---------------------------------------------------------------------------*/
FoamFile
{
    version     2.0;
    format      ascii;
    arch        "LSB;label=32;scalar=64";
    class       volScalarField;
    location    "0.022";
    object      mag(U);
}
// * * * * * * * * * * * * * * * * * * * * * * * * * * * * * * * * * * * * * //

dimensions      [0 1 -1 0 0 0 0];

internalField   nonuniform List<scalar> 
1000
(
8.18261
9.04645
9.76712
10.3767
10.9816
11.6053
12.2352
12.8631
13.4891
14.115
14.7412
15.3676
15.994
16.6204
17.2469
17.8735
18.5003
19.1271
19.754
20.3809
21.008
21.6352
22.2624
22.8898
23.5172
24.1448
24.7724
25.4001
26.0279
26.6558
27.2837
27.9118
28.54
29.1682
29.7965
30.425
31.0535
31.6821
32.3108
32.9395
33.5684
34.1973
34.8264
35.4555
36.0847
36.714
37.3434
37.9729
38.6024
39.2321
39.8618
40.4916
41.1215
41.7515
42.3815
43.0117
43.6419
44.2722
44.9026
45.5331
46.1637
46.7944
47.4251
48.0559
48.6868
49.3178
49.9488
50.58
51.2112
51.8425
52.4739
53.1054
53.7369
54.3685
55.0003
55.632
56.2639
56.8958
57.5279
58.16
58.7921
59.4244
60.0567
60.6892
61.3216
61.9542
62.5869
63.2196
63.8524
64.4853
65.1182
65.7513
66.3844
67.0175
67.6508
68.2841
68.9176
69.551
70.1846
70.8182
71.4519
72.0857
72.7195
73.3534
73.9874
74.6214
75.2556
75.8897
76.524
77.1583
77.7926
78.4271
79.0616
79.6961
80.3308
80.9655
81.6002
82.2351
82.87
83.505
84.14
84.7752
85.4104
86.0456
86.681
87.3164
87.9519
88.5875
89.2231
89.8588
90.4945
91.1303
91.7662
92.4022
93.0382
93.6742
94.3104
94.9465
95.5828
96.2191
96.8554
97.4919
98.1283
98.7649
99.4015
100.038
100.675
101.312
101.948
102.585
103.222
103.859
104.496
105.133
105.771
106.408
107.045
107.682
108.32
108.957
109.595
110.232
110.87
111.508
112.145
112.783
113.421
114.059
114.697
115.335
115.973
116.611
117.249
117.887
118.525
119.163
119.802
120.44
121.078
121.717
122.355
122.994
123.632
124.271
124.909
125.548
126.187
126.826
127.464
128.103
128.742
129.381
130.02
130.659
131.298
131.937
132.576
133.215
133.854
134.494
135.133
135.772
136.411
137.051
137.69
138.329
138.969
139.608
140.248
140.887
141.527
142.166
142.806
143.445
144.085
144.725
145.364
146.004
146.644
147.283
147.923
148.563
149.203
149.843
150.482
151.122
151.762
152.402
153.042
153.681
154.321
154.961
155.601
156.241
156.881
157.521
158.161
158.801
159.44
160.08
160.72
161.36
162
162.64
163.28
163.92
164.559
165.199
165.839
166.479
167.119
167.758
168.398
169.038
169.678
170.317
170.957
171.597
172.236
172.876
173.515
174.155
174.794
175.434
176.073
176.713
177.352
177.991
178.631
179.27
179.909
180.548
181.187
181.826
182.465
183.104
183.743
184.381
185.02
185.659
186.297
186.936
187.574
188.212
188.851
189.489
190.127
190.765
191.403
192.04
192.678
193.316
193.953
194.59
195.228
195.865
196.502
197.139
197.775
198.412
199.049
199.685
200.321
200.957
201.593
202.229
202.865
203.5
204.135
204.77
205.405
206.04
206.675
207.309
207.943
208.577
209.211
209.845
210.478
211.111
211.744
212.377
213.009
213.642
214.274
214.905
215.537
216.168
216.799
217.429
218.06
218.69
219.319
219.949
220.578
221.207
221.835
222.463
223.091
223.718
224.345
224.972
225.598
226.223
226.849
227.474
228.098
228.722
229.345
229.969
230.591
231.213
231.835
232.456
233.076
233.696
234.315
234.934
235.552
236.169
236.786
237.402
238.018
238.632
239.246
239.859
240.472
241.084
241.695
242.305
242.914
243.522
244.129
244.736
245.341
245.946
246.549
247.152
247.753
248.354
248.953
249.551
250.147
250.743
251.337
251.93
252.521
253.112
253.7
254.287
254.873
255.457
256.04
256.62
257.2
257.777
258.352
258.926
259.498
260.067
260.635
261.2
261.764
262.325
262.884
263.44
263.994
264.545
265.094
265.641
266.184
266.725
267.262
267.797
268.329
268.858
269.383
269.905
270.424
270.939
271.45
271.958
272.462
272.962
273.458
273.95
274.437
274.921
275.4
275.874
276.344
276.809
277.269
277.724
278.174
278.618
279.058
279.492
279.92
280.342
280.759
281.17
281.574
281.973
282.365
282.751
283.13
283.502
283.868
284.227
284.579
284.923
285.261
285.591
285.914
286.23
286.537
286.838
287.13
287.415
287.692
287.961
288.223
288.476
288.721
288.959
289.188
289.41
289.623
289.829
290.027
290.217
290.399
290.573
290.74
290.9
291.052
291.197
291.334
291.465
291.589
291.706
291.817
291.921
292.019
292.112
292.198
292.279
292.355
292.426
292.492
292.553
292.61
292.663
292.711
292.756
292.798
292.836
292.871
292.903
292.932
292.958
292.983
293.005
293.025
293.043
293.06
293.075
293.088
293.1
293.111
293.121
293.13
293.138
293.145
293.151
293.157
293.162
293.166
293.17
293.174
293.177
293.18
293.182
293.184
293.186
293.188
293.19
293.191
293.192
293.193
293.194
293.195
293.196
293.196
293.197
293.197
293.198
293.198
293.199
293.199
293.199
293.2
293.2
293.2
293.2
293.2
293.201
293.201
293.201
293.201
293.201
293.201
293.201
293.202
293.202
293.202
293.202
293.202
293.202
293.202
293.202
293.202
293.202
293.202
293.202
293.202
293.202
293.202
293.203
293.203
293.203
293.203
293.203
293.203
293.203
293.203
293.203
293.203
293.203
293.203
293.203
293.203
293.203
293.203
293.203
293.203
293.203
293.203
293.203
293.203
293.203
293.203
293.203
293.203
293.203
293.203
293.203
293.203
293.203
293.203
293.203
293.203
293.203
293.203
293.203
293.203
293.203
293.203
293.203
293.203
293.203
293.203
293.203
293.204
293.204
293.204
293.204
293.204
293.204
293.204
293.204
293.204
293.204
293.204
293.204
293.204
293.204
293.204
293.204
293.204
293.204
293.204
293.204
293.204
293.204
293.204
293.204
293.204
293.204
293.204
293.204
293.204
293.204
293.204
293.204
293.204
293.204
293.204
293.204
293.204
293.204
293.204
293.204
293.204
293.204
293.204
293.204
293.204
293.204
293.204
293.204
293.204
293.204
293.204
293.204
293.204
293.204
293.205
293.205
293.205
293.205
293.205
293.205
293.205
293.205
293.205
293.205
293.205
293.205
293.205
293.205
293.205
293.205
293.205
293.205
293.205
293.205
293.205
293.205
293.205
293.205
293.205
293.205
293.205
293.205
293.205
293.205
293.205
293.205
293.205
293.205
293.205
293.205
293.205
293.205
293.205
293.205
293.205
293.205
293.205
293.205
293.205
293.205
293.205
293.205
293.205
293.205
293.205
293.205
293.205
293.205
293.205
293.205
293.205
293.205
293.205
293.205
293.205
293.205
293.205
293.205
293.205
293.205
293.205
293.205
293.205
293.205
293.205
293.205
293.205
293.205
293.205
293.205
293.205
293.205
293.205
293.205
293.205
293.205
293.205
293.205
293.205
293.205
293.205
293.205
293.205
293.205
293.205
293.205
293.205
293.205
293.205
293.205
293.205
293.205
293.205
293.205
293.205
293.206
293.206
293.206
293.206
293.206
293.206
293.206
293.206
293.206
293.206
293.206
293.206
293.206
293.206
293.206
293.206
293.206
293.206
293.206
293.206
293.206
293.206
293.206
293.206
293.206
293.206
293.206
293.206
293.206
293.206
293.206
293.206
293.206
293.206
293.206
293.206
293.206
293.206
293.206
293.206
293.206
293.206
293.206
293.206
293.206
293.206
293.206
293.206
293.206
293.206
293.206
293.206
293.206
293.206
293.206
293.206
293.206
293.206
293.206
293.206
293.206
293.206
293.206
293.206
293.206
293.206
293.206
293.206
293.206
293.206
293.206
293.206
293.206
293.206
293.206
293.206
293.206
293.206
293.206
293.206
293.206
293.206
293.206
293.206
293.206
293.206
293.206
293.206
293.206
293.206
293.206
293.206
293.206
293.206
293.206
293.206
293.206
293.206
293.205
293.205
293.205
293.205
293.205
293.205
293.205
293.204
293.204
293.203
293.202
293.201
293.2
293.199
293.198
293.196
293.193
293.191
293.188
293.184
293.18
293.175
293.169
293.163
293.155
293.146
293.136
293.125
293.112
293.097
293.081
293.063
293.043
293.02
292.996
292.969
292.939
292.907
292.873
292.836
292.796
292.754
292.709
292.662
292.612
292.561
292.507
292.452
292.395
292.337
292.277
292.218
292.157
292.097
292.037
291.977
291.918
291.861
291.805
291.75
291.698
291.647
291.599
291.553
291.51
291.47
291.432
291.397
291.364
291.335
291.307
291.282
291.26
291.24
291.222
291.205
291.191
291.179
291.167
291.158
291.149
291.142
291.136
291.13
291.126
291.122
291.118
291.115
291.112
291.11
291.108
291.106
291.105
291.103
291.102
291.101
291.1
291.099
291.099
291.098
291.098
291.098
291.098
291.098
291.099
291.1
291.102
291.104
291.106
291.109
291.113
291.117
291.122
291.126
291.132
291.137
291.143
291.149
291.154
291.16
291.165
291.171
291.175
291.18
291.184
291.187
291.19
291.192
291.194
291.196
291.197
291.197
291.198
)
;

boundaryField
{
    sides
    {
        type            calculated;
        value           nonuniform List<scalar> 2(291.198 8.18261);
    }
    empty
    {
        type            empty;
    }
}


// ************************************************************************* //
