/*--------------------------------*- C++ -*----------------------------------*\
| =========                 |                                                 |
| \\      /  F ield         | OpenFOAM: The Open Source CFD Toolbox           |
|  \\    /   O peration     | Version:  2406                                  |
|   \\  /    A nd           | Website:  www.openfoam.com                      |
|    \\/     M anipulation  |                                                 |
\*---------------------------------------------------------------------------*/
FoamFile
{
    version     2.0;
    format      ascii;
    arch        "LSB;label=32;scalar=64";
    class       volScalarField;
    location    "0.048";
    object      mag(U);
}
// * * * * * * * * * * * * * * * * * * * * * * * * * * * * * * * * * * * * * //

dimensions      [0 1 -1 0 0 0 0];

internalField   nonuniform List<scalar> 
1000
(
19.7714
19.996
20.2897
20.5322
20.7427
20.9505
21.1635
21.3792
21.5947
21.8097
22.0243
22.2389
22.4534
22.6678
22.8821
23.0963
23.3103
23.5243
23.7381
23.9517
24.1652
24.3786
24.5918
24.8048
25.0177
25.2304
25.443
25.6553
25.8675
26.0795
26.2912
26.5028
26.7141
26.9252
27.1361
27.3468
27.5572
27.7673
27.9772
28.1869
28.3962
28.6053
28.814
29.0225
29.2307
29.4386
29.6461
29.8533
30.0602
30.2667
30.4729
30.6787
30.8841
31.0891
31.2937
31.4979
31.7018
31.9052
32.1081
32.3107
32.5128
32.7145
32.916
33.1168
33.3171
33.5168
33.7159
33.9146
34.1128
34.3104
34.5076
34.7042
34.9002
35.0957
35.2906
35.4849
35.6786
35.8717
36.0641
36.256
36.4471
36.6377
36.8275
37.0167
37.2051
37.3929
37.5799
37.7662
37.9518
38.1366
38.3206
38.5039
38.6863
38.868
39.0489
39.2289
39.4081
39.5864
39.7639
39.9405
40.1162
40.291
40.465
40.638
40.8101
40.9813
41.1515
41.3207
41.4891
41.6564
41.8228
41.9881
42.1525
42.3159
42.4783
42.6396
42.8
42.9593
43.1176
43.2749
43.4311
43.5863
43.7404
43.8935
44.0456
44.1966
44.3466
44.4955
44.6434
44.7903
44.9361
45.0809
45.2247
45.3674
45.5092
45.6499
45.7897
45.9284
46.0662
46.203
46.3388
46.4737
46.6077
46.7407
46.8729
47.0041
47.1345
47.264
47.3926
47.5205
47.6475
47.7737
47.8991
48.0238
48.1478
48.271
48.3935
48.5154
48.6365
48.7571
48.877
48.9963
49.1151
49.2332
49.3509
49.468
49.5846
49.7008
49.8164
49.9317
50.0465
50.1609
50.2749
50.3886
50.5019
50.6149
50.7276
50.8399
50.952
51.0639
51.1754
51.2868
51.3979
51.5088
51.6196
51.7301
51.8405
51.9507
52.0608
52.1707
52.2806
52.3903
52.4999
52.6094
52.7188
52.8282
52.9375
53.0467
53.1559
53.265
53.3741
53.4831
53.5921
53.7011
53.8101
53.9191
54.028
54.1369
54.2459
54.3548
54.4637
54.5727
54.6816
54.7906
54.8996
55.0086
55.1176
55.2266
55.3356
55.4447
55.5538
55.663
55.7721
55.8813
55.9905
56.0998
56.209
56.3183
56.4277
56.5371
56.6465
56.7559
56.8654
56.9749
57.0845
57.194
57.3037
57.4133
57.523
57.6328
57.7425
57.8524
57.9622
58.0721
58.182
58.292
58.402
58.512
58.6221
58.7322
58.8424
58.9525
59.0628
59.173
59.2833
59.3937
59.5041
59.6145
59.7249
59.8354
59.946
60.0565
60.1672
60.2778
60.3885
60.4992
60.61
60.7208
60.8316
60.9425
61.0534
61.1643
61.2753
61.3863
61.4974
61.6085
61.7196
61.8307
61.942
62.0532
62.1645
62.2758
62.3871
62.4985
62.6099
62.7214
62.8329
62.9444
63.056
63.1676
63.2793
63.3909
63.5026
63.6144
63.7262
63.838
63.9499
64.0618
64.1737
64.2857
64.3977
64.5097
64.6218
64.7339
64.846
64.9582
65.0704
65.1827
65.295
65.4073
65.5197
65.6321
65.7445
65.857
65.9695
66.082
66.1946
66.3072
66.4198
66.5325
66.6452
66.758
66.8708
66.9836
67.0964
67.2093
67.3222
67.4352
67.5482
67.6612
67.7743
67.8874
68.0005
68.1137
68.2269
68.3401
68.4534
68.5667
68.6801
68.7934
68.9068
69.0203
69.1338
69.2473
69.3608
69.4744
69.588
69.7017
69.8153
69.9291
70.0428
70.1566
70.2704
70.3843
70.4981
70.6121
70.726
70.84
70.954
71.0681
71.1822
71.2963
71.4104
71.5246
71.6388
71.7531
71.8674
71.9817
72.0961
72.2104
72.3249
72.4393
72.5538
72.6683
72.7829
72.8974
73.0121
73.1267
73.2414
73.3561
73.4709
73.5856
73.7004
73.8153
73.9302
74.0451
74.16
74.275
74.39
74.5051
74.6201
74.7352
74.8504
74.9655
75.0807
75.196
75.3113
75.4266
75.5419
75.6572
75.7726
75.8881
76.0035
76.119
76.2346
76.3501
76.4657
76.5813
76.697
76.8127
76.9284
77.0441
77.1599
77.2757
77.3916
77.5074
77.6233
77.7393
77.8552
77.9713
78.0873
78.2033
78.3194
78.4356
78.5517
78.6679
78.7841
78.9004
79.0167
79.133
79.2494
79.3657
79.4821
79.5986
79.7151
79.8316
79.9481
80.0647
80.1813
80.2979
80.4146
80.5312
80.648
80.7647
80.8815
80.9983
81.1152
81.232
81.349
81.4659
81.5829
81.6999
81.8169
81.934
82.0511
82.1682
82.2853
82.4025
82.5197
82.637
82.7543
82.8716
82.9889
83.1063
83.2237
83.3411
83.4586
83.576
83.6936
83.8111
83.9287
84.0463
84.164
84.2816
84.3993
84.5171
84.6348
84.7526
84.8705
84.9883
85.1062
85.2241
85.342
85.46
85.578
85.6961
85.8141
85.9322
86.0504
86.1685
86.2867
86.4049
86.5232
86.6414
86.7597
86.8781
86.9964
87.1148
87.2333
87.3517
87.4702
87.5887
87.7073
87.8258
87.9444
88.0631
88.1817
88.3004
88.4191
88.5379
88.6567
88.7755
88.8943
89.0132
89.1321
89.251
89.37
89.489
89.608
89.727
89.8461
89.9652
90.0844
90.2035
90.3227
90.4419
90.5612
90.6805
90.7998
90.9191
91.0385
91.1579
91.2773
91.3968
91.5163
91.6358
91.7553
91.8749
91.9945
92.1141
92.2338
92.3535
92.4732
92.593
92.7127
92.8325
92.9524
93.0722
93.1921
93.3121
93.432
93.552
93.672
93.792
93.9121
94.0322
94.1523
94.2725
94.3927
94.5129
94.6331
94.7534
94.8737
94.994
95.1143
95.2347
95.3551
95.4756
95.596
95.7165
95.8371
95.9576
96.0782
96.1988
96.3194
96.4401
96.5608
96.6815
96.8023
96.923
97.0438
97.1647
97.2855
97.4064
97.5273
97.6483
97.7693
97.8903
98.0113
98.1323
98.2534
98.3745
98.4957
98.6168
98.738
98.8592
98.9805
99.1018
99.223
99.3444
99.4657
99.5871
99.7085
99.8299
99.9513
100.073
100.194
100.316
100.437
100.559
100.68
100.802
100.924
101.045
101.167
101.289
101.41
101.532
101.654
101.775
101.897
102.019
102.14
102.262
102.384
102.505
102.627
102.749
102.87
102.992
103.114
103.235
103.357
103.478
103.599
103.721
103.842
103.963
104.084
104.206
104.327
104.447
104.568
104.689
104.809
104.93
105.05
105.17
105.29
105.41
105.529
105.648
105.767
105.886
106.005
106.123
106.241
106.359
106.476
106.593
106.71
106.826
106.942
107.058
107.173
107.288
107.402
107.516
107.629
107.742
107.854
107.966
108.077
108.188
108.298
108.407
108.516
108.625
108.732
108.839
108.946
109.052
109.157
109.261
109.365
109.469
109.571
109.673
109.775
109.876
109.976
110.075
110.175
110.273
110.371
110.469
110.566
110.662
110.758
110.854
110.95
111.045
111.14
111.234
111.329
111.423
111.517
111.611
111.705
111.799
111.893
111.987
112.081
112.176
112.27
112.365
112.46
112.556
112.652
112.748
112.845
112.942
113.04
113.138
113.236
113.336
113.436
113.536
113.638
113.74
113.842
113.945
114.049
114.154
114.259
114.366
114.472
114.58
114.688
114.797
114.907
115.017
115.128
115.24
115.353
115.466
115.579
115.694
115.809
115.924
116.041
116.158
116.275
116.393
116.511
116.63
116.75
116.87
116.99
117.111
117.232
117.354
117.476
117.598
117.721
117.844
117.968
118.092
118.216
118.34
118.465
118.59
118.715
118.841
118.966
119.092
119.218
119.344
119.47
119.597
119.723
119.85
119.977
120.104
120.231
120.358
120.485
120.612
120.739
120.866
120.993
121.12
121.246
121.373
121.499
121.626
121.752
121.877
122.003
122.128
122.253
122.377
122.501
122.624
122.746
122.868
122.989
123.11
123.229
123.348
123.465
123.582
123.697
123.811
123.923
124.034
124.144
124.252
124.358
124.462
124.565
124.666
124.764
124.861
124.956
125.048
125.138
125.226
125.312
125.396
125.477
125.557
125.634
125.709
125.782
125.853
125.923
125.991
126.057
126.121
126.184
126.247
126.308
126.368
126.427
126.486
126.544
126.603
126.661
126.719
126.778
126.836
126.896
126.956
127.017
127.079
127.141
127.205
127.27
127.337
127.404
127.473
127.543
127.615
127.688
127.762
127.838
127.916
127.995
128.075
128.157
128.24
128.324
128.41
128.497
128.586
128.676
128.767
128.859
128.952
129.047
129.143
129.24
129.338
129.437
129.537
129.638
129.74
129.843
129.947
130.052
130.158
130.265
130.373
130.481
130.591
130.701
130.812
130.924
131.037
131.15
131.264
131.379
131.494
131.611
131.728
131.845
131.964
132.083
132.203
132.323
132.444
132.566
132.688
132.811
132.934
133.058
133.183
133.308
133.434
133.56
133.687
133.815
133.943
134.071
134.2
134.33
134.46
134.591
134.722
134.853
134.985
135.118
135.251
135.385
135.519
135.653
135.788
135.923
136.059
136.195
136.332
136.469
136.607
136.745
136.883
137.022
137.161
137.301
137.441
137.581
137.722
137.863
138.005
138.147
138.289
138.432
138.575
138.719
138.863
139.007
139.151
139.296
139.442
139.587
139.733
139.88
140.026
140.173
140.321
140.468
140.616
140.765
140.914
141.063
141.212
141.361
141.511
141.662
141.812
141.963
142.114
142.266
142.418
142.57
142.722
142.875
143.028
143.181
143.335
143.489
143.643
143.797
143.952
144.107
144.262
144.418
144.574
144.733
145
)
;

boundaryField
{
    sides
    {
        type            calculated;
        value           nonuniform List<scalar> 2(145 19.7714);
    }
    empty
    {
        type            empty;
    }
}


// ************************************************************************* //
