/*--------------------------------*- C++ -*----------------------------------*\
| =========                 |                                                 |
| \\      /  F ield         | OpenFOAM: The Open Source CFD Toolbox           |
|  \\    /   O peration     | Version:  2406                                  |
|   \\  /    A nd           | Website:  www.openfoam.com                      |
|    \\/     M anipulation  |                                                 |
\*---------------------------------------------------------------------------*/
FoamFile
{
    version     2.0;
    format      ascii;
    arch        "LSB;label=32;scalar=64";
    class       volScalarField;
    location    "0.048";
    object      p;
}
// * * * * * * * * * * * * * * * * * * * * * * * * * * * * * * * * * * * * * //

dimensions      [1 -1 -2 0 0 0 0];

internalField   nonuniform List<scalar> 
1000
(
9202.02
9201.1
9199.51
9198.12
9196.94
9195.81
9194.69
9193.56
9192.44
9191.34
9190.26
9189.2
9188.15
9187.12
9186.1
9185.11
9184.13
9183.16
9182.22
9181.29
9180.37
9179.48
9178.6
9177.74
9176.9
9176.08
9175.28
9174.49
9173.72
9172.98
9172.25
9171.54
9170.85
9170.18
9169.53
9168.9
9168.29
9167.7
9167.13
9166.58
9166.06
9165.55
9165.07
9164.61
9164.18
9163.77
9163.38
9163.01
9162.67
9162.35
9162.06
9161.79
9161.55
9161.34
9161.15
9160.98
9160.85
9160.74
9160.66
9160.6
9160.58
9160.58
9160.6
9160.66
9160.75
9160.88
9161.03
9161.22
9161.43
9161.68
9161.96
9162.27
9162.62
9163
9163.41
9163.85
9164.34
9164.85
9165.41
9166
9166.62
9167.29
9167.99
9168.73
9169.51
9170.34
9171.2
9172.1
9173.04
9174.03
9175.06
9176.13
9177.25
9178.41
9179.61
9180.86
9182.16
9183.5
9184.89
9186.33
9187.81
9189.35
9190.93
9192.56
9194.24
9195.98
9197.76
9199.6
9201.48
9203.42
9205.42
9207.46
9209.56
9211.71
9213.92
9216.18
9218.5
9220.87
9223.3
9225.78
9228.32
9230.91
9233.56
9236.27
9239.03
9241.85
9244.72
9247.65
9250.64
9253.68
9256.78
9259.94
9263.15
9266.41
9269.73
9273.11
9276.54
9280.03
9283.56
9287.15
9290.8
9294.5
9298.24
9302.04
9305.89
9309.79
9313.74
9317.74
9321.78
9325.87
9330.01
9334.19
9338.42
9342.69
9347
9351.36
9355.75
9360.19
9364.66
9369.18
9373.73
9378.31
9382.93
9387.59
9392.28
9397
9401.75
9406.54
9411.35
9416.19
9421.06
9425.95
9430.87
9435.82
9440.79
9445.78
9450.8
9455.84
9460.9
9465.97
9471.07
9476.19
9481.32
9486.47
9491.64
9496.82
9502.02
9507.23
9512.46
9517.7
9522.96
9528.22
9533.5
9538.79
9544.1
9549.41
9554.73
9560.06
9565.41
9570.76
9576.12
9581.49
9586.87
9592.25
9597.65
9603.05
9608.46
9613.88
9619.3
9624.73
9630.17
9635.62
9641.07
9646.52
9651.99
9657.46
9662.93
9668.41
9673.9
9679.39
9684.89
9690.4
9695.91
9701.42
9706.94
9712.47
9718
9723.54
9729.08
9734.62
9740.18
9745.73
9751.29
9756.86
9762.43
9768.01
9773.59
9779.18
9784.77
9790.37
9795.97
9801.58
9807.19
9812.8
9818.43
9824.05
9829.68
9835.32
9840.96
9846.61
9852.26
9857.91
9863.57
9869.24
9874.91
9880.58
9886.26
9891.94
9897.63
9903.33
9909.03
9914.73
9920.44
9926.15
9931.87
9937.59
9943.32
9949.05
9954.79
9960.53
9966.28
9972.03
9977.79
9983.55
9989.32
9995.09
10000.9
10006.6
10012.4
10018.2
10024
10029.8
10035.6
10041.4
10047.2
10053.1
10058.9
10064.7
10070.6
10076.4
10082.2
10088.1
10093.9
10099.8
10105.7
10111.5
10117.4
10123.3
10129.2
10135
10140.9
10146.8
10152.7
10158.6
10164.6
10170.5
10176.4
10182.3
10188.2
10194.2
10200.1
10206.1
10212
10218
10223.9
10229.9
10235.9
10241.8
10247.8
10253.8
10259.8
10265.8
10271.8
10277.8
10283.8
10289.8
10295.8
10301.8
10307.9
10313.9
10319.9
10326
10332
10338.1
10344.1
10350.2
10356.3
10362.3
10368.4
10374.5
10380.6
10386.7
10392.8
10398.9
10405
10411.1
10417.2
10423.3
10429.5
10435.6
10441.7
10447.9
10454
10460.2
10466.3
10472.5
10478.6
10484.8
10491
10497.2
10503.3
10509.5
10515.7
10521.9
10528.1
10534.3
10540.6
10546.8
10553
10559.2
10565.5
10571.7
10577.9
10584.2
10590.4
10596.7
10603
10609.2
10615.5
10621.8
10628.1
10634.4
10640.7
10647
10653.3
10659.6
10665.9
10672.2
10678.5
10684.9
10691.2
10697.5
10703.9
10710.2
10716.6
10722.9
10729.3
10735.7
10742
10748.4
10754.8
10761.2
10767.6
10774
10780.4
10786.8
10793.2
10799.6
10806.1
10812.5
10818.9
10825.4
10831.8
10838.3
10844.7
10851.2
10857.6
10864.1
10870.6
10877.1
10883.5
10890
10896.5
10903
10909.5
10916
10922.6
10929.1
10935.6
10942.1
10948.7
10955.2
10961.8
10968.3
10974.9
10981.4
10988
10994.6
11001.2
11007.7
11014.3
11020.9
11027.5
11034.1
11040.7
11047.3
11054
11060.6
11067.2
11073.8
11080.5
11087.1
11093.8
11100.4
11107.1
11113.8
11120.4
11127.1
11133.8
11140.5
11147.2
11153.9
11160.6
11167.3
11174
11180.7
11187.4
11194.1
11200.9
11207.6
11214.4
11221.1
11227.9
11234.6
11241.4
11248.1
11254.9
11261.7
11268.5
11275.3
11282.1
11288.9
11295.7
11302.5
11309.3
11316.1
11323
11329.8
11336.6
11343.5
11350.3
11357.2
11364
11370.9
11377.8
11384.6
11391.5
11398.4
11405.3
11412.2
11419.1
11426
11432.9
11439.8
11446.7
11453.7
11460.6
11467.5
11474.5
11481.4
11488.4
11495.3
11502.3
11509.3
11516.3
11523.2
11530.2
11537.2
11544.2
11551.2
11558.2
11565.2
11572.3
11579.3
11586.3
11593.3
11600.4
11607.4
11614.5
11621.5
11628.6
11635.7
11642.7
11649.8
11656.9
11664
11671.1
11678.2
11685.3
11692.4
11699.5
11706.6
11713.8
11720.9
11728
11735.2
11742.3
11749.5
11756.6
11763.8
11771
11778.2
11785.3
11792.5
11799.7
11806.9
11814.1
11821.3
11828.5
11835.8
11843
11850.2
11857.5
11864.7
11871.9
11879.2
11886.5
11893.7
11901
11908.3
11915.5
11922.8
11930.1
11937.4
11944.7
11952
11959.3
11966.7
11974
11981.3
11988.7
11996
12003.3
12010.7
12018.1
12025.4
12032.8
12040.2
12047.6
12054.9
12062.3
12069.7
12077.1
12084.5
12092
12099.4
12106.8
12114.2
12121.7
12129.1
12136.6
12144
12151.5
12159
12166.4
12173.9
12181.4
12188.9
12196.4
12203.9
12211.4
12218.9
12226.4
12234
12241.5
12249
12256.6
12264.1
12271.7
12279.3
12286.9
12294.4
12302
12309.6
12317.2
12324.8
12332.5
12340.1
12347.7
12355.4
12363
12370.7
12378.4
12386.1
12393.8
12401.5
12409.2
12416.9
12424.7
12432.4
12440.2
12448
12455.8
12463.6
12471.4
12479.3
12487.2
12495
12502.9
12510.9
12518.8
12526.8
12534.8
12542.8
12550.8
12558.8
12566.9
12575
12583.2
12591.3
12599.5
12607.8
12616
12624.3
12632.6
12641
12649.4
12657.8
12666.3
12674.8
12683.4
12692
12700.6
12709.3
12718.1
12726.8
12735.7
12744.5
12753.5
12762.4
12771.5
12780.5
12789.6
12798.8
12808
12817.3
12826.6
12836
12845.4
12854.9
12864.4
12874
12883.6
12893.2
12902.9
12912.7
12922.5
12932.3
12942.2
12952.1
12962
12972
12982
12992
13002
13012.1
13022.2
13032.3
13042.4
13052.5
13062.6
13072.8
13082.9
13093.1
13103.2
13113.3
13123.5
13133.6
13143.7
13153.8
13163.8
13173.9
13183.9
13193.9
13203.9
13213.8
13223.8
13233.7
13243.5
13253.3
13263.1
13272.9
13282.6
13292.3
13301.9
13311.5
13321.1
13330.6
13340.1
13349.5
13359
13368.3
13377.7
13387
13396.2
13405.5
13414.7
13423.8
13433
13442.1
13451.1
13460.2
13469.2
13478.2
13487.1
13496.1
13505
13513.8
13522.7
13531.5
13540.3
13549.1
13557.9
13566.7
13575.4
13584.2
13592.9
13601.6
13610.3
13618.9
13627.6
13636.3
13644.9
13653.6
13662.2
13670.8
13679.5
13688.1
13696.7
13705.3
13714
13722.6
13731.2
13739.8
13748.5
13757.1
13765.7
13774.4
13783
13791.7
13800.4
13809.1
13817.8
13826.5
13835.2
13844
13852.8
13861.6
13870.4
13879.3
13888.2
13897.2
13906.2
13915.2
13924.3
13933.4
13942.6
13951.9
13961.3
13970.7
13980.2
13989.7
13999.4
14009.2
14019.1
14029
14039.1
14049.4
14059.7
14070.2
14080.8
14091.6
14102.5
14113.6
14124.8
14136.2
14147.7
14159.4
14171.3
14183.4
14195.6
14208
14220.5
14233.2
14246.1
14259.1
14272.2
14285.5
14299
14312.5
14326.2
14339.9
14353.8
14367.7
14381.7
14395.8
14409.9
14424
14438.2
14452.3
14466.5
14480.7
14494.8
14508.9
14523
14537
14551
14564.9
14578.8
14592.5
14606.2
14619.8
14633.4
14646.8
14660.2
14673.5
14686.7
14699.8
14712.8
14725.7
14738.5
14751.3
14763.9
14776.5
14789
14801.4
14813.7
14826
14838.1
14850.2
14862.3
14874.2
14886.1
14897.9
14909.7
14921.3
14933
14944.5
14956
14967.5
14978.9
14990.2
15001.5
15012.7
15023.9
15035
15046.1
15057.1
15068.1
15079
15089.9
15100.7
15111.5
15122.2
15132.9
15143.6
15154.2
15164.8
15175.4
15185.9
15196.3
15206.8
15217.1
15227.5
15237.8
15248.1
15258.3
15268.6
15278.7
15288.9
15299
15309.1
15319.1
15329.2
15339.1
15349.1
15359
15368.9
15378.8
15388.6
15398.5
15408.2
15418
15427.7
15437.4
15447.1
15456.8
15466.4
15476
15485.6
15495.1
15504.6
15514.1
15523.6
15533
15542.5
15551.9
15561.3
15570.6
15580
15589.3
15598.6
15607.8
15617.1
15626.3
15635.5
15644.7
15653.9
15663
15672.1
15681.2
15690.3
15699.4
15708.4
15717.4
15726.5
15735.4
15744.4
15753.4
15762.3
15771.2
15780.1
15789
15797.8
15806.7
15815.5
15824.3
15833.1
15841.9
15850.6
15859.4
15868.1
15876.8
15885.5
15894.2
15902.8
15911.5
15920.1
15928.7
15937.3
15945.9
15954.5
15963
15971.6
15980.1
15988.6
15997.1
16005.5
16014
16022.2
)
;

boundaryField
{
    sides
    {
        type            zeroGradient;
    }
    empty
    {
        type            empty;
    }
}


// ************************************************************************* //
