/*--------------------------------*- C++ -*----------------------------------*\
| =========                 |                                                 |
| \\      /  F ield         | OpenFOAM: The Open Source CFD Toolbox           |
|  \\    /   O peration     | Version:  2406                                  |
|   \\  /    A nd           | Website:  www.openfoam.com                      |
|    \\/     M anipulation  |                                                 |
\*---------------------------------------------------------------------------*/
FoamFile
{
    version     2.0;
    format      ascii;
    arch        "LSB;label=32;scalar=64";
    class       surfaceScalarField;
    location    "0.048";
    object      phi;
}
// * * * * * * * * * * * * * * * * * * * * * * * * * * * * * * * * * * * * * //

dimensions      [1 0 -1 0 0 0 0];

oriented        oriented;

internalField   nonuniform List<scalar> 
999
(
14.6558
14.8106
14.9652
15.1197
15.2741
15.4283
15.5824
15.7364
15.8903
16.0441
16.1978
16.3513
16.5047
16.6579
16.8111
16.9641
17.1169
17.2696
17.4222
17.5747
17.727
17.8792
18.0312
18.1829
18.3346
18.4861
18.6375
18.7887
18.9398
19.0907
19.2414
19.3918
19.542
19.692
19.8419
19.9917
20.1413
20.2908
20.4401
20.5891
20.7378
20.8862
21.0343
21.1821
21.3297
21.4772
21.6245
21.7716
21.9187
22.0655
22.2122
22.3586
22.5047
22.6504
22.7957
22.9407
23.0851
23.2292
23.3729
23.5163
23.6594
23.8022
23.945
24.0875
24.2299
24.3722
24.5145
24.6567
24.7988
24.9408
25.0827
25.2244
25.3658
25.507
25.6479
25.7884
25.9287
26.0687
26.2085
26.3481
26.4874
26.6265
26.7652
26.9037
27.0417
27.1793
27.3165
27.4533
27.5897
27.7256
27.8611
27.9961
28.1307
28.2648
28.3985
28.5316
28.6643
28.7965
28.9282
29.0594
29.19
29.3202
29.4499
29.579
29.7076
29.8357
29.9632
30.0902
30.2167
30.3426
30.468
30.5928
30.717
30.8407
30.9638
31.0863
31.2083
31.3297
31.4506
31.5708
31.6905
31.8096
31.9282
32.0461
32.1635
32.2804
32.3966
32.5123
32.6274
32.7419
32.8559
32.9693
33.0822
33.1945
33.3063
33.4176
33.5283
33.6384
33.7481
33.8572
33.9659
34.074
34.1817
34.2889
34.3956
34.5018
34.6076
34.7129
34.8178
34.9223
35.0264
35.1301
35.2334
35.3363
35.4389
35.5411
35.6429
35.7445
35.8457
35.9466
36.0473
36.1476
36.2477
36.3475
36.4471
36.5465
36.6457
36.7446
36.8434
36.942
37.0404
37.1386
37.2367
37.3347
37.4326
37.5303
37.6279
37.7255
37.8229
37.9203
38.0176
38.1149
38.2121
38.3093
38.4065
38.5036
38.6007
38.6978
38.7949
38.8921
38.9892
39.0863
39.1835
39.2807
39.3779
39.4752
39.5725
39.6699
39.7673
39.8648
39.9623
40.0599
40.1576
40.2553
40.3531
40.451
40.549
40.647
40.7451
40.8433
40.9416
41.04
41.1385
41.2371
41.3357
41.4345
41.5334
41.6323
41.7314
41.8305
41.9298
42.0291
42.1286
42.2281
42.3278
42.4276
42.5274
42.6274
42.7275
42.8277
42.928
43.0284
43.1289
43.2295
43.3302
43.4311
43.532
43.6331
43.7342
43.8355
43.9369
44.0384
44.1399
44.2417
44.3435
44.4454
44.5474
44.6496
44.7518
44.8542
44.9567
45.0593
45.162
45.2648
45.3677
45.4708
45.5739
45.6772
45.7805
45.884
45.9876
46.0913
46.1951
46.299
46.4031
46.5072
46.6115
46.7159
46.8203
46.9249
47.0296
47.1345
47.2394
47.3444
47.4496
47.5549
47.6602
47.7657
47.8713
47.977
48.0829
48.1888
48.2949
48.401
48.5073
48.6137
48.7202
48.8268
48.9336
49.0404
49.1474
49.2545
49.3616
49.4689
49.5764
49.6839
49.7915
49.8993
50.0071
50.1151
50.2232
50.3314
50.4397
50.5482
50.6567
50.7654
50.8742
50.9831
51.0921
51.2012
51.3105
51.4198
51.5293
51.6389
51.7486
51.8584
51.9683
52.0783
52.1885
52.2988
52.4092
52.5197
52.6303
52.741
52.8519
52.9629
53.0739
53.1851
53.2965
53.4079
53.5194
53.6311
53.7429
53.8548
53.9668
54.0789
54.1912
54.3035
54.416
54.5286
54.6413
54.7541
54.8671
54.9802
55.0933
55.2066
55.3201
55.4336
55.5472
55.661
55.7749
55.8889
56.003
56.1173
56.2316
56.3461
56.4607
56.5754
56.6902
56.8052
56.9202
57.0354
57.1507
57.2661
57.3817
57.4973
57.6131
57.729
57.845
57.9612
58.0774
58.1938
58.3103
58.4269
58.5436
58.6605
58.7774
58.8945
59.0117
59.1291
59.2465
59.3641
59.4818
59.5996
59.7175
59.8356
59.9537
60.072
60.1904
60.309
60.4276
60.5464
60.6653
60.7843
60.9034
61.0227
61.1421
61.2616
61.3812
61.5009
61.6208
61.7408
61.8609
61.9811
62.1015
62.2219
62.3425
62.4633
62.5841
62.7051
62.8262
62.9474
63.0687
63.1901
63.3117
63.4334
63.5552
63.6772
63.7993
63.9214
64.0438
64.1662
64.2888
64.4115
64.5343
64.6572
64.7803
64.9034
65.0267
65.1502
65.2737
65.3974
65.5212
65.6451
65.7692
65.8934
66.0177
66.1421
66.2666
66.3913
66.5161
66.641
66.7661
66.8913
67.0166
67.142
67.2676
67.3932
67.519
67.645
67.771
67.8972
68.0235
68.15
68.2765
68.4032
68.53
68.657
68.784
68.9112
69.0386
69.166
69.2936
69.4213
69.5491
69.6771
69.8052
69.9334
70.0617
70.1902
70.3188
70.4475
70.5764
70.7054
70.8345
70.9637
71.0931
71.2226
71.3522
71.482
71.6119
71.7419
71.872
72.0023
72.1327
72.2632
72.3939
72.5247
72.6556
72.7866
72.9178
73.0491
73.1806
73.3121
73.4438
73.5757
73.7076
73.8397
73.9719
74.1043
74.2368
74.3694
74.5021
74.635
74.768
74.9012
75.0344
75.1678
75.3014
75.435
75.5688
75.7028
75.8368
75.971
76.1053
76.2398
76.3744
76.5091
76.644
76.779
76.9141
77.0493
77.1847
77.3202
77.4559
77.5917
77.7276
77.8637
77.9999
78.1362
78.2726
78.4092
78.5459
78.6828
78.8198
78.9569
79.0942
79.2316
79.3691
79.5068
79.6446
79.7825
79.9206
80.0588
80.1971
80.3356
80.4742
80.613
80.7518
80.8909
81.03
81.1693
81.3087
81.4483
81.588
81.7278
81.8678
82.0079
82.1482
82.2885
82.4291
82.5697
82.7105
82.8514
82.9925
83.1337
83.2751
83.4165
83.5582
83.6999
83.8418
83.9838
84.126
84.2683
84.4108
84.5533
84.6961
84.8389
84.9819
85.1251
85.2683
85.4118
85.5553
85.699
85.8428
85.9868
86.1309
86.2752
86.4196
86.5641
86.7088
86.8536
86.9985
87.1436
87.2889
87.4342
87.5797
87.7254
87.8712
88.0171
88.1632
88.3094
88.4557
88.6022
88.7488
88.8956
89.0425
89.1895
89.3367
89.484
89.6315
89.7791
89.9268
90.0746
90.2226
90.3708
90.519
90.6674
90.816
90.9646
91.1134
91.2623
91.4114
91.5605
91.7098
91.8592
92.0088
92.1584
92.3082
92.4581
92.6081
92.7582
92.9084
93.0587
93.2091
93.3596
93.5102
93.6609
93.8117
93.9625
94.1135
94.2645
94.4155
94.5667
94.7179
94.8691
95.0204
95.1717
95.323
95.4744
95.6258
95.7772
95.9285
96.08
96.2313
96.3827
96.5339
96.6853
96.8364
96.9877
97.1387
97.2898
97.4407
97.5916
97.7422
97.893
98.0434
98.1938
98.344
98.4942
98.644
98.7939
98.9433
99.0929
99.242
99.3912
99.5399
99.6887
99.8369
99.9853
100.133
100.281
100.429
100.576
100.723
100.87
101.017
101.163
101.31
101.456
101.602
101.748
101.893
102.039
102.184
102.329
102.474
102.619
102.764
102.909
103.054
103.198
103.343
103.488
103.633
103.778
103.923
104.068
104.213
104.358
104.504
104.65
104.796
104.942
105.089
105.235
105.383
105.53
105.678
105.826
105.975
106.124
106.274
106.424
106.574
106.725
106.877
107.028
107.181
107.334
107.487
107.641
107.796
107.951
108.107
108.263
108.42
108.577
108.735
108.894
109.053
109.212
109.372
109.533
109.694
109.856
110.018
110.181
110.344
110.507
110.672
110.836
111.001
111.167
111.333
111.499
111.666
111.833
112.001
112.168
112.337
112.506
112.675
112.844
113.014
113.184
113.355
113.525
113.696
113.868
114.04
114.212
114.384
114.556
114.729
114.902
115.075
115.249
115.423
115.597
115.771
115.945
116.12
116.295
116.47
116.645
116.82
116.995
117.171
117.347
117.523
117.698
117.874
118.051
118.227
118.403
118.579
118.755
118.931
119.107
119.283
119.459
119.635
119.81
119.986
120.161
120.336
120.51
120.684
120.858
121.031
121.204
121.376
121.548
121.719
121.889
122.059
122.228
122.396
122.564
122.73
122.895
123.06
123.224
123.386
123.548
123.708
123.868
124.026
124.183
124.34
124.495
124.649
124.803
124.955
125.107
125.258
125.408
125.557
125.706
125.854
126.002
126.149
126.296
126.443
126.59
126.737
126.884
127.031
127.178
127.326
127.474
127.623
127.772
127.922
128.073
128.224
128.376
128.529
128.683
128.838
128.994
129.15
129.308
129.467
129.626
129.787
129.948
130.111
130.274
130.439
130.604
130.77
130.938
131.106
131.275
131.445
131.616
131.787
131.96
132.133
132.307
132.482
132.658
132.834
133.012
133.19
133.368
133.548
133.728
133.909
134.09
134.272
134.455
134.639
134.823
135.008
135.193
135.379
135.566
135.753
135.941
136.129
136.318
136.507
136.698
136.888
137.079
137.271
137.463
137.656
137.85
138.043
138.238
138.433
138.628
138.824
139.02
139.217
139.415
139.613
139.811
140.01
140.209
140.409
140.609
140.81
141.011
141.213
141.415
141.617
141.82
142.023
142.227
142.431
142.636
142.841
143.047
143.253
143.459
143.666
143.873
144.081
144.289
144.497
144.706
144.915
145.125
145.335
145.545
145.756
145.967
146.178
146.39
146.603
146.815
147.028
147.242
147.456
147.67
147.884
148.099
148.314
148.53
148.746
148.962
149.179
149.396
149.614
149.831
150.05
150.268
150.487
150.706
150.925
151.145
151.365
151.586
151.807
152.028
152.25
152.471
152.694
152.916
153.139
153.362
153.586
153.81
154.034
154.258
154.483
154.708
154.933
155.159
155.385
155.612
155.838
156.065
156.293
)
;

boundaryField
{
    sides
    {
        type            calculated;
        value           nonuniform List<scalar> 2(156.52 -14.501);
    }
    empty
    {
        type            empty;
    }
}


// ************************************************************************* //
