/*--------------------------------*- C++ -*----------------------------------*\
| =========                 |                                                 |
| \\      /  F ield         | OpenFOAM: The Open Source CFD Toolbox           |
|  \\    /   O peration     | Version:  2406                                  |
|   \\  /    A nd           | Website:  www.openfoam.com                      |
|    \\/     M anipulation  |                                                 |
\*---------------------------------------------------------------------------*/
FoamFile
{
    version     2.0;
    format      ascii;
    arch        "LSB;label=32;scalar=64";
    class       volScalarField;
    location    "0.048";
    object      T;
}
// * * * * * * * * * * * * * * * * * * * * * * * * * * * * * * * * * * * * * //

dimensions      [0 0 0 1 0 0 0];

internalField   nonuniform List<scalar> 
1000
(
174.418
174.427
174.44
174.455
174.471
174.487
174.504
174.52
174.537
174.554
174.571
174.589
174.606
174.624
174.641
174.659
174.677
174.695
174.714
174.732
174.75
174.768
174.787
174.806
174.825
174.844
174.863
174.882
174.9
174.919
174.938
174.957
174.978
174.998
175.018
175.038
175.057
175.076
175.094
175.113
175.133
175.153
175.175
175.197
175.219
175.24
175.262
175.282
175.302
175.32
175.339
175.357
175.375
175.394
175.414
175.435
175.458
175.481
175.506
175.531
175.556
175.58
175.605
175.628
175.65
175.67
175.688
175.705
175.719
175.732
175.744
175.755
175.765
175.775
175.785
175.794
175.803
175.811
175.819
175.826
175.833
175.838
175.843
175.847
175.852
175.856
175.861
175.866
175.871
175.876
175.882
175.888
175.894
175.9
175.906
175.913
175.92
175.927
175.935
175.943
175.951
175.959
175.968
175.976
175.986
175.995
176.005
176.015
176.025
176.036
176.046
176.058
176.069
176.081
176.093
176.105
176.118
176.13
176.144
176.157
176.171
176.185
176.199
176.214
176.229
176.245
176.26
176.276
176.292
176.309
176.326
176.343
176.36
176.378
176.396
176.414
176.433
176.452
176.471
176.491
176.51
176.53
176.551
176.571
176.592
176.613
176.635
176.656
176.678
176.7
176.723
176.745
176.768
176.791
176.814
176.838
176.862
176.886
176.91
176.934
176.959
176.983
177.008
177.033
177.059
177.084
177.109
177.135
177.161
177.187
177.213
177.24
177.266
177.293
177.319
177.346
177.373
177.4
177.427
177.454
177.481
177.509
177.536
177.564
177.591
177.619
177.647
177.675
177.703
177.731
177.759
177.787
177.815
177.843
177.871
177.9
177.928
177.956
177.985
178.013
178.042
178.07
178.099
178.127
178.156
178.184
178.213
178.242
178.271
178.299
178.328
178.357
178.386
178.415
178.443
178.472
178.501
178.53
178.559
178.588
178.617
178.646
178.675
178.704
178.733
178.762
178.791
178.82
178.849
178.879
178.908
178.937
178.966
178.995
179.024
179.054
179.083
179.112
179.141
179.171
179.2
179.229
179.259
179.288
179.317
179.347
179.376
179.405
179.435
179.464
179.494
179.523
179.552
179.582
179.611
179.641
179.67
179.7
179.729
179.759
179.789
179.818
179.848
179.877
179.907
179.936
179.966
179.996
180.025
180.055
180.085
180.114
180.144
180.174
180.204
180.233
180.263
180.293
180.323
180.353
180.382
180.412
180.442
180.472
180.502
180.532
180.561
180.591
180.621
180.651
180.681
180.711
180.741
180.771
180.801
180.831
180.861
180.891
180.921
180.951
180.981
181.011
181.041
181.072
181.102
181.132
181.162
181.192
181.222
181.252
181.283
181.313
181.343
181.373
181.403
181.434
181.464
181.494
181.525
181.555
181.585
181.615
181.646
181.676
181.707
181.737
181.767
181.798
181.828
181.858
181.889
181.919
181.95
181.98
182.011
182.041
182.072
182.102
182.133
182.163
182.194
182.224
182.255
182.286
182.316
182.347
182.377
182.408
182.439
182.469
182.5
182.531
182.561
182.592
182.623
182.654
182.684
182.715
182.746
182.777
182.807
182.838
182.869
182.9
182.931
182.962
182.992
183.023
183.054
183.085
183.116
183.147
183.178
183.209
183.24
183.271
183.302
183.333
183.364
183.395
183.426
183.457
183.488
183.519
183.55
183.581
183.612
183.643
183.674
183.706
183.737
183.768
183.799
183.83
183.861
183.893
183.924
183.955
183.986
184.018
184.049
184.08
184.111
184.143
184.174
184.205
184.237
184.268
184.299
184.331
184.362
184.393
184.425
184.456
184.488
184.519
184.551
184.582
184.613
184.645
184.676
184.708
184.739
184.771
184.803
184.834
184.866
184.897
184.929
184.96
184.992
185.024
185.055
185.087
185.119
185.15
185.182
185.214
185.245
185.277
185.309
185.341
185.372
185.404
185.436
185.468
185.499
185.531
185.563
185.595
185.627
185.659
185.69
185.722
185.754
185.786
185.818
185.85
185.882
185.914
185.946
185.978
186.01
186.042
186.074
186.106
186.138
186.17
186.202
186.234
186.266
186.298
186.33
186.362
186.394
186.426
186.458
186.491
186.523
186.555
186.587
186.619
186.652
186.684
186.716
186.748
186.78
186.813
186.845
186.877
186.91
186.942
186.974
187.007
187.039
187.071
187.104
187.136
187.168
187.201
187.233
187.266
187.298
187.33
187.363
187.395
187.428
187.46
187.493
187.525
187.558
187.59
187.623
187.656
187.688
187.721
187.753
187.786
187.818
187.851
187.884
187.916
187.949
187.982
188.014
188.047
188.08
188.112
188.145
188.178
188.211
188.243
188.276
188.309
188.342
188.375
188.407
188.44
188.473
188.506
188.539
188.572
188.604
188.637
188.67
188.703
188.736
188.769
188.802
188.835
188.868
188.901
188.934
188.967
189
189.033
189.066
189.099
189.132
189.165
189.198
189.231
189.264
189.298
189.331
189.364
189.397
189.43
189.463
189.496
189.53
189.563
189.596
189.629
189.663
189.696
189.729
189.762
189.796
189.829
189.862
189.896
189.929
189.962
189.996
190.029
190.062
190.096
190.129
190.162
190.196
190.229
190.263
190.296
190.33
190.363
190.397
190.43
190.464
190.497
190.531
190.564
190.598
190.631
190.665
190.699
190.732
190.766
190.799
190.833
190.867
190.9
190.934
190.968
191.002
191.035
191.069
191.103
191.137
191.17
191.204
191.238
191.272
191.306
191.34
191.374
191.407
191.441
191.475
191.509
191.543
191.578
191.612
191.646
191.68
191.714
191.748
191.783
191.817
191.851
191.885
191.92
191.954
191.989
192.023
192.058
192.093
192.128
192.162
192.198
192.232
192.268
192.302
192.338
192.373
192.409
192.443
192.481
192.515
192.552
192.586
192.625
192.658
192.697
192.731
192.771
192.804
192.845
192.877
192.92
192.951
192.995
193.026
193.071
193.101
193.148
193.177
193.226
193.254
193.304
193.332
193.384
193.41
193.463
193.49
193.543
193.57
193.624
193.652
193.706
193.734
193.789
193.817
193.872
193.9
193.956
193.984
194.041
194.069
194.126
194.154
194.211
194.24
194.297
194.326
194.384
194.412
194.47
194.499
194.557
194.586
194.643
194.672
194.73
194.759
194.816
194.845
194.903
194.931
194.989
195.017
195.074
195.102
195.159
195.187
195.243
195.271
195.327
195.355
195.411
195.438
195.493
195.52
195.575
195.602
195.656
195.683
195.737
195.763
195.816
195.843
195.895
195.921
195.974
195.999
196.051
196.077
196.128
196.154
196.205
196.23
196.28
196.305
196.356
196.38
196.43
196.455
196.505
196.529
196.578
196.603
196.652
196.676
196.725
196.749
196.798
196.822
196.87
196.894
196.942
196.966
197.014
197.038
197.086
197.11
197.157
197.181
197.229
197.253
197.3
197.324
197.371
197.395
197.443
197.466
197.514
197.538
197.585
197.609
197.657
197.68
197.728
197.752
197.8
197.824
197.872
197.896
197.944
197.968
198.017
198.041
198.09
198.115
198.164
198.189
198.239
198.264
198.314
198.34
198.391
198.417
198.469
198.496
198.549
198.576
198.63
198.657
198.712
198.741
198.797
198.826
198.884
198.914
198.974
199.005
199.066
199.097
199.16
199.192
199.257
199.29
199.357
199.391
199.459
199.494
199.563
199.599
199.67
199.706
199.778
199.815
199.888
199.925
199.999
200.037
200.112
200.149
200.224
200.262
200.337
200.375
200.45
200.487
200.562
200.599
200.674
200.71
200.784
200.82
200.893
200.929
201.001
201.036
201.107
201.142
201.212
201.247
201.315
201.349
201.417
201.451
201.518
201.55
201.616
201.649
201.714
201.746
201.81
201.841
201.905
201.936
201.998
202.029
202.09
202.121
202.182
202.212
202.272
202.301
202.361
202.39
202.449
202.478
202.536
202.565
202.623
202.651
202.708
202.736
202.793
202.821
202.877
202.904
202.96
202.987
203.042
203.069
203.124
203.151
203.205
203.232
203.285
203.312
203.365
203.391
203.444
203.47
203.522
203.548
203.6
203.626
203.678
203.703
203.754
203.78
203.831
203.856
203.906
203.931
203.982
204.006
204.056
204.081
204.13
204.155
204.204
204.229
204.277
204.302
204.35
204.374
204.423
204.447
204.495
204.518
204.566
204.59
204.637
204.661
204.708
204.731
204.778
204.802
204.848
204.871
204.918
204.941
204.987
205.01
205.056
205.079
205.124
205.147
205.192
205.215
205.26
205.283
205.328
205.35
205.395
205.417
205.461
205.484
205.528
205.55
205.594
205.616
205.66
205.682
205.725
205.747
205.791
205.812
205.855
205.877
205.92
205.941
205.984
206.006
206.048
206.07
206.112
206.133
206.176
206.197
206.239
206.259
206.306
206.317
206.387
)
;

boundaryField
{
    sides
    {
        type            zeroGradient;
    }
    empty
    {
        type            empty;
    }
}


// ************************************************************************* //
