/*--------------------------------*- C++ -*----------------------------------*\
| =========                 |                                                 |
| \\      /  F ield         | OpenFOAM: The Open Source CFD Toolbox           |
|  \\    /   O peration     | Version:  2406                                  |
|   \\  /    A nd           | Website:  www.openfoam.com                      |
|    \\/     M anipulation  |                                                 |
\*---------------------------------------------------------------------------*/
FoamFile
{
    version     2.0;
    format      ascii;
    arch        "LSB;label=32;scalar=64";
    class       volVectorField;
    location    "0.048";
    object      U;
}
// * * * * * * * * * * * * * * * * * * * * * * * * * * * * * * * * * * * * * //

dimensions      [0 1 -1 0 0 0 0];

internalField   nonuniform List<vector> 
1000
(
(19.7714 0 0)
(19.996 0 0)
(20.2897 0 0)
(20.5322 0 0)
(20.7427 0 0)
(20.9505 0 0)
(21.1635 0 0)
(21.3792 0 0)
(21.5947 0 0)
(21.8097 0 0)
(22.0243 0 0)
(22.2389 0 0)
(22.4534 0 0)
(22.6678 0 0)
(22.8821 0 0)
(23.0963 0 0)
(23.3103 0 0)
(23.5243 0 0)
(23.7381 0 0)
(23.9517 0 0)
(24.1652 0 0)
(24.3786 0 0)
(24.5918 0 0)
(24.8048 0 0)
(25.0177 0 0)
(25.2304 0 0)
(25.443 0 0)
(25.6553 0 0)
(25.8675 0 0)
(26.0795 0 0)
(26.2912 0 0)
(26.5028 0 0)
(26.7141 0 0)
(26.9252 0 0)
(27.1361 0 0)
(27.3468 0 0)
(27.5572 0 0)
(27.7673 0 0)
(27.9772 0 0)
(28.1869 0 0)
(28.3962 0 0)
(28.6053 0 0)
(28.814 0 0)
(29.0225 0 0)
(29.2307 0 0)
(29.4386 0 0)
(29.6461 0 0)
(29.8533 0 0)
(30.0602 0 0)
(30.2667 0 0)
(30.4729 0 0)
(30.6787 0 0)
(30.8841 0 0)
(31.0891 0 0)
(31.2937 0 0)
(31.4979 0 0)
(31.7018 0 0)
(31.9052 0 0)
(32.1081 0 0)
(32.3107 0 0)
(32.5128 0 0)
(32.7145 0 0)
(32.916 0 0)
(33.1168 0 0)
(33.3171 0 0)
(33.5168 0 0)
(33.7159 0 0)
(33.9146 0 0)
(34.1128 0 0)
(34.3104 0 0)
(34.5076 0 0)
(34.7042 0 0)
(34.9002 0 0)
(35.0957 0 0)
(35.2906 0 0)
(35.4849 0 0)
(35.6786 0 0)
(35.8717 0 0)
(36.0641 0 0)
(36.256 0 0)
(36.4471 0 0)
(36.6377 0 0)
(36.8275 0 0)
(37.0167 0 0)
(37.2051 0 0)
(37.3929 0 0)
(37.5799 0 0)
(37.7662 0 0)
(37.9518 0 0)
(38.1366 0 0)
(38.3206 0 0)
(38.5039 0 0)
(38.6863 0 0)
(38.868 0 0)
(39.0489 0 0)
(39.2289 0 0)
(39.4081 0 0)
(39.5864 0 0)
(39.7639 0 0)
(39.9405 0 0)
(40.1162 0 0)
(40.291 0 0)
(40.465 0 0)
(40.638 0 0)
(40.8101 0 0)
(40.9813 0 0)
(41.1515 0 0)
(41.3207 0 0)
(41.4891 0 0)
(41.6564 0 0)
(41.8228 0 0)
(41.9881 0 0)
(42.1525 0 0)
(42.3159 0 0)
(42.4783 0 0)
(42.6396 0 0)
(42.8 0 0)
(42.9593 0 0)
(43.1176 0 0)
(43.2749 0 0)
(43.4311 0 0)
(43.5863 0 0)
(43.7404 0 0)
(43.8935 0 0)
(44.0456 0 0)
(44.1966 0 0)
(44.3466 0 0)
(44.4955 0 0)
(44.6434 0 0)
(44.7903 0 0)
(44.9361 0 0)
(45.0809 0 0)
(45.2247 0 0)
(45.3674 0 0)
(45.5092 0 0)
(45.6499 0 0)
(45.7897 0 0)
(45.9284 0 0)
(46.0662 0 0)
(46.203 0 0)
(46.3388 0 0)
(46.4737 0 0)
(46.6077 0 0)
(46.7407 0 0)
(46.8729 0 0)
(47.0041 0 0)
(47.1345 0 0)
(47.264 0 0)
(47.3926 0 0)
(47.5205 0 0)
(47.6475 0 0)
(47.7737 0 0)
(47.8991 0 0)
(48.0238 0 0)
(48.1478 0 0)
(48.271 0 0)
(48.3935 0 0)
(48.5154 0 0)
(48.6365 0 0)
(48.7571 0 0)
(48.877 0 0)
(48.9963 0 0)
(49.1151 0 0)
(49.2332 0 0)
(49.3509 0 0)
(49.468 0 0)
(49.5846 0 0)
(49.7008 0 0)
(49.8164 0 0)
(49.9317 0 0)
(50.0465 0 0)
(50.1609 0 0)
(50.2749 0 0)
(50.3886 0 0)
(50.5019 0 0)
(50.6149 0 0)
(50.7276 0 0)
(50.8399 0 0)
(50.952 0 0)
(51.0639 0 0)
(51.1754 0 0)
(51.2868 0 0)
(51.3979 0 0)
(51.5088 0 0)
(51.6196 0 0)
(51.7301 0 0)
(51.8405 0 0)
(51.9507 0 0)
(52.0608 0 0)
(52.1707 0 0)
(52.2806 0 0)
(52.3903 0 0)
(52.4999 0 0)
(52.6094 0 0)
(52.7188 0 0)
(52.8282 0 0)
(52.9375 0 0)
(53.0467 0 0)
(53.1559 0 0)
(53.265 0 0)
(53.3741 0 0)
(53.4831 0 0)
(53.5921 0 0)
(53.7011 0 0)
(53.8101 0 0)
(53.9191 0 0)
(54.028 0 0)
(54.1369 0 0)
(54.2459 0 0)
(54.3548 0 0)
(54.4637 0 0)
(54.5727 0 0)
(54.6816 0 0)
(54.7906 0 0)
(54.8996 0 0)
(55.0086 0 0)
(55.1176 0 0)
(55.2266 0 0)
(55.3356 0 0)
(55.4447 0 0)
(55.5538 0 0)
(55.663 0 0)
(55.7721 0 0)
(55.8813 0 0)
(55.9905 0 0)
(56.0998 0 0)
(56.209 0 0)
(56.3183 0 0)
(56.4277 0 0)
(56.5371 0 0)
(56.6465 0 0)
(56.7559 0 0)
(56.8654 0 0)
(56.9749 0 0)
(57.0845 0 0)
(57.194 0 0)
(57.3037 0 0)
(57.4133 0 0)
(57.523 0 0)
(57.6328 0 0)
(57.7425 0 0)
(57.8524 0 0)
(57.9622 0 0)
(58.0721 0 0)
(58.182 0 0)
(58.292 0 0)
(58.402 0 0)
(58.512 0 0)
(58.6221 0 0)
(58.7322 0 0)
(58.8424 0 0)
(58.9525 0 0)
(59.0628 0 0)
(59.173 0 0)
(59.2833 0 0)
(59.3937 0 0)
(59.5041 0 0)
(59.6145 0 0)
(59.7249 0 0)
(59.8354 0 0)
(59.946 0 0)
(60.0565 0 0)
(60.1672 0 0)
(60.2778 0 0)
(60.3885 0 0)
(60.4992 0 0)
(60.61 0 0)
(60.7208 0 0)
(60.8316 0 0)
(60.9425 0 0)
(61.0534 0 0)
(61.1643 0 0)
(61.2753 0 0)
(61.3863 0 0)
(61.4974 0 0)
(61.6085 0 0)
(61.7196 0 0)
(61.8307 0 0)
(61.942 0 0)
(62.0532 0 0)
(62.1645 0 0)
(62.2758 0 0)
(62.3871 0 0)
(62.4985 0 0)
(62.6099 0 0)
(62.7214 0 0)
(62.8329 0 0)
(62.9444 0 0)
(63.056 0 0)
(63.1676 0 0)
(63.2793 0 0)
(63.3909 0 0)
(63.5026 0 0)
(63.6144 0 0)
(63.7262 0 0)
(63.838 0 0)
(63.9499 0 0)
(64.0618 0 0)
(64.1737 0 0)
(64.2857 0 0)
(64.3977 0 0)
(64.5097 0 0)
(64.6218 0 0)
(64.7339 0 0)
(64.846 0 0)
(64.9582 0 0)
(65.0704 0 0)
(65.1827 0 0)
(65.295 0 0)
(65.4073 0 0)
(65.5197 0 0)
(65.6321 0 0)
(65.7445 0 0)
(65.857 0 0)
(65.9695 0 0)
(66.082 0 0)
(66.1946 0 0)
(66.3072 0 0)
(66.4198 0 0)
(66.5325 0 0)
(66.6452 0 0)
(66.758 0 0)
(66.8708 0 0)
(66.9836 0 0)
(67.0964 0 0)
(67.2093 0 0)
(67.3222 0 0)
(67.4352 0 0)
(67.5482 0 0)
(67.6612 0 0)
(67.7743 0 0)
(67.8874 0 0)
(68.0005 0 0)
(68.1137 0 0)
(68.2269 0 0)
(68.3401 0 0)
(68.4534 0 0)
(68.5667 0 0)
(68.6801 0 0)
(68.7934 0 0)
(68.9068 0 0)
(69.0203 0 0)
(69.1338 0 0)
(69.2473 0 0)
(69.3608 0 0)
(69.4744 0 0)
(69.588 0 0)
(69.7017 0 0)
(69.8153 0 0)
(69.9291 0 0)
(70.0428 0 0)
(70.1566 0 0)
(70.2704 0 0)
(70.3843 0 0)
(70.4981 0 0)
(70.6121 0 0)
(70.726 0 0)
(70.84 0 0)
(70.954 0 0)
(71.0681 0 0)
(71.1822 0 0)
(71.2963 0 0)
(71.4104 0 0)
(71.5246 0 0)
(71.6388 0 0)
(71.7531 0 0)
(71.8674 0 0)
(71.9817 0 0)
(72.0961 0 0)
(72.2104 0 0)
(72.3249 0 0)
(72.4393 0 0)
(72.5538 0 0)
(72.6683 0 0)
(72.7829 0 0)
(72.8974 0 0)
(73.0121 0 0)
(73.1267 0 0)
(73.2414 0 0)
(73.3561 0 0)
(73.4709 0 0)
(73.5856 0 0)
(73.7004 0 0)
(73.8153 0 0)
(73.9302 0 0)
(74.0451 0 0)
(74.16 0 0)
(74.275 0 0)
(74.39 0 0)
(74.5051 0 0)
(74.6201 0 0)
(74.7352 0 0)
(74.8504 0 0)
(74.9655 0 0)
(75.0807 0 0)
(75.196 0 0)
(75.3113 0 0)
(75.4266 0 0)
(75.5419 0 0)
(75.6572 0 0)
(75.7726 0 0)
(75.8881 0 0)
(76.0035 0 0)
(76.119 0 0)
(76.2346 0 0)
(76.3501 0 0)
(76.4657 0 0)
(76.5813 0 0)
(76.697 0 0)
(76.8127 0 0)
(76.9284 0 0)
(77.0441 0 0)
(77.1599 0 0)
(77.2757 0 0)
(77.3916 0 0)
(77.5074 0 0)
(77.6233 0 0)
(77.7393 0 0)
(77.8552 0 0)
(77.9713 0 0)
(78.0873 0 0)
(78.2033 0 0)
(78.3194 0 0)
(78.4356 0 0)
(78.5517 0 0)
(78.6679 0 0)
(78.7841 0 0)
(78.9004 0 0)
(79.0167 0 0)
(79.133 0 0)
(79.2494 0 0)
(79.3657 0 0)
(79.4821 0 0)
(79.5986 0 0)
(79.7151 0 0)
(79.8316 0 0)
(79.9481 0 0)
(80.0647 0 0)
(80.1813 0 0)
(80.2979 0 0)
(80.4146 0 0)
(80.5312 0 0)
(80.648 0 0)
(80.7647 0 0)
(80.8815 0 0)
(80.9983 0 0)
(81.1152 0 0)
(81.232 0 0)
(81.349 0 0)
(81.4659 0 0)
(81.5829 0 0)
(81.6999 0 0)
(81.8169 0 0)
(81.934 0 0)
(82.0511 0 0)
(82.1682 0 0)
(82.2853 0 0)
(82.4025 0 0)
(82.5197 0 0)
(82.637 0 0)
(82.7543 0 0)
(82.8716 0 0)
(82.9889 0 0)
(83.1063 0 0)
(83.2237 0 0)
(83.3411 0 0)
(83.4586 0 0)
(83.576 0 0)
(83.6936 0 0)
(83.8111 0 0)
(83.9287 0 0)
(84.0463 0 0)
(84.164 0 0)
(84.2816 0 0)
(84.3993 0 0)
(84.5171 0 0)
(84.6348 0 0)
(84.7526 0 0)
(84.8705 0 0)
(84.9883 0 0)
(85.1062 0 0)
(85.2241 0 0)
(85.342 0 0)
(85.46 0 0)
(85.578 0 0)
(85.6961 0 0)
(85.8141 0 0)
(85.9322 0 0)
(86.0504 0 0)
(86.1685 0 0)
(86.2867 0 0)
(86.4049 0 0)
(86.5232 0 0)
(86.6414 0 0)
(86.7597 0 0)
(86.8781 0 0)
(86.9964 0 0)
(87.1148 0 0)
(87.2333 0 0)
(87.3517 0 0)
(87.4702 0 0)
(87.5887 0 0)
(87.7073 0 0)
(87.8258 0 0)
(87.9444 0 0)
(88.0631 0 0)
(88.1817 0 0)
(88.3004 0 0)
(88.4191 0 0)
(88.5379 0 0)
(88.6567 0 0)
(88.7755 0 0)
(88.8943 0 0)
(89.0132 0 0)
(89.1321 0 0)
(89.251 0 0)
(89.37 0 0)
(89.489 0 0)
(89.608 0 0)
(89.727 0 0)
(89.8461 0 0)
(89.9652 0 0)
(90.0844 0 0)
(90.2035 0 0)
(90.3227 0 0)
(90.4419 0 0)
(90.5612 0 0)
(90.6805 0 0)
(90.7998 0 0)
(90.9191 0 0)
(91.0385 0 0)
(91.1579 0 0)
(91.2773 0 0)
(91.3968 0 0)
(91.5163 0 0)
(91.6358 0 0)
(91.7553 0 0)
(91.8749 0 0)
(91.9945 0 0)
(92.1141 0 0)
(92.2338 0 0)
(92.3535 0 0)
(92.4732 0 0)
(92.593 0 0)
(92.7127 0 0)
(92.8325 0 0)
(92.9524 0 0)
(93.0722 0 0)
(93.1921 0 0)
(93.3121 0 0)
(93.432 0 0)
(93.552 0 0)
(93.672 0 0)
(93.792 0 0)
(93.9121 0 0)
(94.0322 0 0)
(94.1523 0 0)
(94.2725 0 0)
(94.3927 0 0)
(94.5129 0 0)
(94.6331 0 0)
(94.7534 0 0)
(94.8737 0 0)
(94.994 0 0)
(95.1143 0 0)
(95.2347 0 0)
(95.3551 0 0)
(95.4756 0 0)
(95.596 0 0)
(95.7165 0 0)
(95.8371 0 0)
(95.9576 0 0)
(96.0782 0 0)
(96.1988 0 0)
(96.3194 0 0)
(96.4401 0 0)
(96.5608 0 0)
(96.6815 0 0)
(96.8023 0 0)
(96.923 0 0)
(97.0438 0 0)
(97.1647 0 0)
(97.2855 0 0)
(97.4064 0 0)
(97.5273 0 0)
(97.6483 0 0)
(97.7693 0 0)
(97.8903 0 0)
(98.0113 0 0)
(98.1323 0 0)
(98.2534 0 0)
(98.3745 0 0)
(98.4957 0 0)
(98.6168 0 0)
(98.738 0 0)
(98.8592 0 0)
(98.9805 0 0)
(99.1018 0 0)
(99.223 0 0)
(99.3444 0 0)
(99.4657 0 0)
(99.5871 0 0)
(99.7085 0 0)
(99.8299 0 0)
(99.9513 0 0)
(100.073 0 0)
(100.194 0 0)
(100.316 0 0)
(100.437 0 0)
(100.559 0 0)
(100.68 0 0)
(100.802 0 0)
(100.924 0 0)
(101.045 0 0)
(101.167 0 0)
(101.289 0 0)
(101.41 0 0)
(101.532 0 0)
(101.654 0 0)
(101.775 0 0)
(101.897 0 0)
(102.019 0 0)
(102.14 0 0)
(102.262 0 0)
(102.384 0 0)
(102.505 0 0)
(102.627 0 0)
(102.749 0 0)
(102.87 0 0)
(102.992 0 0)
(103.114 0 0)
(103.235 0 0)
(103.357 0 0)
(103.478 0 0)
(103.599 0 0)
(103.721 0 0)
(103.842 0 0)
(103.963 0 0)
(104.084 0 0)
(104.206 0 0)
(104.327 0 0)
(104.447 0 0)
(104.568 0 0)
(104.689 0 0)
(104.809 0 0)
(104.93 0 0)
(105.05 0 0)
(105.17 0 0)
(105.29 0 0)
(105.41 0 0)
(105.529 0 0)
(105.648 0 0)
(105.767 0 0)
(105.886 0 0)
(106.005 0 0)
(106.123 0 0)
(106.241 0 0)
(106.359 0 0)
(106.476 0 0)
(106.593 0 0)
(106.71 0 0)
(106.826 0 0)
(106.942 0 0)
(107.058 0 0)
(107.173 0 0)
(107.288 0 0)
(107.402 0 0)
(107.516 0 0)
(107.629 0 0)
(107.742 0 0)
(107.854 0 0)
(107.966 0 0)
(108.077 0 0)
(108.188 0 0)
(108.298 0 0)
(108.407 0 0)
(108.516 0 0)
(108.625 0 0)
(108.732 0 0)
(108.839 0 0)
(108.946 0 0)
(109.052 0 0)
(109.157 0 0)
(109.261 0 0)
(109.365 0 0)
(109.469 0 0)
(109.571 0 0)
(109.673 0 0)
(109.775 0 0)
(109.876 0 0)
(109.976 0 0)
(110.075 0 0)
(110.175 0 0)
(110.273 0 0)
(110.371 0 0)
(110.469 0 0)
(110.566 0 0)
(110.662 0 0)
(110.758 0 0)
(110.854 0 0)
(110.95 0 0)
(111.045 0 0)
(111.14 0 0)
(111.234 0 0)
(111.329 0 0)
(111.423 0 0)
(111.517 0 0)
(111.611 0 0)
(111.705 0 0)
(111.799 0 0)
(111.893 0 0)
(111.987 0 0)
(112.081 0 0)
(112.176 0 0)
(112.27 0 0)
(112.365 0 0)
(112.46 0 0)
(112.556 0 0)
(112.652 0 0)
(112.748 0 0)
(112.845 0 0)
(112.942 0 0)
(113.04 0 0)
(113.138 0 0)
(113.236 0 0)
(113.336 0 0)
(113.436 0 0)
(113.536 0 0)
(113.638 0 0)
(113.74 0 0)
(113.842 0 0)
(113.945 0 0)
(114.049 0 0)
(114.154 0 0)
(114.259 0 0)
(114.366 0 0)
(114.472 0 0)
(114.58 0 0)
(114.688 0 0)
(114.797 0 0)
(114.907 0 0)
(115.017 0 0)
(115.128 0 0)
(115.24 0 0)
(115.353 0 0)
(115.466 0 0)
(115.579 0 0)
(115.694 0 0)
(115.809 0 0)
(115.924 0 0)
(116.041 0 0)
(116.158 0 0)
(116.275 0 0)
(116.393 0 0)
(116.511 0 0)
(116.63 0 0)
(116.75 0 0)
(116.87 0 0)
(116.99 0 0)
(117.111 0 0)
(117.232 0 0)
(117.354 0 0)
(117.476 0 0)
(117.598 0 0)
(117.721 0 0)
(117.844 0 0)
(117.968 0 0)
(118.092 0 0)
(118.216 0 0)
(118.34 0 0)
(118.465 0 0)
(118.59 0 0)
(118.715 0 0)
(118.841 0 0)
(118.966 0 0)
(119.092 0 0)
(119.218 0 0)
(119.344 0 0)
(119.47 0 0)
(119.597 0 0)
(119.723 0 0)
(119.85 0 0)
(119.977 0 0)
(120.104 0 0)
(120.231 0 0)
(120.358 0 0)
(120.485 0 0)
(120.612 0 0)
(120.739 0 0)
(120.866 0 0)
(120.993 0 0)
(121.12 0 0)
(121.246 0 0)
(121.373 0 0)
(121.499 0 0)
(121.626 0 0)
(121.752 0 0)
(121.877 0 0)
(122.003 0 0)
(122.128 0 0)
(122.253 0 0)
(122.377 0 0)
(122.501 0 0)
(122.624 0 0)
(122.746 0 0)
(122.868 0 0)
(122.989 0 0)
(123.11 0 0)
(123.229 0 0)
(123.348 0 0)
(123.465 0 0)
(123.582 0 0)
(123.697 0 0)
(123.811 0 0)
(123.923 0 0)
(124.034 0 0)
(124.144 0 0)
(124.252 0 0)
(124.358 0 0)
(124.462 0 0)
(124.565 0 0)
(124.666 0 0)
(124.764 0 0)
(124.861 0 0)
(124.956 0 0)
(125.048 0 0)
(125.138 0 0)
(125.226 0 0)
(125.312 0 0)
(125.396 0 0)
(125.477 0 0)
(125.557 0 0)
(125.634 0 0)
(125.709 0 0)
(125.782 0 0)
(125.853 0 0)
(125.923 0 0)
(125.991 0 0)
(126.057 0 0)
(126.121 0 0)
(126.184 0 0)
(126.247 0 0)
(126.308 0 0)
(126.368 0 0)
(126.427 0 0)
(126.486 0 0)
(126.544 0 0)
(126.603 0 0)
(126.661 0 0)
(126.719 0 0)
(126.778 0 0)
(126.836 0 0)
(126.896 0 0)
(126.956 0 0)
(127.017 0 0)
(127.079 0 0)
(127.141 0 0)
(127.205 0 0)
(127.27 0 0)
(127.337 0 0)
(127.404 0 0)
(127.473 0 0)
(127.543 0 0)
(127.615 0 0)
(127.688 0 0)
(127.762 0 0)
(127.838 0 0)
(127.916 0 0)
(127.995 0 0)
(128.075 0 0)
(128.157 0 0)
(128.24 0 0)
(128.324 0 0)
(128.41 0 0)
(128.497 0 0)
(128.586 0 0)
(128.676 0 0)
(128.767 0 0)
(128.859 0 0)
(128.952 0 0)
(129.047 0 0)
(129.143 0 0)
(129.24 0 0)
(129.338 0 0)
(129.437 0 0)
(129.537 0 0)
(129.638 0 0)
(129.74 0 0)
(129.843 0 0)
(129.947 0 0)
(130.052 0 0)
(130.158 0 0)
(130.265 0 0)
(130.373 0 0)
(130.481 0 0)
(130.591 0 0)
(130.701 0 0)
(130.812 0 0)
(130.924 0 0)
(131.037 0 0)
(131.15 0 0)
(131.264 0 0)
(131.379 0 0)
(131.494 0 0)
(131.611 0 0)
(131.728 0 0)
(131.845 0 0)
(131.964 0 0)
(132.083 0 0)
(132.203 0 0)
(132.323 0 0)
(132.444 0 0)
(132.566 0 0)
(132.688 0 0)
(132.811 0 0)
(132.934 0 0)
(133.058 0 0)
(133.183 0 0)
(133.308 0 0)
(133.434 0 0)
(133.56 0 0)
(133.687 0 0)
(133.815 0 0)
(133.943 0 0)
(134.071 0 0)
(134.2 0 0)
(134.33 0 0)
(134.46 0 0)
(134.591 0 0)
(134.722 0 0)
(134.853 0 0)
(134.985 0 0)
(135.118 0 0)
(135.251 0 0)
(135.385 0 0)
(135.519 0 0)
(135.653 0 0)
(135.788 0 0)
(135.923 0 0)
(136.059 0 0)
(136.195 0 0)
(136.332 0 0)
(136.469 0 0)
(136.607 0 0)
(136.745 0 0)
(136.883 0 0)
(137.022 0 0)
(137.161 0 0)
(137.301 0 0)
(137.441 0 0)
(137.581 0 0)
(137.722 0 0)
(137.863 0 0)
(138.005 0 0)
(138.147 0 0)
(138.289 0 0)
(138.432 0 0)
(138.575 0 0)
(138.719 0 0)
(138.863 0 0)
(139.007 0 0)
(139.151 0 0)
(139.296 0 0)
(139.442 0 0)
(139.587 0 0)
(139.733 0 0)
(139.88 0 0)
(140.026 0 0)
(140.173 0 0)
(140.321 0 0)
(140.468 0 0)
(140.616 0 0)
(140.765 0 0)
(140.914 0 0)
(141.063 0 0)
(141.212 0 0)
(141.361 0 0)
(141.511 0 0)
(141.662 0 0)
(141.812 0 0)
(141.963 0 0)
(142.114 0 0)
(142.266 0 0)
(142.418 0 0)
(142.57 0 0)
(142.722 0 0)
(142.875 0 0)
(143.028 0 0)
(143.181 0 0)
(143.335 0 0)
(143.489 0 0)
(143.643 0 0)
(143.797 0 0)
(143.952 0 0)
(144.107 0 0)
(144.262 0 0)
(144.418 0 0)
(144.574 0 0)
(144.733 0 0)
(145 0 0)
)
;

boundaryField
{
    sides
    {
        type            zeroGradient;
    }
    empty
    {
        type            empty;
    }
}


// ************************************************************************* //
