/*--------------------------------*- C++ -*----------------------------------*\
| =========                 |                                                 |
| \\      /  F ield         | OpenFOAM: The Open Source CFD Toolbox           |
|  \\    /   O peration     | Version:  2406                                  |
|   \\  /    A nd           | Website:  www.openfoam.com                      |
|    \\/     M anipulation  |                                                 |
\*---------------------------------------------------------------------------*/
FoamFile
{
    version     2.0;
    format      ascii;
    arch        "LSB;label=32;scalar=64";
    class       volScalarField;
    location    "0.046";
    object      mag(U);
}
// * * * * * * * * * * * * * * * * * * * * * * * * * * * * * * * * * * * * * //

dimensions      [0 1 -1 0 0 0 0];

internalField   nonuniform List<scalar> 
1000
(
19.2346
19.4855
19.8087
20.0752
20.3076
20.5377
20.7735
21.0121
21.2506
21.4885
21.7262
21.9638
22.2015
22.4391
22.6767
22.9142
23.1517
23.3891
23.6265
23.8638
24.101
24.3382
24.5753
24.8124
25.0493
25.2862
25.523
25.7598
25.9964
26.233
26.4695
26.7059
26.9422
27.1784
27.4144
27.6504
27.8863
28.122
28.3577
28.5932
28.8287
29.064
29.2991
29.5341
29.769
30.0038
30.2384
30.4728
30.7071
30.9413
31.1752
31.4091
31.6427
31.8762
32.1096
32.3427
32.5757
32.8085
33.0411
33.2735
33.5057
33.7378
33.9696
34.2011
34.4325
34.6636
34.8945
35.1252
35.3556
35.5858
35.8158
36.0455
36.2749
36.5041
36.733
36.9616
37.19
37.418
37.6458
37.8732
38.1004
38.3272
38.5537
38.7799
39.0057
39.2312
39.4563
39.6811
39.9054
40.1294
40.3531
40.5763
40.7991
41.0215
41.2434
41.465
41.686
41.9067
42.127
42.347
42.5664
42.7851
43.0032
43.2208
43.4378
43.6544
43.8704
44.0859
44.3008
44.5152
44.7291
44.9424
45.1551
45.3671
45.5786
45.7895
45.9997
46.2093
46.4182
46.6264
46.8339
47.0408
47.2469
47.4523
47.657
47.8609
48.0641
48.2665
48.4681
48.6689
48.8689
49.068
49.2663
49.4638
49.6604
49.8562
50.051
50.245
50.438
50.6301
50.8213
51.0115
51.2008
51.3891
51.5764
51.7627
51.948
52.1322
52.3155
52.4977
52.6789
52.859
53.038
53.216
53.3929
53.5687
53.7433
53.9169
54.0894
54.2607
54.431
54.6001
54.768
54.9348
55.1005
55.2651
55.4285
55.5907
55.7519
55.9118
56.0707
56.2284
56.385
56.5404
56.6947
56.8479
57
57.151
57.3009
57.4497
57.5975
57.7442
57.8898
58.0344
58.178
58.3205
58.4621
58.6027
58.7423
58.881
59.0187
59.1556
59.2916
59.4266
59.5609
59.6943
59.8269
59.9587
60.0898
60.2201
60.3496
60.4785
60.6067
60.7343
60.8612
60.9875
61.1132
61.2384
61.363
61.4871
61.6107
61.7338
61.8564
61.9786
62.1004
62.2218
62.3429
62.4635
62.5839
62.7039
62.8236
62.943
63.0621
63.181
63.2997
63.4181
63.5363
63.6544
63.7722
63.8899
64.0074
64.1248
64.2421
64.3592
64.4762
64.5931
64.71
64.8267
64.9434
65.0599
65.1765
65.293
65.4094
65.5258
65.6421
65.7585
65.8748
65.9911
66.1073
66.2236
66.3398
66.4561
66.5723
66.6886
66.8048
66.9211
67.0373
67.1536
67.2699
67.3862
67.5026
67.6189
67.7353
67.8517
67.9681
68.0846
68.201
68.3175
68.4341
68.5506
68.6672
68.7838
68.9005
69.0172
69.1339
69.2506
69.3674
69.4842
69.6011
69.7179
69.8349
69.9518
70.0688
70.1858
70.3029
70.42
70.5371
70.6542
70.7714
70.8887
71.0059
71.1232
71.2406
71.3579
71.4753
71.5928
71.7103
71.8278
71.9453
72.0629
72.1805
72.2982
72.4159
72.5336
72.6513
72.7691
72.887
73.0048
73.1227
73.2407
73.3586
73.4766
73.5947
73.7128
73.8309
73.949
74.0672
74.1854
74.3037
74.4219
74.5403
74.6586
74.777
74.8954
75.0139
75.1324
75.2509
75.3695
75.4881
75.6067
75.7254
75.8441
75.9628
76.0816
76.2004
76.3193
76.4382
76.5571
76.676
76.795
76.914
77.0331
77.1521
77.2713
77.3904
77.5096
77.6288
77.7481
77.8674
77.9867
78.1061
78.2255
78.3449
78.4644
78.5839
78.7034
78.823
78.9426
79.0622
79.1819
79.3016
79.4213
79.5411
79.6609
79.7808
79.9007
80.0206
80.1405
80.2605
80.3805
80.5005
80.6206
80.7407
80.8609
80.9811
81.1013
81.2215
81.3418
81.4622
81.5825
81.7029
81.8233
81.9438
82.0643
82.1848
82.3053
82.4259
82.5465
82.6672
82.7879
82.9086
83.0294
83.1501
83.271
83.3918
83.5127
83.6336
83.7546
83.8756
83.9966
84.1177
84.2387
84.3599
84.481
84.6022
84.7234
84.8447
84.966
85.0873
85.2086
85.33
85.4514
85.5729
85.6944
85.8159
85.9374
86.059
86.1806
86.3023
86.4239
86.5456
86.6674
86.7892
86.911
87.0328
87.1547
87.2766
87.3985
87.5205
87.6425
87.7646
87.8866
88.0087
88.1309
88.253
88.3752
88.4974
88.6197
88.742
88.8643
88.9867
89.1091
89.2315
89.354
89.4764
89.599
89.7215
89.8441
89.9667
90.0894
90.212
90.3348
90.4575
90.5803
90.7031
90.8259
90.9488
91.0717
91.1946
91.3176
91.4406
91.5636
91.6867
91.8098
91.9329
92.0561
92.1793
92.3025
92.4257
92.549
92.6723
92.7957
92.9191
93.0425
93.1659
93.2894
93.4129
93.5364
93.66
93.7836
93.9072
94.0309
94.1546
94.2783
94.402
94.5258
94.6496
94.7735
94.8974
95.0213
95.1452
95.2692
95.3932
95.5172
95.6413
95.7654
95.8895
96.0137
96.1379
96.2621
96.3864
96.5107
96.635
96.7593
96.8837
97.0081
97.1325
97.257
97.3815
97.5061
97.6306
97.7552
97.8798
98.0045
98.1292
98.2539
98.3786
98.5034
98.6282
98.7531
98.8779
99.0028
99.1278
99.2527
99.3777
99.5028
99.6278
99.7529
99.878
100.003
100.128
100.254
100.379
100.504
100.629
100.755
100.88
101.005
101.131
101.256
101.382
101.507
101.633
101.758
101.884
102.01
102.135
102.261
102.387
102.512
102.638
102.764
102.89
103.016
103.142
103.268
103.394
103.52
103.646
103.772
103.898
104.024
104.15
104.276
104.402
104.529
104.655
104.781
104.908
105.034
105.16
105.287
105.413
105.54
105.666
105.793
105.919
106.046
106.172
106.299
106.426
106.552
106.679
106.806
106.933
107.06
107.186
107.313
107.44
107.567
107.694
107.821
107.948
108.075
108.202
108.33
108.457
108.584
108.711
108.838
108.966
109.093
109.22
109.348
109.475
109.602
109.73
109.857
109.985
110.112
110.24
110.368
110.495
110.623
110.75
110.878
111.006
111.134
111.261
111.389
111.517
111.645
111.773
111.901
112.029
112.157
112.285
112.413
112.541
112.669
112.797
112.925
113.054
113.182
113.31
113.438
113.567
113.695
113.823
113.952
114.08
114.208
114.337
114.465
114.594
114.722
114.851
114.979
115.108
115.236
115.365
115.494
115.622
115.751
115.879
116.008
116.137
116.265
116.394
116.523
116.651
116.78
116.908
117.037
117.165
117.294
117.422
117.551
117.679
117.807
117.936
118.064
118.192
118.32
118.448
118.576
118.703
118.831
118.958
119.086
119.213
119.34
119.467
119.593
119.719
119.846
119.972
120.097
120.223
120.348
120.472
120.597
120.721
120.845
120.968
121.091
121.214
121.336
121.458
121.579
121.7
121.82
121.94
122.059
122.178
122.296
122.414
122.53
122.647
122.763
122.878
122.992
123.106
123.219
123.331
123.443
123.554
123.665
123.774
123.883
123.992
124.1
124.207
124.313
124.419
124.525
124.629
124.734
124.837
124.94
125.043
125.145
125.247
125.349
125.45
125.551
125.652
125.752
125.852
125.953
126.053
126.153
126.253
126.353
126.453
126.554
126.654
126.755
126.857
126.958
127.06
127.162
127.265
127.368
127.472
127.577
127.681
127.787
127.893
128
128.108
128.216
128.325
128.434
128.545
128.656
128.768
128.88
128.994
129.108
129.223
129.339
129.455
129.572
129.69
129.809
129.928
130.048
130.169
130.29
130.412
130.535
130.658
130.782
130.906
131.031
131.157
131.283
131.409
131.537
131.664
131.792
131.921
132.049
132.179
132.308
132.438
132.569
132.7
132.831
132.962
133.094
133.226
133.358
133.49
133.623
133.756
133.889
134.022
134.155
134.289
134.423
134.556
134.69
134.824
134.958
135.093
135.227
135.361
135.495
135.63
135.764
135.898
136.032
136.166
136.3
136.433
136.567
136.7
136.833
136.965
137.097
137.229
137.36
137.491
137.621
137.75
137.879
138.007
138.134
138.26
138.385
138.508
138.631
138.752
138.871
138.99
139.106
139.221
139.334
139.445
139.554
139.661
139.766
139.869
139.969
140.067
140.163
140.256
140.347
140.436
140.523
140.607
140.688
140.768
140.846
140.921
140.995
141.067
141.137
141.206
141.273
141.34
141.405
141.47
141.534
141.597
141.66
141.724
141.787
141.851
141.915
141.979
142.045
142.111
142.178
142.247
142.316
142.387
142.459
142.532
142.607
142.684
142.761
142.841
142.922
143.004
143.088
143.173
143.26
143.348
143.438
143.529
143.622
143.716
143.811
143.907
144.005
144.104
144.205
144.306
144.409
144.513
144.617
144.723
144.831
144.939
145.048
145.158
145.269
145.381
145.494
145.608
145.722
145.838
145.954
146.072
146.19
146.309
146.428
146.549
146.67
146.792
146.915
147.038
147.163
147.288
147.413
147.54
147.667
147.794
147.922
148.051
148.181
148.311
148.442
148.574
148.706
148.838
148.972
149.105
149.24
149.375
149.51
149.646
149.783
149.92
150.058
150.196
150.335
150.474
150.614
150.754
150.894
151.036
151.177
151.32
151.462
151.605
151.749
151.893
152.037
152.182
152.328
152.473
152.62
152.766
152.913
153.061
153.209
153.357
153.506
153.655
153.805
153.955
154.105
154.256
154.407
154.558
154.71
154.863
155.015
155.168
155.322
155.476
155.63
155.785
155.94
156.098
156.37
)
;

boundaryField
{
    sides
    {
        type            calculated;
        value           nonuniform List<scalar> 2(156.37 19.2346);
    }
    empty
    {
        type            empty;
    }
}


// ************************************************************************* //
