/*--------------------------------*- C++ -*----------------------------------*\
| =========                 |                                                 |
| \\      /  F ield         | OpenFOAM: The Open Source CFD Toolbox           |
|  \\    /   O peration     | Version:  2406                                  |
|   \\  /    A nd           | Website:  www.openfoam.com                      |
|    \\/     M anipulation  |                                                 |
\*---------------------------------------------------------------------------*/
FoamFile
{
    version     2.0;
    format      ascii;
    arch        "LSB;label=32;scalar=64";
    class       volScalarField;
    location    "0.046";
    object      p;
}
// * * * * * * * * * * * * * * * * * * * * * * * * * * * * * * * * * * * * * //

dimensions      [1 -1 -2 0 0 0 0];

internalField   nonuniform List<scalar> 
1000
(
9801.23
9800.14
9798.31
9796.71
9795.33
9794
9792.65
9791.3
9789.95
9788.61
9787.29
9785.97
9784.66
9783.36
9782.08
9780.8
9779.53
9778.27
9777.02
9775.78
9774.54
9773.32
9772.11
9770.91
9769.72
9768.54
9767.37
9766.21
9765.06
9763.92
9762.79
9761.67
9760.57
9759.47
9758.39
9757.31
9756.25
9755.2
9754.16
9753.13
9752.11
9751.11
9750.12
9749.14
9748.17
9747.21
9746.27
9745.34
9744.42
9743.52
9742.63
9741.75
9740.88
9740.03
9739.19
9738.37
9737.56
9736.77
9735.99
9735.22
9734.47
9733.73
9733.01
9732.31
9731.61
9730.94
9730.28
9729.64
9729.01
9728.4
9727.81
9727.24
9726.68
9726.14
9725.62
9725.11
9724.63
9724.16
9723.71
9723.28
9722.87
9722.48
9722.12
9721.77
9721.44
9721.14
9720.85
9720.59
9720.36
9720.14
9719.95
9719.78
9719.64
9719.52
9719.43
9719.36
9719.32
9719.31
9719.32
9719.35
9719.41
9719.5
9719.64
9719.8
9719.99
9720.21
9720.47
9720.75
9721.06
9721.41
9721.78
9722.19
9722.64
9723.11
9723.62
9724.17
9724.75
9725.37
9726.03
9726.72
9727.45
9728.22
9729.04
9729.89
9730.78
9731.71
9732.69
9733.7
9734.77
9735.87
9737.02
9738.22
9739.46
9740.75
9742.08
9743.47
9744.9
9746.38
9747.92
9749.5
9751.13
9752.82
9754.56
9756.35
9758.2
9760.1
9762.05
9764.06
9766.13
9768.25
9770.43
9772.67
9774.97
9777.33
9779.74
9782.22
9784.75
9787.35
9790
9792.72
9795.5
9798.34
9801.25
9804.21
9807.24
9810.33
9813.49
9816.7
9819.98
9823.33
9826.73
9830.2
9833.73
9837.33
9840.98
9844.7
9848.48
9852.32
9856.23
9860.19
9864.22
9868.3
9872.44
9876.65
9880.91
9885.22
9889.6
9894.03
9898.51
9903.05
9907.65
9912.29
9916.99
9921.74
9926.54
9931.38
9936.28
9941.22
9946.21
9951.24
9956.31
9961.43
9966.59
9971.79
9977.03
9982.31
9987.62
9992.97
9998.35
10003.8
10009.2
10014.7
10020.2
10025.8
10031.3
10036.9
10042.6
10048.2
10053.9
10059.6
10065.3
10071
10076.8
10082.6
10088.4
10094.2
10100.1
10105.9
10111.8
10117.7
10123.6
10129.5
10135.4
10141.4
10147.3
10153.3
10159.3
10165.3
10171.3
10177.3
10183.4
10189.4
10195.4
10201.5
10207.6
10213.6
10219.7
10225.8
10231.9
10238
10244.1
10250.3
10256.4
10262.5
10268.7
10274.8
10281
10287.1
10293.3
10299.5
10305.7
10311.9
10318.1
10324.3
10330.5
10336.7
10342.9
10349.1
10355.4
10361.6
10367.8
10374.1
10380.3
10386.6
10392.9
10399.1
10405.4
10411.7
10418
10424.2
10430.5
10436.8
10443.2
10449.5
10455.8
10462.1
10468.4
10474.8
10481.1
10487.5
10493.8
10500.2
10506.5
10512.9
10519.3
10525.6
10532
10538.4
10544.8
10551.2
10557.6
10564
10570.4
10576.8
10583.3
10589.7
10596.1
10602.6
10609
10615.5
10621.9
10628.4
10634.8
10641.3
10647.8
10654.3
10660.8
10667.3
10673.8
10680.3
10686.8
10693.3
10699.8
10706.3
10712.9
10719.4
10725.9
10732.5
10739
10745.6
10752.2
10758.7
10765.3
10771.9
10778.5
10785.1
10791.7
10798.3
10804.9
10811.5
10818.1
10824.7
10831.3
10838
10844.6
10851.3
10857.9
10864.6
10871.2
10877.9
10884.6
10891.2
10897.9
10904.6
10911.3
10918
10924.7
10931.4
10938.1
10944.9
10951.6
10958.3
10965
10971.8
10978.5
10985.3
10992
10998.8
11005.6
11012.4
11019.1
11025.9
11032.7
11039.5
11046.3
11053.1
11059.9
11066.8
11073.6
11080.4
11087.2
11094.1
11100.9
11107.8
11114.6
11121.5
11128.4
11135.3
11142.1
11149
11155.9
11162.8
11169.7
11176.6
11183.5
11190.5
11197.4
11204.3
11211.2
11218.2
11225.1
11232.1
11239
11246
11253
11259.9
11266.9
11273.9
11280.9
11287.9
11294.9
11301.9
11308.9
11316
11323
11330
11337
11344.1
11351.1
11358.2
11365.2
11372.3
11379.4
11386.5
11393.5
11400.6
11407.7
11414.8
11421.9
11429
11436.2
11443.3
11450.4
11457.5
11464.7
11471.8
11479
11486.1
11493.3
11500.5
11507.6
11514.8
11522
11529.2
11536.4
11543.6
11550.8
11558
11565.2
11572.4
11579.7
11586.9
11594.2
11601.4
11608.7
11615.9
11623.2
11630.5
11637.7
11645
11652.3
11659.6
11666.9
11674.2
11681.5
11688.8
11696.2
11703.5
11710.8
11718.2
11725.5
11732.9
11740.2
11747.6
11755
11762.3
11769.7
11777.1
11784.5
11791.9
11799.3
11806.7
11814.1
11821.5
11829
11836.4
11843.9
11851.3
11858.8
11866.2
11873.7
11881.1
11888.6
11896.1
11903.6
11911.1
11918.6
11926.1
11933.6
11941.1
11948.6
11956.2
11963.7
11971.2
11978.8
11986.3
11993.9
12001.5
12009
12016.6
12024.2
12031.8
12039.4
12047
12054.6
12062.2
12069.8
12077.5
12085.1
12092.7
12100.4
12108
12115.7
12123.3
12131
12138.7
12146.4
12154
12161.7
12169.4
12177.1
12184.8
12192.6
12200.3
12208
12215.7
12223.5
12231.2
12239
12246.7
12254.5
12262.3
12270
12277.8
12285.6
12293.4
12301.2
12309
12316.8
12324.7
12332.5
12340.3
12348.1
12356
12363.8
12371.7
12379.6
12387.4
12395.3
12403.2
12411.1
12419
12426.9
12434.8
12442.7
12450.6
12458.5
12466.5
12474.4
12482.3
12490.3
12498.2
12506.2
12514.2
12522.1
12530.1
12538.1
12546.1
12554.1
12562.1
12570.1
12578.1
12586.2
12594.2
12602.2
12610.3
12618.3
12626.4
12634.4
12642.5
12650.6
12658.7
12666.7
12674.8
12682.9
12691
12699.1
12707.3
12715.4
12723.5
12731.7
12739.8
12748
12756.1
12764.3
12772.4
12780.6
12788.8
12797
12805.2
12813.4
12821.6
12829.8
12838
12846.3
12854.5
12862.7
12871
12879.2
12887.5
12895.7
12904
12912.3
12920.6
12928.9
12937.2
12945.5
12953.8
12962.1
12970.4
12978.8
12987.1
12995.4
13003.8
13012.1
13020.5
13028.9
13037.2
13045.6
13054
13062.4
13070.8
13079.2
13087.7
13096.1
13104.5
13112.9
13121.4
13129.8
13138.3
13146.8
13155.3
13163.7
13172.2
13180.7
13189.2
13197.8
13206.3
13214.8
13223.4
13231.9
13240.5
13249
13257.6
13266.2
13274.8
13283.4
13292.1
13300.7
13309.3
13318
13326.7
13335.4
13344.1
13352.8
13361.5
13370.3
13379
13387.8
13396.6
13405.4
13414.3
13423.1
13432
13440.9
13449.9
13458.8
13467.8
13476.8
13485.8
13494.9
13504
13513.1
13522.3
13531.5
13540.7
13550
13559.3
13568.6
13578
13587.5
13596.9
13606.4
13616
13625.6
13635.3
13645
13654.7
13664.6
13674.4
13684.3
13694.3
13704.3
13714.4
13724.5
13734.7
13745
13755.3
13765.6
13776.1
13786.5
13797.1
13807.6
13818.3
13829
13839.7
13850.5
13861.4
13872.3
13883.2
13894.2
13905.2
13916.3
13927.4
13938.5
13949.7
13960.9
13972.1
13983.4
13994.6
14005.9
14017.2
14028.5
14039.9
14051.2
14062.5
14073.8
14085.2
14096.5
14107.8
14119.1
14130.3
14141.6
14152.8
14164
14175.2
14186.4
14197.5
14208.6
14219.6
14230.7
14241.6
14252.6
14263.5
14274.3
14285.2
14296
14306.7
14317.4
14328
14338.7
14349.2
14359.8
14370.2
14380.7
14391.1
14401.5
14411.8
14422.1
14432.3
14442.5
14452.7
14462.9
14473
14483.1
14493.1
14503.1
14513.1
14523.1
14533
14542.9
14552.8
14562.7
14572.6
14582.4
14592.2
14602
14611.8
14621.5
14631.3
14641
14650.8
14660.5
14670.2
14679.9
14689.6
14699.3
14709
14718.6
14728.3
14738
14747.6
14757.3
14767
14776.7
14786.4
14796
14805.7
14815.4
14825.1
14834.8
14844.6
14854.3
14864.1
14873.8
14883.6
14893.5
14903.3
14913.2
14923.1
14933
14943
14953
14963
14973.1
14983.3
14993.5
15003.8
15014.1
15024.6
15035.1
15045.7
15056.4
15067.2
15078.1
15089.1
15100.2
15111.5
15122.9
15134.5
15146.2
15158.1
15170.1
15182.3
15194.7
15207.3
15220
15233
15246.1
15259.4
15272.9
15286.6
15300.5
15314.6
15328.9
15343.3
15357.9
15372.7
15387.6
15402.6
15417.8
15433.1
15448.5
15464
15479.6
15495.2
15510.9
15526.7
15542.4
15558.2
15574
15589.8
15605.5
15621.2
15636.9
15652.5
15668
15683.5
15698.9
15714.2
15729.4
15744.6
15759.6
15774.5
15789.4
15804.1
15818.8
15833.4
15847.8
15862.2
15876.4
15890.6
15904.7
15918.6
15932.5
15946.3
15960
15973.7
15987.2
16000.7
16014.1
16027.4
16040.6
16053.8
16066.9
16079.9
16092.9
16105.8
16118.6
16131.4
16144.1
16156.7
16169.3
16181.9
16194.3
16206.8
16219.1
16231.4
16243.7
16255.9
16268.1
16280.2
16292.3
16304.3
16316.3
16328.2
16340.1
16351.9
16363.7
16375.5
16387.2
16398.9
16410.5
16422.1
16433.7
16445.2
16456.7
16468.1
16479.5
16490.9
16502.2
16513.5
16524.8
16536
16547.2
16558.4
16569.5
16580.6
16591.7
16602.7
16613.7
16624.7
16635.7
16646.6
16657.5
16668.3
16679.2
16690
16700.7
16711.5
16722.2
16732.9
16743.6
16754.2
16764.8
16775.4
16786
16796.5
16807
16817.5
16828
16838.4
16848.8
16859.2
16869.6
16880
16890.3
16900.6
16910.9
16921.1
16931.3
16941.6
16951.7
16961.9
16972.1
16982.2
16992.3
17002.3
17012.4
17022.2
)
;

boundaryField
{
    sides
    {
        type            zeroGradient;
    }
    empty
    {
        type            empty;
    }
}


// ************************************************************************* //
