/*--------------------------------*- C++ -*----------------------------------*\
| =========                 |                                                 |
| \\      /  F ield         | OpenFOAM: The Open Source CFD Toolbox           |
|  \\    /   O peration     | Version:  2406                                  |
|   \\  /    A nd           | Website:  www.openfoam.com                      |
|    \\/     M anipulation  |                                                 |
\*---------------------------------------------------------------------------*/
FoamFile
{
    version     2.0;
    format      ascii;
    arch        "LSB;label=32;scalar=64";
    class       surfaceScalarField;
    location    "0.046";
    object      phi;
}
// * * * * * * * * * * * * * * * * * * * * * * * * * * * * * * * * * * * * * //

dimensions      [1 0 -1 0 0 0 0];

oriented        oriented;

internalField   nonuniform List<scalar> 
999
(
14.9283
15.1072
15.286
15.4647
15.6433
15.8218
16.0001
16.1784
16.3566
16.5347
16.7126
16.8905
17.0682
17.2458
17.4233
17.6008
17.7781
17.9554
18.1324
18.3093
18.4861
18.6629
18.8396
19.0161
19.1926
19.3688
19.5449
19.7208
19.8966
20.0723
20.248
20.4236
20.5991
20.7745
20.9497
21.1246
21.2994
21.4739
21.6482
21.8225
21.9967
22.1709
22.345
22.5192
22.6932
22.8671
23.0409
23.2143
23.3875
23.5604
23.7329
23.9052
24.0772
24.249
24.4207
24.5923
24.7639
24.9355
25.1073
25.2792
25.4512
25.6234
25.7957
25.968
26.1403
26.3126
26.4848
26.6569
26.8288
27.0007
27.1725
27.3443
27.516
27.6877
27.8595
28.0313
28.2028
28.3741
28.5453
28.7162
28.887
29.0575
29.2279
29.398
29.5679
29.7375
29.907
30.0762
30.2451
30.4139
30.5823
30.7505
30.9185
31.0862
31.2536
31.4207
31.5876
31.7542
31.9206
32.0867
32.2525
32.4178
32.5828
32.7475
32.9119
33.076
33.2397
33.4031
33.5662
33.729
33.8914
34.0535
34.2152
34.3766
34.5376
34.6982
34.8584
35.0183
35.1777
35.3368
35.4954
35.6537
35.8115
35.9689
36.1258
36.2823
36.4384
36.594
36.7492
36.9039
37.0581
37.2118
37.3651
37.5178
37.6701
37.8219
37.9731
38.1239
38.2741
38.4238
38.5729
38.7215
38.8696
39.0171
39.1641
39.3104
39.4563
39.6015
39.7462
39.8903
40.0337
40.1767
40.319
40.4607
40.6018
40.7423
40.8821
41.0214
41.1601
41.2981
41.4355
41.5723
41.7085
41.8441
41.979
42.1134
42.2471
42.3801
42.5126
42.6444
42.7757
42.9063
43.0363
43.1658
43.2946
43.4228
43.5504
43.6775
43.804
43.9299
44.0553
44.1801
44.3043
44.4281
44.5513
44.674
44.7961
44.9178
45.039
45.1597
45.28
45.3998
45.5192
45.6381
45.7567
45.8748
45.9926
46.1099
46.2269
46.3436
46.4599
46.576
46.6917
46.8071
46.9222
47.0371
47.1517
47.2661
47.3803
47.4942
47.608
47.7215
47.8349
47.9482
48.0613
48.1742
48.287
48.3998
48.5124
48.6249
48.7374
48.8497
48.9621
49.0743
49.1866
49.2988
49.4109
49.5231
49.6353
49.7474
49.8596
49.9718
50.084
50.1962
50.3085
50.4208
50.5331
50.6455
50.758
50.8705
50.9831
51.0958
51.2085
51.3213
51.4342
51.5471
51.6602
51.7733
51.8866
51.9999
52.1133
52.2269
52.3405
52.4542
52.568
52.682
52.796
52.9102
53.0245
53.1388
53.2533
53.3679
53.4826
53.5975
53.7124
53.8275
53.9427
54.058
54.1734
54.2889
54.4046
54.5204
54.6363
54.7523
54.8685
54.9847
55.1011
55.2176
55.3343
55.451
55.5679
55.6849
55.8021
55.9193
56.0367
56.1542
56.2718
56.3896
56.5075
56.6255
56.7436
56.8619
56.9802
57.0988
57.2174
57.3361
57.455
57.574
57.6932
57.8124
57.9318
58.0513
58.171
58.2908
58.4107
58.5307
58.6508
58.7711
58.8915
59.0121
59.1327
59.2535
59.3744
59.4955
59.6166
59.7379
59.8594
59.9809
60.1026
60.2244
60.3464
60.4684
60.5906
60.7129
60.8354
60.958
61.0807
61.2035
61.3265
61.4496
61.5728
61.6962
61.8197
61.9433
62.0671
62.1909
62.315
62.4391
62.5634
62.6878
62.8123
62.937
63.0618
63.1867
63.3117
63.4369
63.5623
63.6877
63.8133
63.939
64.0648
64.1908
64.3169
64.4432
64.5695
64.696
64.8227
64.9494
65.0763
65.2034
65.3305
65.4578
65.5853
65.7128
65.8405
65.9684
66.0963
66.2244
66.3527
66.481
66.6095
66.7382
66.8669
66.9958
67.1249
67.254
67.3833
67.5128
67.6423
67.7721
67.9019
68.0319
68.162
68.2922
68.4226
68.5531
68.6838
68.8146
68.9455
69.0765
69.2077
69.3391
69.4705
69.6021
69.7339
69.8657
69.9978
70.1299
70.2622
70.3946
70.5272
70.6599
70.7927
70.9257
71.0588
71.192
71.3254
71.4589
71.5925
71.7263
71.8603
71.9943
72.1285
72.2629
72.3974
72.532
72.6667
72.8016
72.9367
73.0719
73.2072
73.3426
73.4782
73.6139
73.7498
73.8858
74.022
74.1583
74.2947
74.4313
74.568
74.7048
74.8418
74.9789
75.1162
75.2536
75.3912
75.5289
75.6667
75.8047
75.9428
76.081
76.2194
76.358
76.4966
76.6355
76.7744
76.9135
77.0528
77.1922
77.3317
77.4714
77.6112
77.7511
77.8912
78.0315
78.1719
78.3124
78.4531
78.5939
78.7349
78.876
79.0172
79.1586
79.3001
79.4418
79.5836
79.7256
79.8677
80.0099
80.1523
80.2949
80.4376
80.5804
80.7234
80.8665
81.0098
81.1532
81.2967
81.4405
81.5843
81.7283
81.8724
82.0167
82.1612
82.3057
82.4505
82.5953
82.7403
82.8855
83.0308
83.1763
83.3219
83.4676
83.6135
83.7596
83.9058
84.0521
84.1986
84.3453
84.492
84.639
84.7861
84.9333
85.0807
85.2282
85.3759
85.5237
85.6717
85.8198
85.9681
86.1165
86.265
86.4138
86.5626
86.7116
86.8608
87.0101
87.1596
87.3092
87.459
87.6089
87.759
87.9092
88.0596
88.2101
88.3608
88.5116
88.6626
88.8137
88.965
89.1164
89.268
89.4197
89.5716
89.7236
89.8758
90.0282
90.1807
90.3333
90.4861
90.6391
90.7922
90.9454
91.0988
91.2524
91.4061
91.56
91.714
91.8682
92.0225
92.177
92.3317
92.4865
92.6414
92.7965
92.9518
93.1072
93.2628
93.4185
93.5744
93.7304
93.8866
94.043
94.1995
94.3561
94.5129
94.6699
94.827
94.9843
95.1417
95.2993
95.4571
95.615
95.7731
95.9313
96.0897
96.2482
96.4069
96.5658
96.7248
96.8839
97.0433
97.2027
97.3624
97.5222
97.6821
97.8423
98.0025
98.163
98.3236
98.4843
98.6452
98.8063
98.9675
99.1289
99.2905
99.4522
99.614
99.7761
99.9383
100.101
100.263
100.426
100.589
100.752
100.915
101.078
101.242
101.405
101.569
101.733
101.897
102.061
102.226
102.39
102.555
102.72
102.885
103.05
103.216
103.381
103.547
103.713
103.879
104.045
104.212
104.378
104.545
104.712
104.879
105.046
105.213
105.381
105.549
105.717
105.885
106.053
106.221
106.39
106.558
106.727
106.896
107.065
107.235
107.404
107.574
107.744
107.913
108.084
108.254
108.424
108.595
108.766
108.937
109.108
109.279
109.45
109.622
109.793
109.965
110.137
110.309
110.481
110.654
110.826
110.999
111.172
111.344
111.517
111.69
111.864
112.037
112.21
112.384
112.558
112.731
112.905
113.079
113.253
113.427
113.601
113.775
113.949
114.124
114.298
114.472
114.646
114.821
114.995
115.169
115.344
115.518
115.692
115.866
116.04
116.214
116.388
116.562
116.736
116.909
117.083
117.256
117.429
117.602
117.775
117.948
118.121
118.293
118.466
118.638
118.81
118.981
119.153
119.324
119.495
119.666
119.837
120.008
120.178
120.348
120.518
120.688
120.857
121.027
121.196
121.366
121.535
121.704
121.873
122.041
122.21
122.379
122.548
122.716
122.885
123.054
123.223
123.392
123.561
123.73
123.9
124.069
124.239
124.409
124.58
124.75
124.921
125.093
125.265
125.437
125.609
125.782
125.956
126.13
126.304
126.479
126.654
126.83
127.007
127.184
127.361
127.54
127.718
127.898
128.078
128.258
128.439
128.621
128.803
128.986
129.17
129.354
129.538
129.723
129.909
130.095
130.282
130.47
130.658
130.846
131.035
131.224
131.414
131.605
131.796
131.987
132.179
132.371
132.564
132.757
132.951
133.145
133.339
133.534
133.729
133.924
134.12
134.317
134.513
134.71
134.907
135.105
135.303
135.501
135.699
135.898
136.097
136.296
136.496
136.695
136.896
137.096
137.296
137.497
137.698
137.899
138.1
138.302
138.504
138.705
138.907
139.11
139.312
139.514
139.717
139.919
140.122
140.324
140.527
140.73
140.932
141.135
141.337
141.539
141.742
141.943
142.145
142.347
142.548
142.748
142.949
143.148
143.348
143.546
143.745
143.942
144.139
144.335
144.53
144.724
144.918
145.11
145.302
145.492
145.682
145.87
146.058
146.244
146.43
146.614
146.797
146.979
147.161
147.341
147.521
147.699
147.877
148.054
148.231
148.407
148.582
148.758
148.932
149.107
149.282
149.457
149.632
149.807
149.982
150.158
150.335
150.512
150.689
150.867
151.046
151.226
151.407
151.589
151.771
151.955
152.139
152.325
152.511
152.699
152.887
153.077
153.267
153.459
153.651
153.845
154.039
154.235
154.431
154.629
154.827
155.026
155.226
155.427
155.629
155.832
156.035
156.24
156.445
156.651
156.857
157.065
157.273
157.482
157.692
157.902
158.113
158.325
158.537
158.75
158.964
159.178
159.393
159.609
159.826
160.043
160.26
160.478
160.697
160.916
161.136
161.357
161.578
161.8
162.022
162.245
162.468
162.692
162.917
163.142
163.367
163.594
163.82
164.047
164.275
164.503
164.732
164.961
165.191
165.421
165.652
165.883
166.115
166.347
166.579
166.812
167.046
167.28
167.515
167.75
167.985
168.221
168.457
168.694
168.931
169.169
169.407
169.646
169.885
170.124
170.364
170.604
170.845
171.086
171.328
171.57
171.812
172.055
172.298
172.542
172.786
173.03
173.275
173.52
173.766
174.012
174.258
174.505
174.753
175
175.248
175.497
175.745
175.995
)
;

boundaryField
{
    sides
    {
        type            calculated;
        value           nonuniform List<scalar> 2(176.244 -14.7493);
    }
    empty
    {
        type            empty;
    }
}


// ************************************************************************* //
