/*--------------------------------*- C++ -*----------------------------------*\
| =========                 |                                                 |
| \\      /  F ield         | OpenFOAM: The Open Source CFD Toolbox           |
|  \\    /   O peration     | Version:  2406                                  |
|   \\  /    A nd           | Website:  www.openfoam.com                      |
|    \\/     M anipulation  |                                                 |
\*---------------------------------------------------------------------------*/
FoamFile
{
    version     2.0;
    format      ascii;
    arch        "LSB;label=32;scalar=64";
    class       volScalarField;
    location    "0.046";
    object      T;
}
// * * * * * * * * * * * * * * * * * * * * * * * * * * * * * * * * * * * * * //

dimensions      [0 0 0 1 0 0 0];

internalField   nonuniform List<scalar> 
1000
(
177.685
177.696
177.711
177.727
177.744
177.762
177.779
177.797
177.815
177.833
177.85
177.868
177.886
177.905
177.923
177.941
177.959
177.977
177.995
178.014
178.033
178.052
178.07
178.088
178.106
178.124
178.143
178.163
178.182
178.202
178.22
178.238
178.256
178.273
178.291
178.309
178.329
178.349
178.37
178.39
178.41
178.429
178.447
178.464
178.48
178.496
178.512
178.528
178.546
178.565
178.585
178.606
178.628
178.65
178.673
178.694
178.715
178.734
178.752
178.767
178.78
178.792
178.801
178.808
178.814
178.819
178.824
178.828
178.832
178.835
178.838
178.84
178.841
178.841
178.84
178.838
178.835
178.833
178.83
178.828
178.826
178.824
178.822
178.82
178.818
178.816
178.815
178.813
178.812
178.811
178.809
178.809
178.808
178.807
178.806
178.806
178.806
178.806
178.806
178.806
178.806
178.806
178.807
178.808
178.809
178.81
178.811
178.812
178.814
178.816
178.818
178.82
178.822
178.824
178.827
178.83
178.833
178.836
178.839
178.843
178.847
178.851
178.855
178.859
178.864
178.869
178.874
178.879
178.885
178.89
178.896
178.902
178.909
178.916
178.923
178.93
178.937
178.945
178.953
178.961
178.97
178.979
178.988
178.997
179.007
179.016
179.027
179.037
179.048
179.059
179.07
179.082
179.094
179.106
179.119
179.132
179.145
179.159
179.173
179.187
179.201
179.216
179.231
179.247
179.262
179.278
179.295
179.312
179.329
179.346
179.364
179.382
179.4
179.419
179.438
179.457
179.477
179.497
179.517
179.538
179.559
179.58
179.602
179.623
179.646
179.668
179.691
179.714
179.737
179.76
179.784
179.808
179.833
179.857
179.882
179.907
179.933
179.958
179.984
180.01
180.036
180.063
180.089
180.116
180.143
180.17
180.198
180.225
180.253
180.281
180.309
180.337
180.365
180.394
180.423
180.451
180.48
180.509
180.538
180.568
180.597
180.626
180.656
180.686
180.715
180.745
180.775
180.805
180.835
180.865
180.895
180.925
180.956
180.986
181.016
181.047
181.077
181.108
181.138
181.169
181.2
181.23
181.261
181.292
181.323
181.354
181.384
181.415
181.446
181.477
181.508
181.539
181.57
181.601
181.632
181.663
181.695
181.726
181.757
181.788
181.819
181.85
181.882
181.913
181.944
181.975
182.007
182.038
182.069
182.101
182.132
182.163
182.195
182.226
182.257
182.289
182.32
182.352
182.383
182.415
182.446
182.478
182.509
182.541
182.572
182.604
182.635
182.667
182.699
182.73
182.762
182.793
182.825
182.857
182.888
182.92
182.952
182.983
183.015
183.047
183.079
183.11
183.142
183.174
183.206
183.238
183.269
183.301
183.333
183.365
183.397
183.429
183.461
183.493
183.524
183.556
183.588
183.62
183.652
183.684
183.716
183.748
183.78
183.812
183.844
183.877
183.909
183.941
183.973
184.005
184.037
184.069
184.101
184.134
184.166
184.198
184.23
184.262
184.295
184.327
184.359
184.391
184.424
184.456
184.488
184.521
184.553
184.585
184.618
184.65
184.682
184.715
184.747
184.78
184.812
184.845
184.877
184.909
184.942
184.974
185.007
185.039
185.072
185.105
185.137
185.17
185.202
185.235
185.267
185.3
185.333
185.365
185.398
185.431
185.463
185.496
185.529
185.561
185.594
185.627
185.66
185.692
185.725
185.758
185.791
185.824
185.856
185.889
185.922
185.955
185.988
186.021
186.054
186.087
186.119
186.152
186.185
186.218
186.251
186.284
186.317
186.35
186.383
186.416
186.449
186.483
186.516
186.549
186.582
186.615
186.648
186.681
186.714
186.747
186.781
186.814
186.847
186.88
186.913
186.947
186.98
187.013
187.046
187.08
187.113
187.146
187.18
187.213
187.246
187.28
187.313
187.346
187.38
187.413
187.447
187.48
187.513
187.547
187.58
187.614
187.647
187.681
187.714
187.748
187.781
187.815
187.848
187.882
187.916
187.949
187.983
188.017
188.05
188.084
188.117
188.151
188.185
188.219
188.252
188.286
188.32
188.353
188.387
188.421
188.455
188.489
188.522
188.556
188.59
188.624
188.658
188.692
188.725
188.759
188.793
188.827
188.861
188.895
188.929
188.963
188.997
189.031
189.065
189.099
189.133
189.167
189.201
189.235
189.269
189.303
189.337
189.371
189.405
189.44
189.474
189.508
189.542
189.576
189.61
189.645
189.679
189.713
189.747
189.781
189.816
189.85
189.884
189.919
189.953
189.987
190.022
190.056
190.09
190.125
190.159
190.193
190.228
190.262
190.297
190.331
190.366
190.4
190.434
190.469
190.503
190.538
190.573
190.607
190.642
190.676
190.711
190.745
190.78
190.815
190.849
190.884
190.918
190.953
190.988
191.022
191.057
191.092
191.127
191.161
191.196
191.231
191.266
191.3
191.335
191.37
191.405
191.44
191.474
191.509
191.544
191.579
191.614
191.649
191.684
191.719
191.753
191.788
191.823
191.858
191.893
191.928
191.963
191.998
192.033
192.068
192.103
192.138
192.174
192.209
192.244
192.279
192.314
192.349
192.384
192.419
192.455
192.49
192.525
192.56
192.595
192.631
192.666
192.701
192.736
192.772
192.807
192.842
192.878
192.913
192.948
192.984
193.019
193.054
193.09
193.125
193.16
193.196
193.231
193.267
193.302
193.338
193.373
193.409
193.444
193.48
193.515
193.551
193.586
193.622
193.657
193.693
193.729
193.764
193.8
193.835
193.871
193.907
193.942
193.978
194.014
194.049
194.085
194.121
194.157
194.192
194.228
194.264
194.3
194.336
194.371
194.407
194.443
194.479
194.515
194.551
194.587
194.622
194.658
194.694
194.73
194.766
194.802
194.838
194.874
194.91
194.946
194.982
195.018
195.054
195.091
195.127
195.163
195.199
195.235
195.271
195.308
195.344
195.38
195.417
195.453
195.489
195.525
195.562
195.598
195.635
195.671
195.708
195.744
195.782
195.818
195.855
195.891
195.929
195.965
196.003
196.039
196.077
196.113
196.152
196.187
196.227
196.262
196.303
196.337
196.379
196.412
196.455
196.487
196.532
196.564
196.609
196.64
196.687
196.717
196.766
196.795
196.845
196.873
196.925
196.952
197.005
197.032
197.086
197.113
197.168
197.195
197.25
197.278
197.333
197.361
197.417
197.446
197.502
197.531
197.588
197.617
197.674
197.704
197.762
197.791
197.85
197.88
197.939
197.969
198.028
198.058
198.118
198.149
198.209
198.24
198.3
198.331
198.392
198.422
198.484
198.514
198.576
198.606
198.668
198.698
198.76
198.79
198.851
198.882
198.943
198.973
199.034
199.065
199.125
199.155
199.215
199.245
199.305
199.335
199.394
199.424
199.483
199.512
199.571
199.6
199.658
199.686
199.744
199.772
199.829
199.858
199.914
199.942
199.998
200.026
200.081
200.109
200.164
200.191
200.246
200.273
200.327
200.354
200.407
200.434
200.487
200.514
200.567
200.593
200.646
200.672
200.724
200.75
200.803
200.828
200.88
200.906
200.958
200.983
201.035
201.06
201.112
201.137
201.188
201.214
201.265
201.29
201.341
201.366
201.417
201.442
201.493
201.518
201.569
201.594
201.645
201.67
201.721
201.746
201.797
201.822
201.873
201.898
201.949
201.975
202.026
202.051
202.103
202.128
202.18
202.205
202.257
202.283
202.335
202.362
202.414
202.441
202.494
202.521
202.575
202.602
202.657
202.685
202.74
202.769
202.825
202.854
202.912
202.942
203.001
203.032
203.092
203.124
203.186
203.218
203.282
203.315
203.382
203.415
203.483
203.518
203.588
203.624
203.695
203.732
203.805
203.843
203.918
203.956
204.032
204.071
204.148
204.188
204.266
204.306
204.385
204.424
204.504
204.544
204.623
204.663
204.742
204.782
204.861
204.9
204.978
205.017
205.095
205.133
205.21
205.248
205.324
205.361
205.436
205.473
205.546
205.583
205.655
205.691
205.762
205.798
205.868
205.903
205.972
206.007
206.075
206.109
206.176
206.21
206.277
206.309
206.375
206.408
206.473
206.505
206.569
206.601
206.665
206.696
206.759
206.79
206.852
206.883
206.945
206.975
207.036
207.066
207.127
207.156
207.216
207.246
207.305
207.334
207.393
207.422
207.481
207.509
207.567
207.596
207.653
207.681
207.738
207.766
207.823
207.851
207.907
207.934
207.99
208.017
208.072
208.1
208.154
208.182
208.236
208.263
208.317
208.344
208.397
208.424
208.477
208.503
208.556
208.582
208.635
208.661
208.713
208.739
208.791
208.817
208.868
208.894
208.945
208.971
209.022
209.047
209.097
209.123
209.173
209.198
209.248
209.273
209.323
209.347
209.397
209.421
209.471
209.495
209.544
209.568
209.617
209.641
209.69
209.714
209.762
209.786
209.834
209.857
209.911
209.923
210.001
)
;

boundaryField
{
    sides
    {
        type            zeroGradient;
    }
    empty
    {
        type            empty;
    }
}


// ************************************************************************* //
