/*--------------------------------*- C++ -*----------------------------------*\
| =========                 |                                                 |
| \\      /  F ield         | OpenFOAM: The Open Source CFD Toolbox           |
|  \\    /   O peration     | Version:  2406                                  |
|   \\  /    A nd           | Website:  www.openfoam.com                      |
|    \\/     M anipulation  |                                                 |
\*---------------------------------------------------------------------------*/
FoamFile
{
    version     2.0;
    format      ascii;
    arch        "LSB;label=32;scalar=64";
    class       volVectorField;
    location    "0.046";
    object      U;
}
// * * * * * * * * * * * * * * * * * * * * * * * * * * * * * * * * * * * * * //

dimensions      [0 1 -1 0 0 0 0];

internalField   nonuniform List<vector> 
1000
(
(19.2346 0 0)
(19.4855 0 0)
(19.8087 0 0)
(20.0752 0 0)
(20.3076 0 0)
(20.5377 0 0)
(20.7735 0 0)
(21.0121 0 0)
(21.2506 0 0)
(21.4885 0 0)
(21.7262 0 0)
(21.9638 0 0)
(22.2015 0 0)
(22.4391 0 0)
(22.6767 0 0)
(22.9142 0 0)
(23.1517 0 0)
(23.3891 0 0)
(23.6265 0 0)
(23.8638 0 0)
(24.101 0 0)
(24.3382 0 0)
(24.5753 0 0)
(24.8124 0 0)
(25.0493 0 0)
(25.2862 0 0)
(25.523 0 0)
(25.7598 0 0)
(25.9964 0 0)
(26.233 0 0)
(26.4695 0 0)
(26.7059 0 0)
(26.9422 0 0)
(27.1784 0 0)
(27.4144 0 0)
(27.6504 0 0)
(27.8863 0 0)
(28.122 0 0)
(28.3577 0 0)
(28.5932 0 0)
(28.8287 0 0)
(29.064 0 0)
(29.2991 0 0)
(29.5341 0 0)
(29.769 0 0)
(30.0038 0 0)
(30.2384 0 0)
(30.4728 0 0)
(30.7071 0 0)
(30.9413 0 0)
(31.1752 0 0)
(31.4091 0 0)
(31.6427 0 0)
(31.8762 0 0)
(32.1096 0 0)
(32.3427 0 0)
(32.5757 0 0)
(32.8085 0 0)
(33.0411 0 0)
(33.2735 0 0)
(33.5057 0 0)
(33.7378 0 0)
(33.9696 0 0)
(34.2011 0 0)
(34.4325 0 0)
(34.6636 0 0)
(34.8945 0 0)
(35.1252 0 0)
(35.3556 0 0)
(35.5858 0 0)
(35.8158 0 0)
(36.0455 0 0)
(36.2749 0 0)
(36.5041 0 0)
(36.733 0 0)
(36.9616 0 0)
(37.19 0 0)
(37.418 0 0)
(37.6458 0 0)
(37.8732 0 0)
(38.1004 0 0)
(38.3272 0 0)
(38.5537 0 0)
(38.7799 0 0)
(39.0057 0 0)
(39.2312 0 0)
(39.4563 0 0)
(39.6811 0 0)
(39.9054 0 0)
(40.1294 0 0)
(40.3531 0 0)
(40.5763 0 0)
(40.7991 0 0)
(41.0215 0 0)
(41.2434 0 0)
(41.465 0 0)
(41.686 0 0)
(41.9067 0 0)
(42.127 0 0)
(42.347 0 0)
(42.5664 0 0)
(42.7851 0 0)
(43.0032 0 0)
(43.2208 0 0)
(43.4378 0 0)
(43.6544 0 0)
(43.8704 0 0)
(44.0859 0 0)
(44.3008 0 0)
(44.5152 0 0)
(44.7291 0 0)
(44.9424 0 0)
(45.1551 0 0)
(45.3671 0 0)
(45.5786 0 0)
(45.7895 0 0)
(45.9997 0 0)
(46.2093 0 0)
(46.4182 0 0)
(46.6264 0 0)
(46.8339 0 0)
(47.0408 0 0)
(47.2469 0 0)
(47.4523 0 0)
(47.657 0 0)
(47.8609 0 0)
(48.0641 0 0)
(48.2665 0 0)
(48.4681 0 0)
(48.6689 0 0)
(48.8689 0 0)
(49.068 0 0)
(49.2663 0 0)
(49.4638 0 0)
(49.6604 0 0)
(49.8562 0 0)
(50.051 0 0)
(50.245 0 0)
(50.438 0 0)
(50.6301 0 0)
(50.8213 0 0)
(51.0115 0 0)
(51.2008 0 0)
(51.3891 0 0)
(51.5764 0 0)
(51.7627 0 0)
(51.948 0 0)
(52.1322 0 0)
(52.3155 0 0)
(52.4977 0 0)
(52.6789 0 0)
(52.859 0 0)
(53.038 0 0)
(53.216 0 0)
(53.3929 0 0)
(53.5687 0 0)
(53.7433 0 0)
(53.9169 0 0)
(54.0894 0 0)
(54.2607 0 0)
(54.431 0 0)
(54.6001 0 0)
(54.768 0 0)
(54.9348 0 0)
(55.1005 0 0)
(55.2651 0 0)
(55.4285 0 0)
(55.5907 0 0)
(55.7519 0 0)
(55.9118 0 0)
(56.0707 0 0)
(56.2284 0 0)
(56.385 0 0)
(56.5404 0 0)
(56.6947 0 0)
(56.8479 0 0)
(57 0 0)
(57.151 0 0)
(57.3009 0 0)
(57.4497 0 0)
(57.5975 0 0)
(57.7442 0 0)
(57.8898 0 0)
(58.0344 0 0)
(58.178 0 0)
(58.3205 0 0)
(58.4621 0 0)
(58.6027 0 0)
(58.7423 0 0)
(58.881 0 0)
(59.0187 0 0)
(59.1556 0 0)
(59.2916 0 0)
(59.4266 0 0)
(59.5609 0 0)
(59.6943 0 0)
(59.8269 0 0)
(59.9587 0 0)
(60.0898 0 0)
(60.2201 0 0)
(60.3496 0 0)
(60.4785 0 0)
(60.6067 0 0)
(60.7343 0 0)
(60.8612 0 0)
(60.9875 0 0)
(61.1132 0 0)
(61.2384 0 0)
(61.363 0 0)
(61.4871 0 0)
(61.6107 0 0)
(61.7338 0 0)
(61.8564 0 0)
(61.9786 0 0)
(62.1004 0 0)
(62.2218 0 0)
(62.3429 0 0)
(62.4635 0 0)
(62.5839 0 0)
(62.7039 0 0)
(62.8236 0 0)
(62.943 0 0)
(63.0621 0 0)
(63.181 0 0)
(63.2997 0 0)
(63.4181 0 0)
(63.5363 0 0)
(63.6544 0 0)
(63.7722 0 0)
(63.8899 0 0)
(64.0074 0 0)
(64.1248 0 0)
(64.2421 0 0)
(64.3592 0 0)
(64.4762 0 0)
(64.5931 0 0)
(64.71 0 0)
(64.8267 0 0)
(64.9434 0 0)
(65.0599 0 0)
(65.1765 0 0)
(65.293 0 0)
(65.4094 0 0)
(65.5258 0 0)
(65.6421 0 0)
(65.7585 0 0)
(65.8748 0 0)
(65.9911 0 0)
(66.1073 0 0)
(66.2236 0 0)
(66.3398 0 0)
(66.4561 0 0)
(66.5723 0 0)
(66.6886 0 0)
(66.8048 0 0)
(66.9211 0 0)
(67.0373 0 0)
(67.1536 0 0)
(67.2699 0 0)
(67.3862 0 0)
(67.5026 0 0)
(67.6189 0 0)
(67.7353 0 0)
(67.8517 0 0)
(67.9681 0 0)
(68.0846 0 0)
(68.201 0 0)
(68.3175 0 0)
(68.4341 0 0)
(68.5506 0 0)
(68.6672 0 0)
(68.7838 0 0)
(68.9005 0 0)
(69.0172 0 0)
(69.1339 0 0)
(69.2506 0 0)
(69.3674 0 0)
(69.4842 0 0)
(69.6011 0 0)
(69.7179 0 0)
(69.8349 0 0)
(69.9518 0 0)
(70.0688 0 0)
(70.1858 0 0)
(70.3029 0 0)
(70.42 0 0)
(70.5371 0 0)
(70.6542 0 0)
(70.7714 0 0)
(70.8887 0 0)
(71.0059 0 0)
(71.1232 0 0)
(71.2406 0 0)
(71.3579 0 0)
(71.4753 0 0)
(71.5928 0 0)
(71.7103 0 0)
(71.8278 0 0)
(71.9453 0 0)
(72.0629 0 0)
(72.1805 0 0)
(72.2982 0 0)
(72.4159 0 0)
(72.5336 0 0)
(72.6513 0 0)
(72.7691 0 0)
(72.887 0 0)
(73.0048 0 0)
(73.1227 0 0)
(73.2407 0 0)
(73.3586 0 0)
(73.4766 0 0)
(73.5947 0 0)
(73.7128 0 0)
(73.8309 0 0)
(73.949 0 0)
(74.0672 0 0)
(74.1854 0 0)
(74.3037 0 0)
(74.4219 0 0)
(74.5403 0 0)
(74.6586 0 0)
(74.777 0 0)
(74.8954 0 0)
(75.0139 0 0)
(75.1324 0 0)
(75.2509 0 0)
(75.3695 0 0)
(75.4881 0 0)
(75.6067 0 0)
(75.7254 0 0)
(75.8441 0 0)
(75.9628 0 0)
(76.0816 0 0)
(76.2004 0 0)
(76.3193 0 0)
(76.4382 0 0)
(76.5571 0 0)
(76.676 0 0)
(76.795 0 0)
(76.914 0 0)
(77.0331 0 0)
(77.1521 0 0)
(77.2713 0 0)
(77.3904 0 0)
(77.5096 0 0)
(77.6288 0 0)
(77.7481 0 0)
(77.8674 0 0)
(77.9867 0 0)
(78.1061 0 0)
(78.2255 0 0)
(78.3449 0 0)
(78.4644 0 0)
(78.5839 0 0)
(78.7034 0 0)
(78.823 0 0)
(78.9426 0 0)
(79.0622 0 0)
(79.1819 0 0)
(79.3016 0 0)
(79.4213 0 0)
(79.5411 0 0)
(79.6609 0 0)
(79.7808 0 0)
(79.9007 0 0)
(80.0206 0 0)
(80.1405 0 0)
(80.2605 0 0)
(80.3805 0 0)
(80.5005 0 0)
(80.6206 0 0)
(80.7407 0 0)
(80.8609 0 0)
(80.9811 0 0)
(81.1013 0 0)
(81.2215 0 0)
(81.3418 0 0)
(81.4622 0 0)
(81.5825 0 0)
(81.7029 0 0)
(81.8233 0 0)
(81.9438 0 0)
(82.0643 0 0)
(82.1848 0 0)
(82.3053 0 0)
(82.4259 0 0)
(82.5465 0 0)
(82.6672 0 0)
(82.7879 0 0)
(82.9086 0 0)
(83.0294 0 0)
(83.1501 0 0)
(83.271 0 0)
(83.3918 0 0)
(83.5127 0 0)
(83.6336 0 0)
(83.7546 0 0)
(83.8756 0 0)
(83.9966 0 0)
(84.1177 0 0)
(84.2387 0 0)
(84.3599 0 0)
(84.481 0 0)
(84.6022 0 0)
(84.7234 0 0)
(84.8447 0 0)
(84.966 0 0)
(85.0873 0 0)
(85.2086 0 0)
(85.33 0 0)
(85.4514 0 0)
(85.5729 0 0)
(85.6944 0 0)
(85.8159 0 0)
(85.9374 0 0)
(86.059 0 0)
(86.1806 0 0)
(86.3023 0 0)
(86.4239 0 0)
(86.5456 0 0)
(86.6674 0 0)
(86.7892 0 0)
(86.911 0 0)
(87.0328 0 0)
(87.1547 0 0)
(87.2766 0 0)
(87.3985 0 0)
(87.5205 0 0)
(87.6425 0 0)
(87.7646 0 0)
(87.8866 0 0)
(88.0087 0 0)
(88.1309 0 0)
(88.253 0 0)
(88.3752 0 0)
(88.4974 0 0)
(88.6197 0 0)
(88.742 0 0)
(88.8643 0 0)
(88.9867 0 0)
(89.1091 0 0)
(89.2315 0 0)
(89.354 0 0)
(89.4764 0 0)
(89.599 0 0)
(89.7215 0 0)
(89.8441 0 0)
(89.9667 0 0)
(90.0894 0 0)
(90.212 0 0)
(90.3348 0 0)
(90.4575 0 0)
(90.5803 0 0)
(90.7031 0 0)
(90.8259 0 0)
(90.9488 0 0)
(91.0717 0 0)
(91.1946 0 0)
(91.3176 0 0)
(91.4406 0 0)
(91.5636 0 0)
(91.6867 0 0)
(91.8098 0 0)
(91.9329 0 0)
(92.0561 0 0)
(92.1793 0 0)
(92.3025 0 0)
(92.4257 0 0)
(92.549 0 0)
(92.6723 0 0)
(92.7957 0 0)
(92.9191 0 0)
(93.0425 0 0)
(93.1659 0 0)
(93.2894 0 0)
(93.4129 0 0)
(93.5364 0 0)
(93.66 0 0)
(93.7836 0 0)
(93.9072 0 0)
(94.0309 0 0)
(94.1546 0 0)
(94.2783 0 0)
(94.402 0 0)
(94.5258 0 0)
(94.6496 0 0)
(94.7735 0 0)
(94.8974 0 0)
(95.0213 0 0)
(95.1452 0 0)
(95.2692 0 0)
(95.3932 0 0)
(95.5172 0 0)
(95.6413 0 0)
(95.7654 0 0)
(95.8895 0 0)
(96.0137 0 0)
(96.1379 0 0)
(96.2621 0 0)
(96.3864 0 0)
(96.5107 0 0)
(96.635 0 0)
(96.7593 0 0)
(96.8837 0 0)
(97.0081 0 0)
(97.1325 0 0)
(97.257 0 0)
(97.3815 0 0)
(97.5061 0 0)
(97.6306 0 0)
(97.7552 0 0)
(97.8798 0 0)
(98.0045 0 0)
(98.1292 0 0)
(98.2539 0 0)
(98.3786 0 0)
(98.5034 0 0)
(98.6282 0 0)
(98.7531 0 0)
(98.8779 0 0)
(99.0028 0 0)
(99.1278 0 0)
(99.2527 0 0)
(99.3777 0 0)
(99.5028 0 0)
(99.6278 0 0)
(99.7529 0 0)
(99.878 0 0)
(100.003 0 0)
(100.128 0 0)
(100.254 0 0)
(100.379 0 0)
(100.504 0 0)
(100.629 0 0)
(100.755 0 0)
(100.88 0 0)
(101.005 0 0)
(101.131 0 0)
(101.256 0 0)
(101.382 0 0)
(101.507 0 0)
(101.633 0 0)
(101.758 0 0)
(101.884 0 0)
(102.01 0 0)
(102.135 0 0)
(102.261 0 0)
(102.387 0 0)
(102.512 0 0)
(102.638 0 0)
(102.764 0 0)
(102.89 0 0)
(103.016 0 0)
(103.142 0 0)
(103.268 0 0)
(103.394 0 0)
(103.52 0 0)
(103.646 0 0)
(103.772 0 0)
(103.898 0 0)
(104.024 0 0)
(104.15 0 0)
(104.276 0 0)
(104.402 0 0)
(104.529 0 0)
(104.655 0 0)
(104.781 0 0)
(104.908 0 0)
(105.034 0 0)
(105.16 0 0)
(105.287 0 0)
(105.413 0 0)
(105.54 0 0)
(105.666 0 0)
(105.793 0 0)
(105.919 0 0)
(106.046 0 0)
(106.172 0 0)
(106.299 0 0)
(106.426 0 0)
(106.552 0 0)
(106.679 0 0)
(106.806 0 0)
(106.933 0 0)
(107.06 0 0)
(107.186 0 0)
(107.313 0 0)
(107.44 0 0)
(107.567 0 0)
(107.694 0 0)
(107.821 0 0)
(107.948 0 0)
(108.075 0 0)
(108.202 0 0)
(108.33 0 0)
(108.457 0 0)
(108.584 0 0)
(108.711 0 0)
(108.838 0 0)
(108.966 0 0)
(109.093 0 0)
(109.22 0 0)
(109.348 0 0)
(109.475 0 0)
(109.602 0 0)
(109.73 0 0)
(109.857 0 0)
(109.985 0 0)
(110.112 0 0)
(110.24 0 0)
(110.368 0 0)
(110.495 0 0)
(110.623 0 0)
(110.75 0 0)
(110.878 0 0)
(111.006 0 0)
(111.134 0 0)
(111.261 0 0)
(111.389 0 0)
(111.517 0 0)
(111.645 0 0)
(111.773 0 0)
(111.901 0 0)
(112.029 0 0)
(112.157 0 0)
(112.285 0 0)
(112.413 0 0)
(112.541 0 0)
(112.669 0 0)
(112.797 0 0)
(112.925 0 0)
(113.054 0 0)
(113.182 0 0)
(113.31 0 0)
(113.438 0 0)
(113.567 0 0)
(113.695 0 0)
(113.823 0 0)
(113.952 0 0)
(114.08 0 0)
(114.208 0 0)
(114.337 0 0)
(114.465 0 0)
(114.594 0 0)
(114.722 0 0)
(114.851 0 0)
(114.979 0 0)
(115.108 0 0)
(115.236 0 0)
(115.365 0 0)
(115.494 0 0)
(115.622 0 0)
(115.751 0 0)
(115.879 0 0)
(116.008 0 0)
(116.137 0 0)
(116.265 0 0)
(116.394 0 0)
(116.523 0 0)
(116.651 0 0)
(116.78 0 0)
(116.908 0 0)
(117.037 0 0)
(117.165 0 0)
(117.294 0 0)
(117.422 0 0)
(117.551 0 0)
(117.679 0 0)
(117.807 0 0)
(117.936 0 0)
(118.064 0 0)
(118.192 0 0)
(118.32 0 0)
(118.448 0 0)
(118.576 0 0)
(118.703 0 0)
(118.831 0 0)
(118.958 0 0)
(119.086 0 0)
(119.213 0 0)
(119.34 0 0)
(119.467 0 0)
(119.593 0 0)
(119.719 0 0)
(119.846 0 0)
(119.972 0 0)
(120.097 0 0)
(120.223 0 0)
(120.348 0 0)
(120.472 0 0)
(120.597 0 0)
(120.721 0 0)
(120.845 0 0)
(120.968 0 0)
(121.091 0 0)
(121.214 0 0)
(121.336 0 0)
(121.458 0 0)
(121.579 0 0)
(121.7 0 0)
(121.82 0 0)
(121.94 0 0)
(122.059 0 0)
(122.178 0 0)
(122.296 0 0)
(122.414 0 0)
(122.53 0 0)
(122.647 0 0)
(122.763 0 0)
(122.878 0 0)
(122.992 0 0)
(123.106 0 0)
(123.219 0 0)
(123.331 0 0)
(123.443 0 0)
(123.554 0 0)
(123.665 0 0)
(123.774 0 0)
(123.883 0 0)
(123.992 0 0)
(124.1 0 0)
(124.207 0 0)
(124.313 0 0)
(124.419 0 0)
(124.525 0 0)
(124.629 0 0)
(124.734 0 0)
(124.837 0 0)
(124.94 0 0)
(125.043 0 0)
(125.145 0 0)
(125.247 0 0)
(125.349 0 0)
(125.45 0 0)
(125.551 0 0)
(125.652 0 0)
(125.752 0 0)
(125.852 0 0)
(125.953 0 0)
(126.053 0 0)
(126.153 0 0)
(126.253 0 0)
(126.353 0 0)
(126.453 0 0)
(126.554 0 0)
(126.654 0 0)
(126.755 0 0)
(126.857 0 0)
(126.958 0 0)
(127.06 0 0)
(127.162 0 0)
(127.265 0 0)
(127.368 0 0)
(127.472 0 0)
(127.577 0 0)
(127.681 0 0)
(127.787 0 0)
(127.893 0 0)
(128 0 0)
(128.108 0 0)
(128.216 0 0)
(128.325 0 0)
(128.434 0 0)
(128.545 0 0)
(128.656 0 0)
(128.768 0 0)
(128.88 0 0)
(128.994 0 0)
(129.108 0 0)
(129.223 0 0)
(129.339 0 0)
(129.455 0 0)
(129.572 0 0)
(129.69 0 0)
(129.809 0 0)
(129.928 0 0)
(130.048 0 0)
(130.169 0 0)
(130.29 0 0)
(130.412 0 0)
(130.535 0 0)
(130.658 0 0)
(130.782 0 0)
(130.906 0 0)
(131.031 0 0)
(131.157 0 0)
(131.283 0 0)
(131.409 0 0)
(131.537 0 0)
(131.664 0 0)
(131.792 0 0)
(131.921 0 0)
(132.049 0 0)
(132.179 0 0)
(132.308 0 0)
(132.438 0 0)
(132.569 0 0)
(132.7 0 0)
(132.831 0 0)
(132.962 0 0)
(133.094 0 0)
(133.226 0 0)
(133.358 0 0)
(133.49 0 0)
(133.623 0 0)
(133.756 0 0)
(133.889 0 0)
(134.022 0 0)
(134.155 0 0)
(134.289 0 0)
(134.423 0 0)
(134.556 0 0)
(134.69 0 0)
(134.824 0 0)
(134.958 0 0)
(135.093 0 0)
(135.227 0 0)
(135.361 0 0)
(135.495 0 0)
(135.63 0 0)
(135.764 0 0)
(135.898 0 0)
(136.032 0 0)
(136.166 0 0)
(136.3 0 0)
(136.433 0 0)
(136.567 0 0)
(136.7 0 0)
(136.833 0 0)
(136.965 0 0)
(137.097 0 0)
(137.229 0 0)
(137.36 0 0)
(137.491 0 0)
(137.621 0 0)
(137.75 0 0)
(137.879 0 0)
(138.007 0 0)
(138.134 0 0)
(138.26 0 0)
(138.385 0 0)
(138.508 0 0)
(138.631 0 0)
(138.752 0 0)
(138.871 0 0)
(138.99 0 0)
(139.106 0 0)
(139.221 0 0)
(139.334 0 0)
(139.445 0 0)
(139.554 0 0)
(139.661 0 0)
(139.766 0 0)
(139.869 0 0)
(139.969 0 0)
(140.067 0 0)
(140.163 0 0)
(140.256 0 0)
(140.347 0 0)
(140.436 0 0)
(140.523 0 0)
(140.607 0 0)
(140.688 0 0)
(140.768 0 0)
(140.846 0 0)
(140.921 0 0)
(140.995 0 0)
(141.067 0 0)
(141.137 0 0)
(141.206 0 0)
(141.273 0 0)
(141.34 0 0)
(141.405 0 0)
(141.47 0 0)
(141.534 0 0)
(141.597 0 0)
(141.66 0 0)
(141.724 0 0)
(141.787 0 0)
(141.851 0 0)
(141.915 0 0)
(141.979 0 0)
(142.045 0 0)
(142.111 0 0)
(142.178 0 0)
(142.247 0 0)
(142.316 0 0)
(142.387 0 0)
(142.459 0 0)
(142.532 0 0)
(142.607 0 0)
(142.684 0 0)
(142.761 0 0)
(142.841 0 0)
(142.922 0 0)
(143.004 0 0)
(143.088 0 0)
(143.173 0 0)
(143.26 0 0)
(143.348 0 0)
(143.438 0 0)
(143.529 0 0)
(143.622 0 0)
(143.716 0 0)
(143.811 0 0)
(143.907 0 0)
(144.005 0 0)
(144.104 0 0)
(144.205 0 0)
(144.306 0 0)
(144.409 0 0)
(144.513 0 0)
(144.617 0 0)
(144.723 0 0)
(144.831 0 0)
(144.939 0 0)
(145.048 0 0)
(145.158 0 0)
(145.269 0 0)
(145.381 0 0)
(145.494 0 0)
(145.608 0 0)
(145.722 0 0)
(145.838 0 0)
(145.954 0 0)
(146.072 0 0)
(146.19 0 0)
(146.309 0 0)
(146.428 0 0)
(146.549 0 0)
(146.67 0 0)
(146.792 0 0)
(146.915 0 0)
(147.038 0 0)
(147.163 0 0)
(147.288 0 0)
(147.413 0 0)
(147.54 0 0)
(147.667 0 0)
(147.794 0 0)
(147.922 0 0)
(148.051 0 0)
(148.181 0 0)
(148.311 0 0)
(148.442 0 0)
(148.574 0 0)
(148.706 0 0)
(148.838 0 0)
(148.972 0 0)
(149.105 0 0)
(149.24 0 0)
(149.375 0 0)
(149.51 0 0)
(149.646 0 0)
(149.783 0 0)
(149.92 0 0)
(150.058 0 0)
(150.196 0 0)
(150.335 0 0)
(150.474 0 0)
(150.614 0 0)
(150.754 0 0)
(150.894 0 0)
(151.036 0 0)
(151.177 0 0)
(151.32 0 0)
(151.462 0 0)
(151.605 0 0)
(151.749 0 0)
(151.893 0 0)
(152.037 0 0)
(152.182 0 0)
(152.328 0 0)
(152.473 0 0)
(152.62 0 0)
(152.766 0 0)
(152.913 0 0)
(153.061 0 0)
(153.209 0 0)
(153.357 0 0)
(153.506 0 0)
(153.655 0 0)
(153.805 0 0)
(153.955 0 0)
(154.105 0 0)
(154.256 0 0)
(154.407 0 0)
(154.558 0 0)
(154.71 0 0)
(154.863 0 0)
(155.015 0 0)
(155.168 0 0)
(155.322 0 0)
(155.476 0 0)
(155.63 0 0)
(155.785 0 0)
(155.94 0 0)
(156.098 0 0)
(156.37 0 0)
)
;

boundaryField
{
    sides
    {
        type            zeroGradient;
    }
    empty
    {
        type            empty;
    }
}


// ************************************************************************* //
