/*--------------------------------*- C++ -*----------------------------------*\
| =========                 |                                                 |
| \\      /  F ield         | OpenFOAM: The Open Source CFD Toolbox           |
|  \\    /   O peration     | Version:  2406                                  |
|   \\  /    A nd           | Website:  www.openfoam.com                      |
|    \\/     M anipulation  |                                                 |
\*---------------------------------------------------------------------------*/
FoamFile
{
    version     2.0;
    format      ascii;
    arch        "LSB;label=32;scalar=64";
    class       volScalarField;
    location    "0.023";
    object      mag(U);
}
// * * * * * * * * * * * * * * * * * * * * * * * * * * * * * * * * * * * * * //

dimensions      [0 1 -1 0 0 0 0];

internalField   nonuniform List<scalar> 
1000
(
8.88444
9.67978
10.3749
10.9592
11.5297
12.1164
12.7109
13.3046
13.8962
14.4874
15.0788
15.6705
16.2622
16.8538
17.4455
18.0373
18.6292
19.2212
19.8133
20.4054
20.9976
21.5899
22.1823
22.7748
23.3673
23.96
24.5527
25.1454
25.7383
26.3313
26.9243
27.5174
28.1106
28.7038
29.2972
29.8906
30.4841
31.0777
31.6714
32.2651
32.859
33.4529
34.0469
34.6409
35.2351
35.8293
36.4236
37.018
37.6124
38.207
38.8016
39.3963
39.9911
40.5859
41.1809
41.7759
42.371
42.9661
43.5614
44.1567
44.7521
45.3476
45.9432
46.5388
47.1345
47.7303
48.3262
48.9221
49.5182
50.1143
50.7105
51.3067
51.903
52.4994
53.0959
53.6925
54.2891
54.8858
55.4825
56.0794
56.6763
57.2732
57.8703
58.4674
59.0646
59.6618
60.2592
60.8566
61.454
62.0515
62.6492
63.2468
63.8446
64.4424
65.0403
65.6383
66.2363
66.8345
67.4327
68.0309
68.6293
69.2277
69.8262
70.4247
71.0234
71.6221
72.2209
72.8197
73.4186
74.0176
74.6166
75.2158
75.8149
76.4142
77.0135
77.6129
78.2123
78.8118
79.4114
80.011
80.6107
81.2105
81.8103
82.4102
83.0101
83.6101
84.2102
84.8104
85.4106
86.0108
86.6112
87.2116
87.812
88.4126
89.0131
89.6138
90.2145
90.8153
91.4161
92.017
92.6179
93.2189
93.82
94.4211
95.0223
95.6236
96.2249
96.8262
97.4277
98.0291
98.6307
99.2323
99.8339
100.436
101.037
101.639
102.241
102.843
103.445
104.047
104.649
105.251
105.854
106.456
107.058
107.66
108.263
108.865
109.468
110.07
110.673
111.276
111.879
112.481
113.084
113.687
114.29
114.893
115.496
116.099
116.702
117.305
117.909
118.512
119.115
119.719
120.322
120.926
121.529
122.133
122.736
123.34
123.943
124.547
125.151
125.755
126.359
126.963
127.567
128.171
128.775
129.379
129.983
130.587
131.191
131.795
132.4
133.004
133.608
134.213
134.817
135.421
136.026
136.63
137.235
137.84
138.444
139.049
139.653
140.258
140.863
141.468
142.072
142.677
143.282
143.887
144.492
145.097
145.702
146.307
146.912
147.517
148.122
148.727
149.332
149.937
150.543
151.148
151.753
152.358
152.963
153.569
154.174
154.779
155.385
155.99
156.595
157.201
157.806
158.411
159.017
159.622
160.227
160.833
161.438
162.044
162.649
163.255
163.86
164.465
165.071
165.676
166.282
166.887
167.493
168.098
168.703
169.309
169.914
170.52
171.125
171.73
172.336
172.941
173.546
174.152
174.757
175.362
175.968
176.573
177.178
177.783
178.388
178.994
179.599
180.204
180.809
181.414
182.019
182.624
183.229
183.834
184.438
185.043
185.648
186.253
186.857
187.462
188.066
188.671
189.275
189.88
190.484
191.088
191.692
192.296
192.9
193.504
194.108
194.712
195.316
195.919
196.523
197.126
197.729
198.333
198.936
199.539
200.142
200.745
201.347
201.95
202.552
203.155
203.757
204.359
204.961
205.563
206.165
206.766
207.367
207.969
208.57
209.171
209.771
210.372
210.972
211.573
212.173
212.772
213.372
213.971
214.571
215.17
215.768
216.367
216.965
217.563
218.161
218.759
219.356
219.953
220.55
221.146
221.742
222.338
222.934
223.529
224.124
224.719
225.313
225.907
226.5
227.093
227.686
228.279
228.871
229.462
230.053
230.644
231.234
231.824
232.413
233.002
233.591
234.178
234.766
235.352
235.938
236.524
237.109
237.693
238.277
238.86
239.442
240.024
240.605
241.185
241.765
242.344
242.922
243.499
244.075
244.65
245.225
245.798
246.371
246.942
247.513
248.082
248.651
249.218
249.784
250.349
250.913
251.476
252.037
252.597
253.155
253.712
254.268
254.822
255.374
255.925
256.475
257.022
257.568
258.112
258.654
259.194
259.732
260.268
260.801
261.333
261.862
262.389
262.914
263.436
263.955
264.472
264.986
265.497
266.005
266.511
267.013
267.512
268.007
268.5
268.988
269.474
269.955
270.433
270.906
271.376
271.842
272.303
272.759
273.212
273.661
274.104
274.543
274.977
275.405
275.829
276.247
276.66
277.067
277.469
277.866
278.256
278.641
279.02
279.393
279.76
280.121
280.475
280.823
281.166
281.501
281.831
282.153
282.47
282.78
283.084
283.381
283.672
283.956
284.235
284.506
284.772
285.032
285.285
285.532
285.773
286.009
286.238
286.462
286.681
286.893
287.101
287.303
287.5
287.692
287.879
288.061
288.238
288.411
288.579
288.743
288.903
289.058
289.209
289.356
289.5
289.639
289.775
289.907
290.035
290.16
290.281
290.399
290.514
290.625
290.733
290.838
290.94
291.038
291.134
291.227
291.316
291.403
291.487
291.568
291.647
291.722
291.795
291.865
291.933
291.998
292.061
292.121
292.179
292.235
292.288
292.339
292.388
292.434
292.479
292.522
292.562
292.601
292.638
292.673
292.706
292.738
292.768
292.796
292.823
292.848
292.872
292.895
292.916
292.936
292.955
292.973
292.99
293.005
293.02
293.034
293.047
293.059
293.07
293.08
293.09
293.099
293.108
293.115
293.123
293.129
293.136
293.141
293.147
293.152
293.156
293.16
293.164
293.168
293.171
293.174
293.177
293.179
293.182
293.184
293.186
293.187
293.189
293.19
293.192
293.193
293.194
293.195
293.196
293.197
293.197
293.198
293.199
293.199
293.2
293.2
293.2
293.201
293.201
293.201
293.202
293.202
293.202
293.202
293.202
293.202
293.203
293.203
293.203
293.203
293.203
293.203
293.203
293.203
293.203
293.203
293.203
293.203
293.204
293.204
293.204
293.204
293.204
293.204
293.204
293.204
293.204
293.204
293.204
293.204
293.204
293.204
293.204
293.204
293.204
293.204
293.204
293.204
293.204
293.204
293.204
293.204
293.204
293.204
293.204
293.204
293.204
293.204
293.204
293.204
293.204
293.204
293.204
293.204
293.204
293.204
293.204
293.204
293.204
293.204
293.205
293.205
293.205
293.205
293.205
293.205
293.205
293.205
293.205
293.205
293.205
293.205
293.205
293.205
293.205
293.205
293.205
293.205
293.205
293.205
293.205
293.205
293.205
293.205
293.205
293.205
293.205
293.205
293.205
293.205
293.205
293.205
293.205
293.205
293.205
293.205
293.205
293.205
293.205
293.205
293.205
293.205
293.205
293.205
293.205
293.205
293.205
293.205
293.205
293.205
293.205
293.205
293.205
293.205
293.205
293.205
293.205
293.205
293.205
293.205
293.205
293.205
293.205
293.205
293.205
293.205
293.205
293.205
293.205
293.205
293.205
293.205
293.205
293.205
293.205
293.205
293.205
293.205
293.205
293.205
293.205
293.205
293.205
293.205
293.205
293.205
293.205
293.205
293.205
293.205
293.205
293.205
293.206
293.206
293.206
293.206
293.206
293.206
293.206
293.206
293.206
293.206
293.206
293.206
293.206
293.206
293.206
293.206
293.206
293.206
293.206
293.206
293.206
293.206
293.206
293.206
293.206
293.206
293.206
293.206
293.206
293.206
293.206
293.206
293.206
293.206
293.206
293.206
293.206
293.206
293.206
293.206
293.206
293.206
293.206
293.206
293.206
293.206
293.206
293.206
293.206
293.206
293.206
293.206
293.206
293.206
293.206
293.206
293.206
293.206
293.206
293.206
293.206
293.206
293.206
293.206
293.206
293.206
293.206
293.206
293.206
293.206
293.206
293.206
293.206
293.206
293.206
293.206
293.206
293.206
293.206
293.206
293.206
293.206
293.206
293.206
293.206
293.206
293.206
293.206
293.206
293.206
293.206
293.206
293.206
293.206
293.206
293.206
293.206
293.206
293.206
293.206
293.206
293.206
293.206
293.206
293.206
293.206
293.206
293.206
293.205
293.205
293.205
293.205
293.205
293.205
293.205
293.204
293.204
293.203
293.202
293.201
293.2
293.199
293.198
293.196
293.194
293.191
293.188
293.185
293.181
293.176
293.171
293.165
293.158
293.15
293.14
293.13
293.118
293.105
293.091
293.074
293.056
293.036
293.014
292.99
292.964
292.935
292.905
292.871
292.836
292.798
292.758
292.715
292.67
292.623
292.574
292.524
292.471
292.417
292.362
292.305
292.248
292.191
292.133
292.075
292.018
291.961
291.905
291.85
291.797
291.745
291.695
291.647
291.601
291.557
291.516
291.477
291.44
291.406
291.374
291.345
291.318
291.293
291.271
291.25
291.232
291.215
291.2
291.187
291.176
291.165
291.156
291.148
291.141
291.135
291.13
291.125
291.121
291.118
291.115
291.112
291.11
291.108
291.106
291.105
291.103
291.102
291.102
291.101
291.101
291.101
291.101
291.101
291.101
291.102
291.103
291.105
291.107
291.11
291.112
291.116
291.119
291.123
291.127
291.132
291.137
291.141
291.146
291.151
291.156
291.161
291.166
291.17
291.174
291.178
291.181
291.184
291.187
291.189
291.191
291.193
291.194
291.195
291.195
291.196
291.196
)
;

boundaryField
{
    sides
    {
        type            calculated;
        value           nonuniform List<scalar> 2(291.196 8.88444);
    }
    empty
    {
        type            empty;
    }
}


// ************************************************************************* //
