/*--------------------------------*- C++ -*----------------------------------*\
| =========                 |                                                 |
| \\      /  F ield         | OpenFOAM: The Open Source CFD Toolbox           |
|  \\    /   O peration     | Version:  2406                                  |
|   \\  /    A nd           | Website:  www.openfoam.com                      |
|    \\/     M anipulation  |                                                 |
\*---------------------------------------------------------------------------*/
FoamFile
{
    version     2.0;
    format      ascii;
    arch        "LSB;label=32;scalar=64";
    class       volScalarField;
    location    "0.032";
    object      mag(U);
}
// * * * * * * * * * * * * * * * * * * * * * * * * * * * * * * * * * * * * * //

dimensions      [0 1 -1 0 0 0 0];

internalField   nonuniform List<scalar> 
1000
(
14.0353
14.4889
14.9957
15.4115
15.7888
16.169
16.5576
16.949
17.3399
17.7301
18.1202
18.5104
18.9005
19.2907
19.681
20.0713
20.4616
20.8521
21.2427
21.6333
22.0239
22.4146
22.8053
23.196
23.5867
23.9774
24.3682
24.7589
25.1498
25.5407
25.9316
26.3225
26.7135
27.1045
27.4955
27.8865
28.2776
28.6687
29.0599
29.4511
29.8423
30.2336
30.6249
31.0163
31.4076
31.799
32.1905
32.582
32.9735
33.365
33.7566
34.1482
34.5399
34.9316
35.3233
35.715
36.1068
36.4986
36.8905
37.2824
37.6743
38.0662
38.4582
38.8502
39.2423
39.6343
40.0264
40.4186
40.8108
41.203
41.5952
41.9875
42.3798
42.7721
43.1644
43.5568
43.9492
44.3417
44.7342
45.1267
45.5192
45.9118
46.3044
46.697
47.0897
47.4824
47.8751
48.2678
48.6606
49.0534
49.4462
49.8391
50.232
50.6249
51.0178
51.4108
51.8037
52.1968
52.5898
52.9829
53.376
53.7691
54.1622
54.5554
54.9486
55.3418
55.7351
56.1284
56.5216
56.915
57.3083
57.7017
58.0951
58.4885
58.8819
59.2754
59.6689
60.0624
60.4559
60.8494
61.243
61.6366
62.0302
62.4238
62.8175
63.2112
63.6049
63.9986
64.3923
64.7861
65.1798
65.5736
65.9674
66.3612
66.7551
67.1489
67.5428
67.9367
68.3306
68.7246
69.1185
69.5125
69.9064
70.3004
70.6944
71.0884
71.4825
71.8765
72.2706
72.6646
73.0587
73.4528
73.8469
74.2411
74.6352
75.0293
75.4235
75.8176
76.2118
76.606
77.0002
77.3944
77.7886
78.1828
78.577
78.9712
79.3655
79.7597
80.1539
80.5482
80.9424
81.3367
81.7309
82.1252
82.5195
82.9137
83.308
83.7022
84.0965
84.4907
84.885
85.2793
85.6735
86.0678
86.462
86.8562
87.2505
87.6447
88.0389
88.4331
88.8273
89.2215
89.6157
90.0099
90.404
90.7982
91.1923
91.5865
91.9806
92.3747
92.7688
93.1628
93.5569
93.9509
94.3449
94.7389
95.1329
95.5268
95.9208
96.3147
96.7086
97.1024
97.4963
97.8901
98.2839
98.6776
99.0713
99.465
99.8587
100.252
100.646
101.039
101.433
101.826
102.22
102.613
103.007
103.4
103.793
104.186
104.58
104.973
105.366
105.759
106.152
106.545
106.938
107.33
107.723
108.116
108.508
108.901
109.293
109.686
110.078
110.47
110.862
111.255
111.647
112.039
112.43
112.822
113.214
113.605
113.997
114.388
114.78
115.171
115.562
115.953
116.344
116.734
117.125
117.516
117.906
118.296
118.687
119.077
119.466
119.856
120.246
120.635
121.025
121.414
121.803
122.192
122.58
122.969
123.357
123.745
124.133
124.521
124.909
125.296
125.683
126.07
126.457
126.844
127.23
127.616
128.002
128.388
128.773
129.158
129.543
129.928
130.312
130.696
131.08
131.464
131.847
132.23
132.613
132.995
133.377
133.758
134.14
134.521
134.901
135.281
135.661
136.041
136.42
136.798
137.176
137.554
137.931
138.308
138.685
139.061
139.436
139.811
140.185
140.559
140.932
141.305
141.677
142.049
142.419
142.79
143.159
143.528
143.897
144.264
144.631
144.997
145.363
145.728
146.092
146.455
146.817
147.179
147.54
147.901
148.261
148.62
148.977
149.334
149.689
150.043
150.396
150.748
151.099
151.449
151.797
152.145
152.491
152.836
153.18
153.523
153.864
154.204
154.543
154.88
155.216
155.55
155.883
156.214
156.544
156.872
157.199
157.524
157.847
158.169
158.488
158.806
159.123
159.437
159.749
160.06
160.369
160.675
160.98
161.283
161.583
161.882
162.178
162.473
162.765
163.055
163.343
163.628
163.912
164.193
164.472
164.748
165.022
165.294
165.564
165.831
166.096
166.359
166.62
166.878
167.133
167.387
167.638
167.887
168.133
168.378
168.62
168.86
169.098
169.333
169.567
169.798
170.028
170.255
170.481
170.704
170.926
171.146
171.364
171.58
171.795
172.008
172.219
172.429
172.638
172.845
173.051
173.255
173.458
173.66
173.861
174.06
174.259
174.457
174.653
174.849
175.044
175.239
175.432
175.625
175.817
176.008
176.199
176.39
176.58
176.769
176.958
177.147
177.335
177.523
177.711
177.898
178.086
178.272
178.459
178.646
178.832
179.018
179.205
179.391
179.577
179.762
179.948
180.134
180.319
180.505
180.691
180.876
181.062
181.247
181.433
181.618
181.804
181.989
182.175
182.361
182.546
182.732
182.918
183.103
183.289
183.475
183.661
183.846
184.032
184.218
184.404
184.59
184.776
184.962
185.148
185.335
185.521
185.707
185.893
186.08
186.266
186.453
186.639
186.826
187.012
187.199
187.386
187.572
187.759
187.946
188.133
188.32
188.507
188.694
188.881
189.068
189.255
189.443
189.63
189.817
190.005
190.192
190.379
190.567
190.755
190.942
191.13
191.317
191.505
191.693
191.881
192.069
192.257
192.445
192.633
192.821
193.009
193.197
193.385
193.574
193.762
193.95
194.139
194.327
194.516
194.704
194.893
195.081
195.27
195.459
195.648
195.837
196.025
196.214
196.403
196.592
196.781
196.971
197.16
197.349
197.538
197.727
197.917
198.106
198.296
198.485
198.675
198.864
199.054
199.243
199.433
199.623
199.813
200.003
200.193
200.382
200.572
200.763
200.953
201.143
201.333
201.523
201.713
201.904
202.094
202.284
202.475
202.665
202.856
203.046
203.237
203.428
203.618
203.809
204
204.191
204.382
204.573
204.764
204.955
205.146
205.337
205.528
205.719
205.91
206.102
206.293
206.484
206.676
206.867
207.059
207.25
207.442
207.634
207.825
208.017
208.209
208.401
208.592
208.784
208.976
209.168
209.36
209.552
209.744
209.936
210.129
210.321
210.513
210.705
210.898
211.09
211.283
211.475
211.668
211.86
212.053
212.245
212.438
212.631
212.824
213.016
213.209
213.402
213.595
213.788
213.981
214.174
214.367
214.56
214.753
214.947
215.14
215.333
215.527
215.72
215.913
216.107
216.3
216.494
216.687
216.881
217.075
217.268
217.462
217.656
217.85
218.043
218.237
218.431
218.625
218.819
219.013
219.207
219.401
219.595
219.79
219.984
220.178
220.372
220.567
220.761
220.955
221.15
221.344
221.539
221.733
221.928
222.123
222.317
222.512
222.707
222.902
223.096
223.291
223.486
223.681
223.876
224.071
224.266
224.461
224.656
224.851
225.046
225.242
225.437
225.632
225.827
226.023
226.218
226.413
226.609
226.804
227
227.195
227.391
227.586
227.782
227.978
228.173
228.369
228.565
228.761
228.957
229.152
229.348
229.544
229.74
229.936
230.132
230.328
230.524
230.72
230.917
231.113
231.309
231.505
231.701
231.898
232.094
232.29
232.487
232.683
232.879
233.076
233.272
233.469
233.665
233.862
234.059
234.255
234.452
234.649
234.845
235.042
235.239
235.436
235.632
235.829
236.026
236.223
236.42
236.617
236.814
237.011
237.208
237.405
237.602
237.799
237.996
238.193
238.39
238.587
238.785
238.982
239.179
239.376
239.574
239.771
239.968
240.166
240.363
240.56
240.758
240.955
241.153
241.35
241.547
241.745
241.942
242.14
242.338
242.535
242.733
242.93
243.128
243.325
243.523
243.721
243.918
244.116
244.314
244.511
244.709
244.907
245.105
245.302
245.5
245.698
245.896
246.093
246.291
246.489
246.687
246.885
247.082
247.28
247.478
247.676
247.874
248.071
248.269
248.467
248.665
248.863
249.06
249.258
249.456
249.653
249.851
250.048
250.246
250.443
250.64
250.838
251.035
251.232
251.429
251.625
251.822
252.018
252.214
252.41
252.606
252.801
252.996
253.191
253.386
253.58
253.773
253.966
254.159
254.351
254.543
254.734
254.924
255.113
255.302
255.49
255.677
255.863
256.049
256.233
256.416
256.598
256.779
256.959
257.138
257.315
257.492
257.667
257.84
258.013
258.184
258.354
258.522
258.689
258.855
259.02
259.183
259.346
259.507
259.667
259.826
259.984
260.142
260.298
260.454
260.61
260.765
260.92
261.074
261.228
261.383
261.537
261.692
261.846
262.002
262.157
262.314
262.471
262.629
262.788
262.947
263.108
263.27
263.433
263.597
263.762
263.928
264.096
264.265
264.435
264.606
264.778
264.952
265.127
265.303
265.48
265.658
265.837
266.018
266.199
266.381
266.564
266.748
266.932
267.117
267.303
267.49
267.677
267.865
268.053
268.242
268.431
268.62
268.81
269
269.19
269.38
269.571
269.762
269.953
270.144
270.335
270.527
270.718
270.909
271.101
271.292
271.483
271.674
271.865
272.056
272.247
272.437
272.628
272.818
273.007
273.197
273.386
273.575
273.764
273.952
274.14
274.328
274.515
274.701
274.888
275.073
275.259
275.443
275.628
275.811
275.995
276.177
276.36
276.541
276.722
276.902
277.082
277.26
277.437
277.614
277.788
277.961
278.132
278.299
278.463
278.622
278.776
278.924
279.063
279.194
279.314
279.423
279.522
279.609
279.685
279.907
)
;

boundaryField
{
    sides
    {
        type            calculated;
        value           nonuniform List<scalar> 2(279.907 14.0353);
    }
    empty
    {
        type            empty;
    }
}


// ************************************************************************* //
