/*--------------------------------*- C++ -*----------------------------------*\
| =========                 |                                                 |
| \\      /  F ield         | OpenFOAM: The Open Source CFD Toolbox           |
|  \\    /   O peration     | Version:  2406                                  |
|   \\  /    A nd           | Website:  www.openfoam.com                      |
|    \\/     M anipulation  |                                                 |
\*---------------------------------------------------------------------------*/
FoamFile
{
    version     2.0;
    format      ascii;
    arch        "LSB;label=32;scalar=64";
    class       volScalarField;
    location    "0.032";
    object      p;
}
// * * * * * * * * * * * * * * * * * * * * * * * * * * * * * * * * * * * * * //

dimensions      [1 -1 -2 0 0 0 0];

internalField   nonuniform List<scalar> 
1000
(
17838.8
17836
17832.3
17829.1
17826.2
17823.3
17820.3
17817.4
17814.4
17811.4
17808.5
17805.5
17802.6
17799.6
17796.7
17793.7
17790.8
17787.8
17784.9
17781.9
17779
17776
17773.1
17770.1
17767.2
17764.2
17761.3
17758.3
17755.4
17752.4
17749.5
17746.5
17743.6
17740.6
17737.7
17734.7
17731.8
17728.8
17725.9
17723
17720
17717.1
17714.1
17711.2
17708.2
17705.3
17702.3
17699.4
17696.4
17693.5
17690.5
17687.6
17684.6
17681.7
17678.8
17675.8
17672.9
17669.9
17667
17664
17661.1
17658.1
17655.2
17652.2
17649.3
17646.3
17643.4
17640.4
17637.5
17634.6
17631.6
17628.7
17625.7
17622.8
17619.8
17616.9
17613.9
17611
17608
17605.1
17602.1
17599.2
17596.3
17593.3
17590.4
17587.4
17584.5
17581.5
17578.6
17575.6
17572.7
17569.7
17566.8
17563.9
17560.9
17558
17555
17552.1
17549.1
17546.2
17543.2
17540.3
17537.3
17534.4
17531.5
17528.5
17525.6
17522.6
17519.7
17516.7
17513.8
17510.9
17507.9
17505
17502
17499.1
17496.2
17493.2
17490.3
17487.3
17484.4
17481.4
17478.5
17475.6
17472.6
17469.7
17466.8
17463.8
17460.9
17457.9
17455
17452.1
17449.1
17446.2
17443.3
17440.3
17437.4
17434.5
17431.5
17428.6
17425.7
17422.7
17419.8
17416.9
17414
17411
17408.1
17405.2
17402.2
17399.3
17396.4
17393.5
17390.6
17387.6
17384.7
17381.8
17378.9
17376
17373
17370.1
17367.2
17364.3
17361.4
17358.5
17355.6
17352.7
17349.7
17346.8
17343.9
17341
17338.1
17335.2
17332.3
17329.4
17326.5
17323.6
17320.7
17317.8
17315
17312.1
17309.2
17306.3
17303.4
17300.5
17297.6
17294.8
17291.9
17289
17286.1
17283.3
17280.4
17277.5
17274.7
17271.8
17268.9
17266.1
17263.2
17260.4
17257.5
17254.7
17251.8
17249
17246.2
17243.3
17240.5
17237.7
17234.8
17232
17229.2
17226.4
17223.6
17220.7
17217.9
17215.1
17212.3
17209.5
17206.7
17204
17201.2
17198.4
17195.6
17192.8
17190.1
17187.3
17184.6
17181.8
17179.1
17176.3
17173.6
17170.8
17168.1
17165.4
17162.7
17160
17157.3
17154.6
17151.9
17149.2
17146.5
17143.8
17141.1
17138.5
17135.8
17133.2
17130.5
17127.9
17125.3
17122.7
17120
17117.4
17114.8
17112.2
17109.7
17107.1
17104.5
17102
17099.4
17096.9
17094.4
17091.9
17089.4
17086.9
17084.4
17081.9
17079.4
17077
17074.6
17072.1
17069.7
17067.3
17064.9
17062.5
17060.2
17057.8
17055.5
17053.2
17050.8
17048.6
17046.3
17044
17041.8
17039.5
17037.3
17035.1
17032.9
17030.8
17028.6
17026.5
17024.4
17022.3
17020.2
17018.2
17016.2
17014.2
17012.2
17010.2
17008.3
17006.4
17004.5
17002.6
17000.8
16999
16997.2
16995.4
16993.7
16992
16990.3
16988.7
16987
16985.5
16983.9
16982.4
16980.9
16979.5
16978.1
16976.7
16975.3
16974
16972.8
16971.6
16970.4
16969.3
16968.2
16967.1
16966.1
16965.2
16964.3
16963.4
16962.6
16961.8
16961.1
16960.5
16959.9
16959.4
16958.9
16958.5
16958.1
16957.9
16957.6
16957.5
16957.4
16957.3
16957.4
16957.4
16957.5
16957.7
16958
16958.4
16958.9
16959.5
16960.2
16961
16961.8
16962.8
16963.8
16965
16966.2
16967.6
16969
16970.6
16972.2
16974
16975.9
16977.9
16980
16982.2
16984.6
16987.1
16989.7
16992.5
16995.4
16998.4
17001.6
17004.9
17008.4
17012
17015.7
17019.6
17023.7
17027.9
17032.3
17036.9
17041.6
17046.5
17051.6
17056.8
17062.3
17067.9
17073.6
17079.6
17085.8
17092.1
17098.7
17105.4
17112.3
17119.4
17126.7
17134.2
17141.9
17149.9
17158
17166.3
17174.8
17183.5
17192.4
17201.5
17210.8
17220.3
17230
17239.9
17250
17260.3
17270.8
17281.4
17292.3
17303.3
17314.6
17326
17337.6
17349.3
17361.2
17373.3
17385.6
17398
17410.6
17423.3
17436.2
17449.2
17462.4
17475.6
17489.1
17502.6
17516.3
17530.1
17544
17558
17572.1
17586.4
17600.7
17615.1
17629.6
17644.2
17658.8
17673.6
17688.4
17703.3
17718.3
17733.3
17748.4
17763.5
17778.7
17794
17809.3
17824.6
17840
17855.5
17871
17886.5
17902
17917.6
17933.3
17948.9
17964.6
17980.4
17996.1
18011.9
18027.7
18043.5
18059.4
18075.3
18091.2
18107.1
18123.1
18139
18155
18171.1
18187.1
18203.2
18219.2
18235.3
18251.4
18267.6
18283.7
18299.9
18316.1
18332.3
18348.5
18364.8
18381
18397.3
18413.6
18429.9
18446.2
18462.6
18478.9
18495.3
18511.7
18528.1
18544.6
18561
18577.5
18594
18610.5
18627
18643.5
18660.1
18676.6
18693.2
18709.8
18726.4
18743.1
18759.7
18776.4
18793.1
18809.8
18826.5
18843.2
18860
18876.8
18893.6
18910.4
18927.2
18944
18960.9
18977.8
18994.7
19011.6
19028.5
19045.5
19062.4
19079.4
19096.4
19113.4
19130.5
19147.5
19164.6
19181.7
19198.8
19215.9
19233
19250.2
19267.3
19284.5
19301.7
19319
19336.2
19353.5
19370.8
19388
19405.4
19422.7
19440
19457.4
19474.8
19492.2
19509.6
19527
19544.5
19562
19579.5
19597
19614.5
19632
19649.6
19667.2
19684.8
19702.4
19720
19737.7
19755.3
19773
19790.7
19808.4
19826.2
19843.9
19861.7
19879.5
19897.3
19915.1
19933
19950.8
19968.7
19986.6
20004.5
20022.4
20040.4
20058.4
20076.4
20094.4
20112.4
20130.4
20148.5
20166.6
20184.7
20202.8
20220.9
20239.1
20257.2
20275.4
20293.6
20311.9
20330.1
20348.4
20366.6
20384.9
20403.2
20421.6
20439.9
20458.3
20476.7
20495.1
20513.5
20532
20550.4
20568.9
20587.4
20605.9
20624.4
20643
20661.6
20680.2
20698.8
20717.4
20736
20754.7
20773.4
20792.1
20810.8
20829.5
20848.3
20867.1
20885.9
20904.7
20923.5
20942.4
20961.2
20980.1
20999
21017.9
21036.9
21055.8
21074.8
21093.8
21112.8
21131.9
21150.9
21170
21189.1
21208.2
21227.3
21246.5
21265.7
21284.8
21304
21323.3
21342.5
21361.8
21381
21400.3
21419.7
21439
21458.4
21477.7
21497.1
21516.5
21536
21555.4
21574.9
21594.4
21613.9
21633.4
21652.9
21672.5
21692.1
21711.7
21731.3
21750.9
21770.6
21790.3
21810
21829.7
21849.4
21869.2
21889
21908.7
21928.6
21948.4
21968.2
21988.1
22008
22027.9
22047.8
22067.8
22087.7
22107.7
22127.7
22147.7
22167.8
22187.8
22207.9
22228
22248.1
22268.3
22288.4
22308.6
22328.8
22349
22369.2
22389.5
22409.8
22430
22450.3
22470.7
22491
22511.4
22531.8
22552.2
22572.6
22593
22613.5
22634
22654.5
22675
22695.6
22716.1
22736.7
22757.3
22777.9
22798.5
22819.2
22839.9
22860.6
22881.3
22902
22922.8
22943.5
22964.3
22985.1
23006
23026.8
23047.7
23068.6
23089.5
23110.4
23131.3
23152.3
23173.3
23194.3
23215.3
23236.4
23257.4
23278.5
23299.6
23320.7
23341.9
23363
23384.2
23405.4
23426.6
23447.8
23469.1
23490.4
23511.6
23533
23554.3
23575.6
23597
23618.4
23639.8
23661.2
23682.7
23704.1
23725.6
23747.1
23768.6
23790.2
23811.7
23833.3
23854.9
23876.5
23898.2
23919.8
23941.5
23963.2
23984.9
24006.6
24028.4
24050.1
24071.9
24093.7
24115.6
24137.4
24159.3
24181.1
24203
24225
24246.9
24268.9
24290.8
24312.8
24334.8
24356.9
24378.9
24401
24423.1
24445.2
24467.3
24489.4
24511.6
24533.8
24556
24578.2
24600.4
24622.7
24645
24667.2
24689.6
24711.9
24734.2
24756.6
24779
24801.4
24823.8
24846.3
24868.7
24891.2
24913.7
24936.3
24958.8
24981.4
25004
25026.6
25049.3
25071.9
25094.6
25117.4
25140.1
25162.9
25185.8
25208.6
25231.5
25254.5
25277.5
25300.5
25323.6
25346.7
25369.9
25393.1
25416.4
25439.8
25463.2
25486.7
25510.3
25534
25557.7
25581.6
25605.5
25629.5
25653.7
25678
25702.4
25726.9
25751.5
25776.3
25801.2
25826.3
25851.5
25876.9
25902.4
25928.1
25954
25980
26006.2
26032.6
26059.1
26085.8
26112.7
26139.8
26167
26194.4
26221.9
26249.6
26277.4
26305.4
26333.5
26361.7
26390
26418.4
26446.9
26475.4
26504.1
26532.7
26561.4
26590.2
26618.9
26647.6
26676.3
26705
26733.6
26762.2
26790.7
26819.1
26847.4
26875.6
26903.7
26931.7
26959.6
26987.3
27014.9
27042.3
27069.6
27096.8
27123.8
27150.7
27177.4
27203.9
27230.4
27256.6
27282.8
27308.8
27334.6
27360.4
27386
27411.5
27436.8
27462.1
27487.2
27512.3
27537.2
27562.1
27586.8
27611.5
27636.1
27660.6
27685.1
27709.5
27733.8
27758
27782.2
27806.4
27830.5
27854.5
27878.5
27902.4
27926.3
27950.2
27974
27997.8
28021.5
28045.2
28068.9
28092.5
28116.1
28139.7
28163.2
28186.7
28210.2
28233.7
28257.1
28280.5
28303.9
28327.3
28350.6
28374
28397.3
28420.6
28443.8
28467.1
28490.3
28513.5
28536.7
28559.9
28583
28606.1
28629.2
28652.3
28675.4
28698.4
28721.4
28744.4
28767.4
28790.4
28813.4
28836.4
28859.6
28882.8
28906.2
28929.8
28953.8
28978.1
29003.1
29028.7
29055.2
29082.6
29111.3
29141.2
29172.6
29204.9
29239.2
29273.9
)
;

boundaryField
{
    sides
    {
        type            zeroGradient;
    }
    empty
    {
        type            empty;
    }
}


// ************************************************************************* //
