/*--------------------------------*- C++ -*----------------------------------*\
| =========                 |                                                 |
| \\      /  F ield         | OpenFOAM: The Open Source CFD Toolbox           |
|  \\    /   O peration     | Version:  2406                                  |
|   \\  /    A nd           | Website:  www.openfoam.com                      |
|    \\/     M anipulation  |                                                 |
\*---------------------------------------------------------------------------*/
FoamFile
{
    version     2.0;
    format      ascii;
    arch        "LSB;label=32;scalar=64";
    class       surfaceScalarField;
    location    "0.032";
    object      phi;
}
// * * * * * * * * * * * * * * * * * * * * * * * * * * * * * * * * * * * * * //

dimensions      [1 0 -1 0 0 0 0];

oriented        oriented;

internalField   nonuniform List<scalar> 
999
(
16.884
17.3347
17.7851
18.2353
18.6854
19.1353
19.5848
20.034
20.4828
20.9315
21.3803
21.8292
22.2779
22.7262
23.1738
23.6209
24.0675
24.5139
24.9604
25.4072
25.8545
26.3025
26.751
27.2
27.6493
28.0987
28.5482
28.9976
29.4472
29.8974
30.3479
30.7983
31.2487
31.699
32.1493
32.5995
33.0496
33.4997
33.9497
34.3996
34.8494
35.2992
35.7489
36.1986
36.6481
37.0977
37.5471
37.9965
38.4458
38.895
39.3442
39.7933
40.2424
40.6913
41.1402
41.5891
42.0378
42.4865
42.9351
43.3837
43.8322
44.2806
44.7289
45.1772
45.6254
46.0735
46.5216
46.9696
47.4175
47.8653
48.3132
48.7608
49.2085
49.656
50.1035
50.5509
50.9982
51.4455
51.8927
52.3398
52.7869
53.2338
53.6807
54.1276
54.5743
55.0211
55.4675
55.9142
56.3605
56.8069
57.2533
57.6994
58.1457
58.5916
59.0376
59.4836
59.9293
60.3752
60.8208
61.2664
61.712
62.1573
62.6027
63.0481
63.4932
63.9384
64.3834
64.8283
65.2733
65.7181
66.1628
66.6074
67.052
67.4965
67.9409
68.3852
68.8294
69.2736
69.7177
70.1617
70.6056
71.0494
71.4931
71.9368
72.3803
72.8238
73.2672
73.7105
74.1538
74.5969
75.04
75.483
75.9259
76.3686
76.8114
77.254
77.6965
78.139
78.5813
79.0236
79.4658
79.9079
80.3499
80.7918
81.2337
81.6754
82.1171
82.5586
83.0001
83.4415
83.8828
84.3239
84.765
85.2061
85.647
86.0878
86.5285
86.9692
87.4097
87.8502
88.2905
88.7308
89.1709
89.611
90.051
90.4908
90.9306
91.3703
91.8099
92.2493
92.6887
93.128
93.5672
94.0063
94.4453
94.8841
95.3229
95.7616
96.2002
96.6386
97.077
97.5153
97.9534
98.3915
98.8295
99.2673
99.705
100.143
100.58
101.018
101.455
101.892
102.329
102.766
103.203
103.64
104.077
104.513
104.95
105.386
105.822
106.258
106.694
107.13
107.566
108.001
108.437
108.872
109.308
109.743
110.178
110.613
111.048
111.482
111.917
112.351
112.786
113.22
113.654
114.088
114.522
114.956
115.389
115.823
116.256
116.689
117.123
117.556
117.988
118.421
118.854
119.286
119.718
120.151
120.583
121.015
121.446
121.878
122.31
122.741
123.172
123.603
124.034
124.465
124.896
125.326
125.756
126.187
126.617
127.047
127.476
127.906
128.336
128.765
129.194
129.623
130.052
130.481
130.909
131.337
131.766
132.194
132.622
133.049
133.477
133.904
134.331
134.758
135.185
135.612
136.038
136.465
136.891
137.317
137.743
138.168
138.593
139.019
139.444
139.868
140.293
140.718
141.142
141.566
141.99
142.413
142.837
143.26
143.683
144.105
144.528
144.95
145.372
145.794
146.216
146.637
147.058
147.479
147.9
148.32
148.741
149.161
149.58
150
150.419
150.838
151.256
151.675
152.093
152.511
152.928
153.345
153.762
154.179
154.595
155.011
155.427
155.842
156.258
156.672
157.087
157.501
157.915
158.328
158.741
159.154
159.566
159.978
160.39
160.801
161.212
161.622
162.032
162.442
162.851
163.26
163.668
164.076
164.483
164.891
165.297
165.703
166.109
166.515
166.921
167.325
167.729
168.132
168.535
168.937
169.339
169.74
170.14
170.54
170.94
171.338
171.737
172.134
172.531
172.928
173.323
173.718
174.113
174.507
174.9
175.292
175.684
176.075
176.465
176.855
177.244
177.632
178.019
178.406
178.791
179.176
179.561
179.944
180.327
180.708
181.089
181.469
181.848
182.227
182.604
182.981
183.357
183.732
184.106
184.479
184.851
185.222
185.593
185.962
186.331
186.699
187.066
187.432
187.797
188.161
188.524
188.887
189.248
189.609
189.969
190.328
190.686
191.044
191.401
191.757
192.112
192.466
192.82
193.173
193.525
193.877
194.228
194.579
194.928
195.278
195.627
195.975
196.323
196.67
197.017
197.364
197.71
198.056
198.401
198.746
199.091
199.436
199.781
200.125
200.469
200.814
201.158
201.502
201.846
202.19
202.534
202.878
203.222
203.566
203.91
204.255
204.599
204.944
205.289
205.634
205.98
206.325
206.671
207.017
207.363
207.71
208.057
208.404
208.752
209.1
209.448
209.796
210.145
210.495
210.844
211.194
211.545
211.896
212.247
212.599
212.951
213.303
213.656
214.009
214.363
214.717
215.071
215.426
215.782
216.137
216.494
216.85
217.207
217.565
217.923
218.281
218.64
218.999
219.359
219.719
220.08
220.441
220.802
221.164
221.527
221.889
222.253
222.616
222.98
223.345
223.71
224.076
224.442
224.808
225.175
225.542
225.91
226.278
226.647
227.016
227.385
227.755
228.126
228.497
228.868
229.24
229.612
229.985
230.358
230.732
231.106
231.481
231.856
232.231
232.607
232.984
233.361
233.738
234.116
234.494
234.873
235.252
235.632
236.012
236.392
236.773
237.155
237.537
237.919
238.302
238.686
239.069
239.454
239.839
240.224
240.61
240.996
241.382
241.769
242.157
242.545
242.934
243.323
243.712
244.102
244.493
244.883
245.275
245.667
246.059
246.452
246.845
247.239
247.633
248.028
248.423
248.819
249.215
249.611
250.008
250.406
250.804
251.203
251.602
252.001
252.401
252.802
253.202
253.604
254.006
254.408
254.811
255.214
255.618
256.023
256.427
256.833
257.238
257.645
258.051
258.459
258.866
259.275
259.683
260.093
260.502
260.912
261.323
261.734
262.146
262.558
262.971
263.384
263.797
264.212
264.626
265.041
265.457
265.873
266.29
266.707
267.124
267.542
267.961
268.38
268.799
269.219
269.64
270.061
270.483
270.905
271.327
271.75
272.174
272.598
273.022
273.448
273.873
274.299
274.726
275.153
275.58
276.008
276.437
276.866
277.296
277.726
278.156
278.588
279.019
279.451
279.884
280.317
280.751
281.185
281.62
282.055
282.49
282.927
283.363
283.801
284.238
284.677
285.115
285.555
285.994
286.435
286.875
287.317
287.759
288.201
288.644
289.087
289.531
289.976
290.42
290.866
291.312
291.758
292.205
292.653
293.101
293.55
293.999
294.448
294.898
295.349
295.8
296.252
296.704
297.157
297.61
298.064
298.518
298.973
299.429
299.884
300.341
300.798
301.255
301.713
302.172
302.631
303.091
303.551
304.011
304.472
304.934
305.396
305.859
306.323
306.786
307.251
307.716
308.181
308.647
309.114
309.581
310.048
310.516
310.985
311.454
311.924
312.394
312.865
313.336
313.808
314.281
314.753
315.227
315.701
316.176
316.651
317.126
317.602
318.079
318.556
319.034
319.512
319.991
320.471
320.951
321.431
321.912
322.394
322.876
323.358
323.842
324.325
324.81
325.294
325.78
326.266
326.752
327.239
327.727
328.215
328.703
329.192
329.682
330.172
330.663
331.154
331.646
332.138
332.631
333.124
333.618
334.113
334.608
335.103
335.6
336.096
336.593
337.091
337.589
338.088
338.587
339.087
339.588
340.089
340.59
341.092
341.595
342.098
342.601
343.105
343.61
344.115
344.621
345.127
345.634
346.141
346.649
347.157
347.666
348.176
348.686
349.196
349.707
350.219
350.731
351.244
351.757
352.27
352.785
353.299
353.815
354.33
354.847
355.364
355.881
356.399
356.917
357.436
357.956
358.476
358.996
359.517
360.039
360.561
361.083
361.606
362.13
362.654
363.179
363.704
364.23
364.756
365.282
365.81
366.337
366.865
367.394
367.923
368.453
368.983
369.514
370.045
370.577
371.109
371.641
372.175
372.708
373.242
373.777
374.312
374.847
375.383
375.919
376.456
376.993
377.531
378.069
378.607
379.146
379.685
380.225
380.765
381.305
381.846
382.386
382.928
383.469
384.011
384.553
385.096
385.639
386.182
386.725
387.268
387.812
388.356
388.9
389.444
389.988
390.533
391.078
391.622
392.168
392.713
393.258
393.803
394.349
394.895
395.441
395.987
396.533
397.079
397.626
398.173
398.72
399.267
399.815
400.362
400.91
401.459
402.008
402.557
403.106
403.656
404.207
404.757
405.309
405.861
406.413
406.966
407.519
408.073
408.628
409.183
409.739
410.296
410.853
411.411
411.969
412.528
413.088
413.649
414.21
414.771
415.334
415.896
416.46
417.024
417.589
418.154
418.719
419.286
419.852
420.419
420.987
421.555
422.123
422.692
423.261
423.83
424.4
424.97
425.54
426.111
426.681
427.252
427.823
428.394
428.966
429.537
430.109
430.68
431.252
431.823
432.395
432.967
433.538
434.11
434.681
435.252
435.824
436.395
436.966
437.536
438.107
438.677
439.247
439.816
440.386
440.955
441.524
442.092
442.66
443.227
443.794
444.36
444.927
445.492
446.057
446.621
447.185
447.747
448.31
448.871
449.432
449.991
450.551
451.109
451.666
452.222
452.778
453.332
453.886
454.438
454.989
455.538
456.086
456.633
457.178
457.72
458.261
458.8
459.335
459.868
460.398
460.924
461.446
461.964
462.479
462.989
463.496
463.998
)
;

boundaryField
{
    sides
    {
        type            calculated;
        value           nonuniform List<scalar> 2(464.498 -16.433);
    }
    empty
    {
        type            empty;
    }
}


// ************************************************************************* //
