/*--------------------------------*- C++ -*----------------------------------*\
| =========                 |                                                 |
| \\      /  F ield         | OpenFOAM: The Open Source CFD Toolbox           |
|  \\    /   O peration     | Version:  2406                                  |
|   \\  /    A nd           | Website:  www.openfoam.com                      |
|    \\/     M anipulation  |                                                 |
\*---------------------------------------------------------------------------*/
FoamFile
{
    version     2.0;
    format      ascii;
    arch        "LSB;label=32;scalar=64";
    class       volScalarField;
    location    "0.032";
    object      T;
}
// * * * * * * * * * * * * * * * * * * * * * * * * * * * * * * * * * * * * * //

dimensions      [0 0 0 1 0 0 0];

internalField   nonuniform List<scalar> 
1000
(
211.761
211.782
211.816
211.851
211.885
211.918
211.951
211.986
212.022
212.058
212.091
212.121
212.148
212.177
212.208
212.243
212.281
212.319
212.356
212.389
212.416
212.436
212.45
212.458
212.463
212.464
212.464
212.464
212.463
212.457
212.448
212.438
212.428
212.417
212.407
212.397
212.386
212.376
212.366
212.355
212.345
212.335
212.325
212.314
212.304
212.294
212.284
212.273
212.263
212.253
212.243
212.233
212.222
212.212
212.202
212.192
212.181
212.171
212.161
212.151
212.14
212.13
212.12
212.11
212.099
212.089
212.079
212.068
212.059
212.048
212.038
212.027
212.019
212.006
211.999
211.985
211.978
211.964
211.957
211.944
211.937
211.923
211.916
211.903
211.896
211.883
211.874
211.863
211.853
211.844
211.832
211.823
211.812
211.801
211.792
211.781
211.771
211.761
211.75
211.741
211.73
211.719
211.71
211.699
211.689
211.679
211.668
211.658
211.648
211.637
211.627
211.617
211.606
211.596
211.586
211.576
211.565
211.555
211.545
211.534
211.524
211.514
211.504
211.493
211.483
211.473
211.463
211.452
211.442
211.432
211.421
211.411
211.401
211.391
211.38
211.37
211.36
211.349
211.339
211.329
211.319
211.308
211.298
211.288
211.278
211.267
211.257
211.247
211.237
211.226
211.216
211.206
211.196
211.185
211.175
211.165
211.155
211.144
211.134
211.124
211.114
211.103
211.093
211.083
211.073
211.063
211.052
211.042
211.032
211.022
211.011
211.001
210.991
210.981
210.971
210.961
210.95
210.94
210.93
210.92
210.91
210.9
210.889
210.879
210.869
210.859
210.849
210.839
210.829
210.819
210.809
210.798
210.788
210.778
210.768
210.758
210.748
210.738
210.728
210.718
210.708
210.698
210.688
210.678
210.668
210.658
210.648
210.638
210.628
210.618
210.608
210.598
210.588
210.579
210.569
210.559
210.549
210.539
210.529
210.519
210.51
210.5
210.49
210.48
210.471
210.461
210.451
210.442
210.432
210.422
210.413
210.403
210.393
210.384
210.374
210.365
210.355
210.346
210.336
210.327
210.317
210.308
210.298
210.289
210.28
210.27
210.261
210.252
210.243
210.233
210.224
210.215
210.206
210.197
210.188
210.179
210.17
210.161
210.152
210.143
210.134
210.125
210.116
210.108
210.099
210.09
210.082
210.073
210.064
210.056
210.047
210.039
210.031
210.022
210.014
210.006
209.998
209.989
209.981
209.973
209.965
209.957
209.95
209.942
209.934
209.926
209.919
209.911
209.904
209.896
209.889
209.882
209.875
209.867
209.86
209.853
209.847
209.84
209.833
209.826
209.82
209.813
209.807
209.801
209.795
209.789
209.783
209.777
209.771
209.766
209.76
209.755
209.749
209.744
209.739
209.734
209.73
209.725
209.721
209.716
209.712
209.708
209.704
209.7
209.697
209.693
209.69
209.687
209.684
209.682
209.679
209.677
209.675
209.673
209.671
209.67
209.669
209.668
209.667
209.666
209.666
209.666
209.666
209.666
209.666
209.667
209.668
209.67
209.672
209.674
209.676
209.679
209.682
209.685
209.689
209.693
209.698
209.702
209.708
209.713
209.719
209.725
209.732
209.739
209.747
209.755
209.763
209.772
209.782
209.791
209.802
209.812
209.824
209.836
209.848
209.861
209.874
209.888
209.902
209.917
209.933
209.949
209.966
209.983
210.001
210.02
210.039
210.059
210.08
210.101
210.123
210.145
210.168
210.192
210.217
210.242
210.268
210.294
210.321
210.349
210.378
210.407
210.437
210.468
210.499
210.531
210.564
210.598
210.632
210.666
210.702
210.738
210.775
210.812
210.85
210.889
210.928
210.968
211.009
211.05
211.092
211.134
211.177
211.22
211.264
211.308
211.353
211.398
211.444
211.49
211.537
211.584
211.632
211.679
211.728
211.776
211.825
211.874
211.924
211.974
212.024
212.074
212.125
212.176
212.227
212.278
212.329
212.381
212.433
212.485
212.537
212.589
212.642
212.694
212.747
212.8
212.853
212.906
212.959
213.012
213.066
213.119
213.173
213.226
213.28
213.333
213.387
213.441
213.495
213.549
213.602
213.656
213.71
213.765
213.819
213.873
213.927
213.981
214.035
214.09
214.144
214.198
214.252
214.307
214.361
214.416
214.47
214.525
214.579
214.634
214.688
214.743
214.797
214.852
214.907
214.961
215.016
215.071
215.125
215.18
215.235
215.29
215.345
215.399
215.454
215.509
215.564
215.619
215.674
215.729
215.784
215.839
215.894
215.949
216.004
216.059
216.115
216.17
216.225
216.28
216.335
216.391
216.446
216.501
216.557
216.612
216.667
216.723
216.778
216.834
216.889
216.944
217
217.056
217.111
217.167
217.222
217.278
217.333
217.389
217.445
217.501
217.556
217.612
217.668
217.724
217.779
217.835
217.891
217.947
218.003
218.059
218.115
218.171
218.227
218.283
218.339
218.395
218.451
218.507
218.563
218.619
218.676
218.732
218.788
218.844
218.9
218.957
219.013
219.069
219.126
219.182
219.239
219.295
219.351
219.408
219.464
219.521
219.577
219.634
219.69
219.747
219.804
219.86
219.917
219.974
220.03
220.087
220.144
220.201
220.257
220.314
220.371
220.428
220.485
220.542
220.598
220.655
220.712
220.769
220.826
220.883
220.94
220.998
221.055
221.112
221.169
221.226
221.283
221.34
221.397
221.455
221.512
221.569
221.627
221.684
221.741
221.799
221.856
221.913
221.971
222.028
222.086
222.143
222.201
222.258
222.316
222.373
222.431
222.489
222.546
222.604
222.661
222.719
222.777
222.835
222.892
222.95
223.008
223.066
223.124
223.181
223.239
223.297
223.355
223.413
223.471
223.529
223.587
223.645
223.703
223.761
223.819
223.877
223.935
223.994
224.052
224.11
224.168
224.226
224.284
224.343
224.401
224.459
224.518
224.576
224.634
224.693
224.751
224.809
224.868
224.926
224.985
225.043
225.102
225.16
225.219
225.277
225.336
225.394
225.453
225.512
225.57
225.629
225.688
225.746
225.805
225.864
225.922
225.981
226.04
226.099
226.157
226.216
226.275
226.334
226.393
226.452
226.511
226.569
226.628
226.687
226.746
226.805
226.864
226.923
226.982
227.041
227.1
227.159
227.218
227.277
227.337
227.396
227.455
227.514
227.573
227.632
227.691
227.751
227.81
227.869
227.928
227.987
228.047
228.106
228.165
228.224
228.284
228.343
228.402
228.462
228.521
228.58
228.64
228.699
228.759
228.818
228.878
228.937
228.996
229.056
229.115
229.175
229.234
229.294
229.353
229.413
229.473
229.532
229.592
229.651
229.711
229.771
229.83
229.89
229.95
230.009
230.069
230.129
230.189
230.248
230.308
230.368
230.428
230.488
230.547
230.607
230.667
230.727
230.787
230.847
230.907
230.967
231.027
231.087
231.146
231.206
231.266
231.326
231.387
231.447
231.507
231.567
231.627
231.687
231.747
231.807
231.867
231.927
231.988
232.048
232.108
232.168
232.228
232.289
232.349
232.409
232.469
232.53
232.59
232.65
232.711
232.771
232.831
232.892
232.952
233.012
233.073
233.133
233.194
233.254
233.315
233.375
233.435
233.496
233.556
233.617
233.677
233.738
233.798
233.859
233.92
233.98
234.041
234.101
234.162
234.223
234.283
234.344
234.405
234.466
234.526
234.587
234.648
234.709
234.77
234.831
234.892
234.953
235.014
235.076
235.137
235.198
235.26
235.321
235.383
235.445
235.507
235.569
235.631
235.693
235.756
235.819
235.882
235.945
236.008
236.072
236.135
236.199
236.264
236.329
236.393
236.459
236.524
236.59
236.657
236.723
236.79
236.858
236.926
236.994
237.062
237.132
237.201
237.271
237.341
237.412
237.482
237.554
237.625
237.697
237.77
237.842
237.915
237.988
238.062
238.135
238.209
238.283
238.356
238.43
238.504
238.578
238.652
238.726
238.799
238.873
238.946
239.019
239.092
239.165
239.237
239.309
239.38
239.452
239.522
239.593
239.663
239.733
239.802
239.871
239.939
240.007
240.074
240.142
240.208
240.275
240.34
240.406
240.471
240.536
240.6
240.664
240.728
240.792
240.854
240.918
240.98
241.042
241.104
241.166
241.227
241.289
241.349
241.411
241.471
241.532
241.591
241.653
241.711
241.773
241.831
241.892
241.949
242.011
242.067
242.129
242.185
242.247
242.302
242.364
242.418
242.481
242.534
242.598
242.649
242.714
242.765
242.83
242.879
242.945
242.994
243.061
243.108
243.176
243.221
243.29
243.335
243.404
243.448
243.518
243.561
243.632
243.673
243.745
243.785
243.857
243.897
243.97
244.009
244.082
244.12
244.194
244.232
244.307
244.346
244.422
244.461
244.54
244.581
244.664
244.708
244.797
244.845
244.943
244.994
245.107
245.148
245.293
)
;

boundaryField
{
    sides
    {
        type            zeroGradient;
    }
    empty
    {
        type            empty;
    }
}


// ************************************************************************* //
