/*--------------------------------*- C++ -*----------------------------------*\
| =========                 |                                                 |
| \\      /  F ield         | OpenFOAM: The Open Source CFD Toolbox           |
|  \\    /   O peration     | Version:  2406                                  |
|   \\  /    A nd           | Website:  www.openfoam.com                      |
|    \\/     M anipulation  |                                                 |
\*---------------------------------------------------------------------------*/
FoamFile
{
    version     2.0;
    format      ascii;
    arch        "LSB;label=32;scalar=64";
    class       volVectorField;
    location    "0.032";
    object      U;
}
// * * * * * * * * * * * * * * * * * * * * * * * * * * * * * * * * * * * * * //

dimensions      [0 1 -1 0 0 0 0];

internalField   nonuniform List<vector> 
1000
(
(14.0353 0 0)
(14.4889 0 0)
(14.9957 0 0)
(15.4115 0 0)
(15.7888 0 0)
(16.169 0 0)
(16.5576 0 0)
(16.949 0 0)
(17.3399 0 0)
(17.7301 0 0)
(18.1202 0 0)
(18.5104 0 0)
(18.9005 0 0)
(19.2907 0 0)
(19.681 0 0)
(20.0713 0 0)
(20.4616 0 0)
(20.8521 0 0)
(21.2427 0 0)
(21.6333 0 0)
(22.0239 0 0)
(22.4146 0 0)
(22.8053 0 0)
(23.196 0 0)
(23.5867 0 0)
(23.9774 0 0)
(24.3682 0 0)
(24.7589 0 0)
(25.1498 0 0)
(25.5407 0 0)
(25.9316 0 0)
(26.3225 0 0)
(26.7135 0 0)
(27.1045 0 0)
(27.4955 0 0)
(27.8865 0 0)
(28.2776 0 0)
(28.6687 0 0)
(29.0599 0 0)
(29.4511 0 0)
(29.8423 0 0)
(30.2336 0 0)
(30.6249 0 0)
(31.0163 0 0)
(31.4076 0 0)
(31.799 0 0)
(32.1905 0 0)
(32.582 0 0)
(32.9735 0 0)
(33.365 0 0)
(33.7566 0 0)
(34.1482 0 0)
(34.5399 0 0)
(34.9316 0 0)
(35.3233 0 0)
(35.715 0 0)
(36.1068 0 0)
(36.4986 0 0)
(36.8905 0 0)
(37.2824 0 0)
(37.6743 0 0)
(38.0662 0 0)
(38.4582 0 0)
(38.8502 0 0)
(39.2423 0 0)
(39.6343 0 0)
(40.0264 0 0)
(40.4186 0 0)
(40.8108 0 0)
(41.203 0 0)
(41.5952 0 0)
(41.9875 0 0)
(42.3798 0 0)
(42.7721 0 0)
(43.1644 0 0)
(43.5568 0 0)
(43.9492 0 0)
(44.3417 0 0)
(44.7342 0 0)
(45.1267 0 0)
(45.5192 0 0)
(45.9118 0 0)
(46.3044 0 0)
(46.697 0 0)
(47.0897 0 0)
(47.4824 0 0)
(47.8751 0 0)
(48.2678 0 0)
(48.6606 0 0)
(49.0534 0 0)
(49.4462 0 0)
(49.8391 0 0)
(50.232 0 0)
(50.6249 0 0)
(51.0178 0 0)
(51.4108 0 0)
(51.8037 0 0)
(52.1968 0 0)
(52.5898 0 0)
(52.9829 0 0)
(53.376 0 0)
(53.7691 0 0)
(54.1622 0 0)
(54.5554 0 0)
(54.9486 0 0)
(55.3418 0 0)
(55.7351 0 0)
(56.1284 0 0)
(56.5216 0 0)
(56.915 0 0)
(57.3083 0 0)
(57.7017 0 0)
(58.0951 0 0)
(58.4885 0 0)
(58.8819 0 0)
(59.2754 0 0)
(59.6689 0 0)
(60.0624 0 0)
(60.4559 0 0)
(60.8494 0 0)
(61.243 0 0)
(61.6366 0 0)
(62.0302 0 0)
(62.4238 0 0)
(62.8175 0 0)
(63.2112 0 0)
(63.6049 0 0)
(63.9986 0 0)
(64.3923 0 0)
(64.7861 0 0)
(65.1798 0 0)
(65.5736 0 0)
(65.9674 0 0)
(66.3612 0 0)
(66.7551 0 0)
(67.1489 0 0)
(67.5428 0 0)
(67.9367 0 0)
(68.3306 0 0)
(68.7246 0 0)
(69.1185 0 0)
(69.5125 0 0)
(69.9064 0 0)
(70.3004 0 0)
(70.6944 0 0)
(71.0884 0 0)
(71.4825 0 0)
(71.8765 0 0)
(72.2706 0 0)
(72.6646 0 0)
(73.0587 0 0)
(73.4528 0 0)
(73.8469 0 0)
(74.2411 0 0)
(74.6352 0 0)
(75.0293 0 0)
(75.4235 0 0)
(75.8176 0 0)
(76.2118 0 0)
(76.606 0 0)
(77.0002 0 0)
(77.3944 0 0)
(77.7886 0 0)
(78.1828 0 0)
(78.577 0 0)
(78.9712 0 0)
(79.3655 0 0)
(79.7597 0 0)
(80.1539 0 0)
(80.5482 0 0)
(80.9424 0 0)
(81.3367 0 0)
(81.7309 0 0)
(82.1252 0 0)
(82.5195 0 0)
(82.9137 0 0)
(83.308 0 0)
(83.7022 0 0)
(84.0965 0 0)
(84.4907 0 0)
(84.885 0 0)
(85.2793 0 0)
(85.6735 0 0)
(86.0678 0 0)
(86.462 0 0)
(86.8562 0 0)
(87.2505 0 0)
(87.6447 0 0)
(88.0389 0 0)
(88.4331 0 0)
(88.8273 0 0)
(89.2215 0 0)
(89.6157 0 0)
(90.0099 0 0)
(90.404 0 0)
(90.7982 0 0)
(91.1923 0 0)
(91.5865 0 0)
(91.9806 0 0)
(92.3747 0 0)
(92.7688 0 0)
(93.1628 0 0)
(93.5569 0 0)
(93.9509 0 0)
(94.3449 0 0)
(94.7389 0 0)
(95.1329 0 0)
(95.5268 0 0)
(95.9208 0 0)
(96.3147 0 0)
(96.7086 0 0)
(97.1024 0 0)
(97.4963 0 0)
(97.8901 0 0)
(98.2839 0 0)
(98.6776 0 0)
(99.0713 0 0)
(99.465 0 0)
(99.8587 0 0)
(100.252 0 0)
(100.646 0 0)
(101.039 0 0)
(101.433 0 0)
(101.826 0 0)
(102.22 0 0)
(102.613 0 0)
(103.007 0 0)
(103.4 0 0)
(103.793 0 0)
(104.186 0 0)
(104.58 0 0)
(104.973 0 0)
(105.366 0 0)
(105.759 0 0)
(106.152 0 0)
(106.545 0 0)
(106.938 0 0)
(107.33 0 0)
(107.723 0 0)
(108.116 0 0)
(108.508 0 0)
(108.901 0 0)
(109.293 0 0)
(109.686 0 0)
(110.078 0 0)
(110.47 0 0)
(110.862 0 0)
(111.255 0 0)
(111.647 0 0)
(112.039 0 0)
(112.43 0 0)
(112.822 0 0)
(113.214 0 0)
(113.605 0 0)
(113.997 0 0)
(114.388 0 0)
(114.78 0 0)
(115.171 0 0)
(115.562 0 0)
(115.953 0 0)
(116.344 0 0)
(116.734 0 0)
(117.125 0 0)
(117.516 0 0)
(117.906 0 0)
(118.296 0 0)
(118.687 0 0)
(119.077 0 0)
(119.466 0 0)
(119.856 0 0)
(120.246 0 0)
(120.635 0 0)
(121.025 0 0)
(121.414 0 0)
(121.803 0 0)
(122.192 0 0)
(122.58 0 0)
(122.969 0 0)
(123.357 0 0)
(123.745 0 0)
(124.133 0 0)
(124.521 0 0)
(124.909 0 0)
(125.296 0 0)
(125.683 0 0)
(126.07 0 0)
(126.457 0 0)
(126.844 0 0)
(127.23 0 0)
(127.616 0 0)
(128.002 0 0)
(128.388 0 0)
(128.773 0 0)
(129.158 0 0)
(129.543 0 0)
(129.928 0 0)
(130.312 0 0)
(130.696 0 0)
(131.08 0 0)
(131.464 0 0)
(131.847 0 0)
(132.23 0 0)
(132.613 0 0)
(132.995 0 0)
(133.377 0 0)
(133.758 0 0)
(134.14 0 0)
(134.521 0 0)
(134.901 0 0)
(135.281 0 0)
(135.661 0 0)
(136.041 0 0)
(136.42 0 0)
(136.798 0 0)
(137.176 0 0)
(137.554 0 0)
(137.931 0 0)
(138.308 0 0)
(138.685 0 0)
(139.061 0 0)
(139.436 0 0)
(139.811 0 0)
(140.185 0 0)
(140.559 0 0)
(140.932 0 0)
(141.305 0 0)
(141.677 0 0)
(142.049 0 0)
(142.419 0 0)
(142.79 0 0)
(143.159 0 0)
(143.528 0 0)
(143.897 0 0)
(144.264 0 0)
(144.631 0 0)
(144.997 0 0)
(145.363 0 0)
(145.728 0 0)
(146.092 0 0)
(146.455 0 0)
(146.817 0 0)
(147.179 0 0)
(147.54 0 0)
(147.901 0 0)
(148.261 0 0)
(148.62 0 0)
(148.977 0 0)
(149.334 0 0)
(149.689 0 0)
(150.043 0 0)
(150.396 0 0)
(150.748 0 0)
(151.099 0 0)
(151.449 0 0)
(151.797 0 0)
(152.145 0 0)
(152.491 0 0)
(152.836 0 0)
(153.18 0 0)
(153.523 0 0)
(153.864 0 0)
(154.204 0 0)
(154.543 0 0)
(154.88 0 0)
(155.216 0 0)
(155.55 0 0)
(155.883 0 0)
(156.214 0 0)
(156.544 0 0)
(156.872 0 0)
(157.199 0 0)
(157.524 0 0)
(157.847 0 0)
(158.169 0 0)
(158.488 0 0)
(158.806 0 0)
(159.123 0 0)
(159.437 0 0)
(159.749 0 0)
(160.06 0 0)
(160.369 0 0)
(160.675 0 0)
(160.98 0 0)
(161.283 0 0)
(161.583 0 0)
(161.882 0 0)
(162.178 0 0)
(162.473 0 0)
(162.765 0 0)
(163.055 0 0)
(163.343 0 0)
(163.628 0 0)
(163.912 0 0)
(164.193 0 0)
(164.472 0 0)
(164.748 0 0)
(165.022 0 0)
(165.294 0 0)
(165.564 0 0)
(165.831 0 0)
(166.096 0 0)
(166.359 0 0)
(166.62 0 0)
(166.878 0 0)
(167.133 0 0)
(167.387 0 0)
(167.638 0 0)
(167.887 0 0)
(168.133 0 0)
(168.378 0 0)
(168.62 0 0)
(168.86 0 0)
(169.098 0 0)
(169.333 0 0)
(169.567 0 0)
(169.798 0 0)
(170.028 0 0)
(170.255 0 0)
(170.481 0 0)
(170.704 0 0)
(170.926 0 0)
(171.146 0 0)
(171.364 0 0)
(171.58 0 0)
(171.795 0 0)
(172.008 0 0)
(172.219 0 0)
(172.429 0 0)
(172.638 0 0)
(172.845 0 0)
(173.051 0 0)
(173.255 0 0)
(173.458 0 0)
(173.66 0 0)
(173.861 0 0)
(174.06 0 0)
(174.259 0 0)
(174.457 0 0)
(174.653 0 0)
(174.849 0 0)
(175.044 0 0)
(175.239 0 0)
(175.432 0 0)
(175.625 0 0)
(175.817 0 0)
(176.008 0 0)
(176.199 0 0)
(176.39 0 0)
(176.58 0 0)
(176.769 0 0)
(176.958 0 0)
(177.147 0 0)
(177.335 0 0)
(177.523 0 0)
(177.711 0 0)
(177.898 0 0)
(178.086 0 0)
(178.272 0 0)
(178.459 0 0)
(178.646 0 0)
(178.832 0 0)
(179.018 0 0)
(179.205 0 0)
(179.391 0 0)
(179.577 0 0)
(179.762 0 0)
(179.948 0 0)
(180.134 0 0)
(180.319 0 0)
(180.505 0 0)
(180.691 0 0)
(180.876 0 0)
(181.062 0 0)
(181.247 0 0)
(181.433 0 0)
(181.618 0 0)
(181.804 0 0)
(181.989 0 0)
(182.175 0 0)
(182.361 0 0)
(182.546 0 0)
(182.732 0 0)
(182.918 0 0)
(183.103 0 0)
(183.289 0 0)
(183.475 0 0)
(183.661 0 0)
(183.846 0 0)
(184.032 0 0)
(184.218 0 0)
(184.404 0 0)
(184.59 0 0)
(184.776 0 0)
(184.962 0 0)
(185.148 0 0)
(185.335 0 0)
(185.521 0 0)
(185.707 0 0)
(185.893 0 0)
(186.08 0 0)
(186.266 0 0)
(186.453 0 0)
(186.639 0 0)
(186.826 0 0)
(187.012 0 0)
(187.199 0 0)
(187.386 0 0)
(187.572 0 0)
(187.759 0 0)
(187.946 0 0)
(188.133 0 0)
(188.32 0 0)
(188.507 0 0)
(188.694 0 0)
(188.881 0 0)
(189.068 0 0)
(189.255 0 0)
(189.443 0 0)
(189.63 0 0)
(189.817 0 0)
(190.005 0 0)
(190.192 0 0)
(190.379 0 0)
(190.567 0 0)
(190.755 0 0)
(190.942 0 0)
(191.13 0 0)
(191.317 0 0)
(191.505 0 0)
(191.693 0 0)
(191.881 0 0)
(192.069 0 0)
(192.257 0 0)
(192.445 0 0)
(192.633 0 0)
(192.821 0 0)
(193.009 0 0)
(193.197 0 0)
(193.385 0 0)
(193.574 0 0)
(193.762 0 0)
(193.95 0 0)
(194.139 0 0)
(194.327 0 0)
(194.516 0 0)
(194.704 0 0)
(194.893 0 0)
(195.081 0 0)
(195.27 0 0)
(195.459 0 0)
(195.648 0 0)
(195.837 0 0)
(196.025 0 0)
(196.214 0 0)
(196.403 0 0)
(196.592 0 0)
(196.781 0 0)
(196.971 0 0)
(197.16 0 0)
(197.349 0 0)
(197.538 0 0)
(197.727 0 0)
(197.917 0 0)
(198.106 0 0)
(198.296 0 0)
(198.485 0 0)
(198.675 0 0)
(198.864 0 0)
(199.054 0 0)
(199.243 0 0)
(199.433 0 0)
(199.623 0 0)
(199.813 0 0)
(200.003 0 0)
(200.193 0 0)
(200.382 0 0)
(200.572 0 0)
(200.763 0 0)
(200.953 0 0)
(201.143 0 0)
(201.333 0 0)
(201.523 0 0)
(201.713 0 0)
(201.904 0 0)
(202.094 0 0)
(202.284 0 0)
(202.475 0 0)
(202.665 0 0)
(202.856 0 0)
(203.046 0 0)
(203.237 0 0)
(203.428 0 0)
(203.618 0 0)
(203.809 0 0)
(204 0 0)
(204.191 0 0)
(204.382 0 0)
(204.573 0 0)
(204.764 0 0)
(204.955 0 0)
(205.146 0 0)
(205.337 0 0)
(205.528 0 0)
(205.719 0 0)
(205.91 0 0)
(206.102 0 0)
(206.293 0 0)
(206.484 0 0)
(206.676 0 0)
(206.867 0 0)
(207.059 0 0)
(207.25 0 0)
(207.442 0 0)
(207.634 0 0)
(207.825 0 0)
(208.017 0 0)
(208.209 0 0)
(208.401 0 0)
(208.592 0 0)
(208.784 0 0)
(208.976 0 0)
(209.168 0 0)
(209.36 0 0)
(209.552 0 0)
(209.744 0 0)
(209.936 0 0)
(210.129 0 0)
(210.321 0 0)
(210.513 0 0)
(210.705 0 0)
(210.898 0 0)
(211.09 0 0)
(211.283 0 0)
(211.475 0 0)
(211.668 0 0)
(211.86 0 0)
(212.053 0 0)
(212.245 0 0)
(212.438 0 0)
(212.631 0 0)
(212.824 0 0)
(213.016 0 0)
(213.209 0 0)
(213.402 0 0)
(213.595 0 0)
(213.788 0 0)
(213.981 0 0)
(214.174 0 0)
(214.367 0 0)
(214.56 0 0)
(214.753 0 0)
(214.947 0 0)
(215.14 0 0)
(215.333 0 0)
(215.527 0 0)
(215.72 0 0)
(215.913 0 0)
(216.107 0 0)
(216.3 0 0)
(216.494 0 0)
(216.687 0 0)
(216.881 0 0)
(217.075 0 0)
(217.268 0 0)
(217.462 0 0)
(217.656 0 0)
(217.85 0 0)
(218.043 0 0)
(218.237 0 0)
(218.431 0 0)
(218.625 0 0)
(218.819 0 0)
(219.013 0 0)
(219.207 0 0)
(219.401 0 0)
(219.595 0 0)
(219.79 0 0)
(219.984 0 0)
(220.178 0 0)
(220.372 0 0)
(220.567 0 0)
(220.761 0 0)
(220.955 0 0)
(221.15 0 0)
(221.344 0 0)
(221.539 0 0)
(221.733 0 0)
(221.928 0 0)
(222.123 0 0)
(222.317 0 0)
(222.512 0 0)
(222.707 0 0)
(222.902 0 0)
(223.096 0 0)
(223.291 0 0)
(223.486 0 0)
(223.681 0 0)
(223.876 0 0)
(224.071 0 0)
(224.266 0 0)
(224.461 0 0)
(224.656 0 0)
(224.851 0 0)
(225.046 0 0)
(225.242 0 0)
(225.437 0 0)
(225.632 0 0)
(225.827 0 0)
(226.023 0 0)
(226.218 0 0)
(226.413 0 0)
(226.609 0 0)
(226.804 0 0)
(227 0 0)
(227.195 0 0)
(227.391 0 0)
(227.586 0 0)
(227.782 0 0)
(227.978 0 0)
(228.173 0 0)
(228.369 0 0)
(228.565 0 0)
(228.761 0 0)
(228.957 0 0)
(229.152 0 0)
(229.348 0 0)
(229.544 0 0)
(229.74 0 0)
(229.936 0 0)
(230.132 0 0)
(230.328 0 0)
(230.524 0 0)
(230.72 0 0)
(230.917 0 0)
(231.113 0 0)
(231.309 0 0)
(231.505 0 0)
(231.701 0 0)
(231.898 0 0)
(232.094 0 0)
(232.29 0 0)
(232.487 0 0)
(232.683 0 0)
(232.879 0 0)
(233.076 0 0)
(233.272 0 0)
(233.469 0 0)
(233.665 0 0)
(233.862 0 0)
(234.059 0 0)
(234.255 0 0)
(234.452 0 0)
(234.649 0 0)
(234.845 0 0)
(235.042 0 0)
(235.239 0 0)
(235.436 0 0)
(235.632 0 0)
(235.829 0 0)
(236.026 0 0)
(236.223 0 0)
(236.42 0 0)
(236.617 0 0)
(236.814 0 0)
(237.011 0 0)
(237.208 0 0)
(237.405 0 0)
(237.602 0 0)
(237.799 0 0)
(237.996 0 0)
(238.193 0 0)
(238.39 0 0)
(238.587 0 0)
(238.785 0 0)
(238.982 0 0)
(239.179 0 0)
(239.376 0 0)
(239.574 0 0)
(239.771 0 0)
(239.968 0 0)
(240.166 0 0)
(240.363 0 0)
(240.56 0 0)
(240.758 0 0)
(240.955 0 0)
(241.153 0 0)
(241.35 0 0)
(241.547 0 0)
(241.745 0 0)
(241.942 0 0)
(242.14 0 0)
(242.338 0 0)
(242.535 0 0)
(242.733 0 0)
(242.93 0 0)
(243.128 0 0)
(243.325 0 0)
(243.523 0 0)
(243.721 0 0)
(243.918 0 0)
(244.116 0 0)
(244.314 0 0)
(244.511 0 0)
(244.709 0 0)
(244.907 0 0)
(245.105 0 0)
(245.302 0 0)
(245.5 0 0)
(245.698 0 0)
(245.896 0 0)
(246.093 0 0)
(246.291 0 0)
(246.489 0 0)
(246.687 0 0)
(246.885 0 0)
(247.082 0 0)
(247.28 0 0)
(247.478 0 0)
(247.676 0 0)
(247.874 0 0)
(248.071 0 0)
(248.269 0 0)
(248.467 0 0)
(248.665 0 0)
(248.863 0 0)
(249.06 0 0)
(249.258 0 0)
(249.456 0 0)
(249.653 0 0)
(249.851 0 0)
(250.048 0 0)
(250.246 0 0)
(250.443 0 0)
(250.64 0 0)
(250.838 0 0)
(251.035 0 0)
(251.232 0 0)
(251.429 0 0)
(251.625 0 0)
(251.822 0 0)
(252.018 0 0)
(252.214 0 0)
(252.41 0 0)
(252.606 0 0)
(252.801 0 0)
(252.996 0 0)
(253.191 0 0)
(253.386 0 0)
(253.58 0 0)
(253.773 0 0)
(253.966 0 0)
(254.159 0 0)
(254.351 0 0)
(254.543 0 0)
(254.734 0 0)
(254.924 0 0)
(255.113 0 0)
(255.302 0 0)
(255.49 0 0)
(255.677 0 0)
(255.863 0 0)
(256.049 0 0)
(256.233 0 0)
(256.416 0 0)
(256.598 0 0)
(256.779 0 0)
(256.959 0 0)
(257.138 0 0)
(257.315 0 0)
(257.492 0 0)
(257.667 0 0)
(257.84 0 0)
(258.013 0 0)
(258.184 0 0)
(258.354 0 0)
(258.522 0 0)
(258.689 0 0)
(258.855 0 0)
(259.02 0 0)
(259.183 0 0)
(259.346 0 0)
(259.507 0 0)
(259.667 0 0)
(259.826 0 0)
(259.984 0 0)
(260.142 0 0)
(260.298 0 0)
(260.454 0 0)
(260.61 0 0)
(260.765 0 0)
(260.92 0 0)
(261.074 0 0)
(261.228 0 0)
(261.383 0 0)
(261.537 0 0)
(261.692 0 0)
(261.846 0 0)
(262.002 0 0)
(262.157 0 0)
(262.314 0 0)
(262.471 0 0)
(262.629 0 0)
(262.788 0 0)
(262.947 0 0)
(263.108 0 0)
(263.27 0 0)
(263.433 0 0)
(263.597 0 0)
(263.762 0 0)
(263.928 0 0)
(264.096 0 0)
(264.265 0 0)
(264.435 0 0)
(264.606 0 0)
(264.778 0 0)
(264.952 0 0)
(265.127 0 0)
(265.303 0 0)
(265.48 0 0)
(265.658 0 0)
(265.837 0 0)
(266.018 0 0)
(266.199 0 0)
(266.381 0 0)
(266.564 0 0)
(266.748 0 0)
(266.932 0 0)
(267.117 0 0)
(267.303 0 0)
(267.49 0 0)
(267.677 0 0)
(267.865 0 0)
(268.053 0 0)
(268.242 0 0)
(268.431 0 0)
(268.62 0 0)
(268.81 0 0)
(269 0 0)
(269.19 0 0)
(269.38 0 0)
(269.571 0 0)
(269.762 0 0)
(269.953 0 0)
(270.144 0 0)
(270.335 0 0)
(270.527 0 0)
(270.718 0 0)
(270.909 0 0)
(271.101 0 0)
(271.292 0 0)
(271.483 0 0)
(271.674 0 0)
(271.865 0 0)
(272.056 0 0)
(272.247 0 0)
(272.437 0 0)
(272.628 0 0)
(272.818 0 0)
(273.007 0 0)
(273.197 0 0)
(273.386 0 0)
(273.575 0 0)
(273.764 0 0)
(273.952 0 0)
(274.14 0 0)
(274.328 0 0)
(274.515 0 0)
(274.701 0 0)
(274.888 0 0)
(275.073 0 0)
(275.259 0 0)
(275.443 0 0)
(275.628 0 0)
(275.811 0 0)
(275.995 0 0)
(276.177 0 0)
(276.36 0 0)
(276.541 0 0)
(276.722 0 0)
(276.902 0 0)
(277.082 0 0)
(277.26 0 0)
(277.437 0 0)
(277.614 0 0)
(277.788 0 0)
(277.961 0 0)
(278.132 0 0)
(278.299 0 0)
(278.463 0 0)
(278.622 0 0)
(278.776 0 0)
(278.924 0 0)
(279.063 0 0)
(279.194 0 0)
(279.314 0 0)
(279.423 0 0)
(279.522 0 0)
(279.609 0 0)
(279.685 0 0)
(279.907 0 0)
)
;

boundaryField
{
    sides
    {
        type            zeroGradient;
    }
    empty
    {
        type            empty;
    }
}


// ************************************************************************* //
