/*--------------------------------*- C++ -*----------------------------------*\
| =========                 |                                                 |
| \\      /  F ield         | OpenFOAM: The Open Source CFD Toolbox           |
|  \\    /   O peration     | Version:  2406                                  |
|   \\  /    A nd           | Website:  www.openfoam.com                      |
|    \\/     M anipulation  |                                                 |
\*---------------------------------------------------------------------------*/
FoamFile
{
    version     2.0;
    format      ascii;
    arch        "LSB;label=32;scalar=64";
    class       volScalarField;
    location    "0.045";
    object      mag(U);
}
// * * * * * * * * * * * * * * * * * * * * * * * * * * * * * * * * * * * * * //

dimensions      [0 1 -1 0 0 0 0];

internalField   nonuniform List<scalar> 
1000
(
18.9447
19.2072
19.543
19.8197
20.0616
20.3012
20.5468
20.7953
21.0436
21.2914
21.5389
21.7865
22.0341
22.2816
22.5291
22.7766
23.0241
23.2715
23.5189
23.7663
24.0136
24.2609
24.5082
24.7554
25.0025
25.2496
25.4967
25.7437
25.9907
26.2376
26.4845
26.7313
26.978
27.2246
27.4712
27.7178
27.9643
28.2107
28.457
28.7033
28.9494
29.1955
29.4415
29.6874
29.9332
30.179
30.4246
30.6701
30.9156
31.1609
31.4061
31.6513
31.8963
32.1412
32.3861
32.6307
32.8753
33.1198
33.3641
33.6082
33.8523
34.0962
34.3399
34.5835
34.827
35.0703
35.3134
35.5564
35.7992
36.0418
36.2843
36.5267
36.7688
37.0108
37.2525
37.4941
37.7355
37.9766
38.2176
38.4584
38.6989
38.9393
39.1794
39.4193
39.6589
39.8984
40.1376
40.3765
40.6152
40.8536
41.0918
41.3297
41.5674
41.8048
42.0419
42.2787
42.5152
42.7514
42.9873
43.2229
43.4582
43.6931
43.9277
44.162
44.3959
44.6295
44.8627
45.0956
45.328
45.5601
45.7917
46.023
46.2538
46.4842
46.7142
46.9437
47.1728
47.4015
47.6299
47.8578
48.085
48.3116
48.5375
48.763
48.9879
49.2122
49.4361
49.6593
49.8821
50.1043
50.3259
50.5469
50.7673
50.9871
51.2062
51.4247
51.6426
51.8598
52.0763
52.2921
52.5072
52.7216
52.9353
53.1482
53.3604
53.5718
53.7824
53.9922
54.2012
54.4093
54.6167
54.8231
55.0288
55.2335
55.4373
55.6403
55.8423
56.0434
56.2436
56.4427
56.641
56.8382
57.0345
57.2297
57.4239
57.6171
57.8093
58.0004
58.1904
58.3793
58.5672
58.7539
58.9396
59.1241
59.3075
59.4898
59.6709
59.8509
60.0297
60.2074
60.3839
60.5592
60.7333
60.9063
61.078
61.2486
61.418
61.5862
61.7532
61.919
62.0836
62.247
62.4093
62.5703
62.7302
62.8889
63.0465
63.2029
63.3582
63.5123
63.6653
63.8172
63.968
64.1177
64.2663
64.4139
64.5604
64.7059
64.8504
64.9939
65.1364
65.278
65.4186
65.5584
65.6972
65.8352
65.9723
66.1086
66.2441
66.3788
66.5127
66.6459
66.7784
66.9102
67.0414
67.1719
67.3018
67.4311
67.5598
67.6879
67.8156
67.9427
68.0694
68.1956
68.3214
68.4467
68.5717
68.6963
68.8205
68.9444
69.068
69.1912
69.3142
69.437
69.5594
69.6817
69.8037
69.9255
70.0472
70.1686
70.2899
70.4111
70.5321
70.653
70.7737
70.8944
71.0149
71.1354
71.2558
71.3761
71.4963
71.6165
71.7367
71.8568
71.9769
72.0969
72.2169
72.3369
72.4569
72.5768
72.6968
72.8167
72.9366
73.0566
73.1765
73.2965
73.4164
73.5364
73.6564
73.7764
73.8964
74.0165
74.1365
74.2566
74.3767
74.4969
74.617
74.7372
74.8575
74.9777
75.098
75.2183
75.3386
75.459
75.5794
75.6998
75.8203
75.9408
76.0613
76.1819
76.3025
76.4231
76.5438
76.6645
76.7852
76.906
77.0268
77.1476
77.2685
77.3894
77.5103
77.6313
77.7523
77.8734
77.9945
78.1156
78.2367
78.3579
78.4792
78.6004
78.7217
78.843
78.9644
79.0858
79.2073
79.3287
79.4502
79.5718
79.6933
79.815
79.9366
80.0583
80.18
80.3017
80.4235
80.5454
80.6672
80.7891
80.911
81.033
81.155
81.277
81.3991
81.5212
81.6433
81.7655
81.8877
82.0099
82.1322
82.2545
82.3768
82.4992
82.6216
82.7441
82.8666
82.9891
83.1116
83.2342
83.3568
83.4795
83.6022
83.7249
83.8477
83.9704
84.0933
84.2161
84.339
84.462
84.5849
84.7079
84.831
84.954
85.0771
85.2003
85.3235
85.4467
85.5699
85.6932
85.8165
85.9398
86.0632
86.1866
86.3101
86.4336
86.5571
86.6806
86.8042
86.9278
87.0515
87.1752
87.2989
87.4227
87.5464
87.6703
87.7941
87.918
88.042
88.1659
88.2899
88.4139
88.538
88.6621
88.7862
88.9104
89.0346
89.1588
89.2831
89.4074
89.5317
89.6561
89.7805
89.9049
90.0294
90.1539
90.2784
90.403
90.5276
90.6522
90.7769
90.9016
91.0263
91.1511
91.2759
91.4007
91.5256
91.6505
91.7754
91.9004
92.0254
92.1504
92.2755
92.4006
92.5257
92.6509
92.7761
92.9013
93.0266
93.1519
93.2772
93.4025
93.5279
93.6534
93.7788
93.9043
94.0299
94.1554
94.281
94.4066
94.5323
94.658
94.7837
94.9095
95.0352
95.1611
95.2869
95.4128
95.5387
95.6647
95.7907
95.9167
96.0427
96.1688
96.2949
96.4211
96.5473
96.6735
96.7997
96.926
97.0523
97.1786
97.305
97.4314
97.5579
97.6843
97.8108
97.9374
98.0639
98.1905
98.3172
98.4438
98.5705
98.6972
98.824
98.9508
99.0776
99.2045
99.3314
99.4583
99.5852
99.7122
99.8392
99.9663
100.093
100.22
100.348
100.475
100.602
100.729
100.857
100.984
101.111
101.239
101.366
101.493
101.621
101.748
101.876
102.003
102.131
102.259
102.386
102.514
102.642
102.769
102.897
103.025
103.153
103.281
103.409
103.537
103.664
103.792
103.92
104.049
104.177
104.305
104.433
104.561
104.689
104.818
104.946
105.074
105.203
105.331
105.459
105.588
105.716
105.845
105.973
106.102
106.23
106.359
106.488
106.616
106.745
106.874
107.003
107.131
107.26
107.389
107.518
107.647
107.776
107.905
108.034
108.163
108.292
108.421
108.55
108.679
108.809
108.938
109.067
109.197
109.326
109.455
109.585
109.714
109.843
109.973
110.102
110.232
110.362
110.491
110.621
110.751
110.88
111.01
111.14
111.27
111.399
111.529
111.659
111.789
111.919
112.049
112.179
112.309
112.439
112.569
112.699
112.829
112.96
113.09
113.22
113.35
113.481
113.611
113.741
113.872
114.002
114.133
114.263
114.394
114.524
114.655
114.785
114.916
115.047
115.177
115.308
115.439
115.57
115.7
115.831
115.962
116.093
116.224
116.355
116.486
116.617
116.748
116.879
117.01
117.141
117.273
117.404
117.535
117.666
117.798
117.929
118.06
118.192
118.323
118.455
118.586
118.718
118.849
118.981
119.112
119.244
119.375
119.507
119.639
119.771
119.902
120.034
120.166
120.298
120.43
120.562
120.693
120.825
120.957
121.089
121.221
121.353
121.486
121.618
121.75
121.882
122.014
122.146
122.278
122.411
122.543
122.675
122.807
122.94
123.072
123.204
123.337
123.469
123.601
123.734
123.866
123.998
124.13
124.263
124.395
124.527
124.659
124.791
124.924
125.056
125.188
125.32
125.451
125.583
125.715
125.847
125.978
126.109
126.241
126.372
126.503
126.634
126.764
126.895
127.025
127.155
127.285
127.415
127.544
127.673
127.802
127.93
128.058
128.186
128.314
128.441
128.567
128.693
128.819
128.944
129.069
129.194
129.317
129.441
129.563
129.686
129.807
129.928
130.048
130.168
130.287
130.406
130.523
130.64
130.757
130.873
130.988
131.102
131.216
131.328
131.441
131.552
131.663
131.774
131.883
131.992
132.101
132.208
132.316
132.422
132.529
132.634
132.74
132.845
132.949
133.054
133.158
133.262
133.365
133.469
133.572
133.675
133.779
133.882
133.986
134.089
134.193
134.297
134.401
134.506
134.611
134.717
134.823
134.929
135.036
135.144
135.252
135.361
135.47
135.58
135.691
135.802
135.915
136.028
136.141
136.256
136.371
136.487
136.604
136.721
136.84
136.959
137.079
137.2
137.321
137.443
137.566
137.69
137.814
137.939
138.065
138.191
138.318
138.445
138.574
138.702
138.832
138.961
139.092
139.223
139.354
139.486
139.618
139.751
139.884
140.017
140.151
140.285
140.42
140.555
140.69
140.825
140.961
141.097
141.233
141.37
141.507
141.644
141.781
141.918
142.055
142.193
142.33
142.468
142.606
142.744
142.882
143.02
143.158
143.296
143.434
143.572
143.71
143.848
143.986
144.124
144.261
144.398
144.535
144.672
144.808
144.944
145.08
145.215
145.349
145.483
145.616
145.749
145.88
146.011
146.14
146.268
146.396
146.521
146.646
146.769
146.89
147.009
147.127
147.243
147.357
147.468
147.578
147.685
147.79
147.893
147.993
148.091
148.186
148.279
148.369
148.457
148.542
148.626
148.707
148.786
148.863
148.938
149.011
149.083
149.153
149.222
149.291
149.358
149.425
149.491
149.557
149.623
149.689
149.755
149.822
149.889
149.957
150.026
150.096
150.168
150.24
150.314
150.389
150.465
150.543
150.623
150.704
150.786
150.87
150.956
151.043
151.132
151.222
151.314
151.407
151.502
151.598
151.695
151.794
151.894
151.995
152.098
152.202
152.307
152.413
152.52
152.629
152.738
152.849
152.961
153.073
153.187
153.302
153.418
153.534
153.652
153.77
153.889
154.009
154.13
154.252
154.375
154.498
154.623
154.748
154.874
155
155.127
155.255
155.384
155.514
155.644
155.775
155.906
156.038
156.171
156.305
156.439
156.573
156.709
156.845
156.981
157.119
157.256
157.395
157.534
157.673
157.813
157.954
158.095
158.237
158.379
158.521
158.665
158.808
158.953
159.098
159.243
159.389
159.535
159.682
159.829
159.976
160.125
160.273
160.422
160.572
160.722
160.872
161.023
161.174
161.326
161.478
161.631
161.784
161.938
162.092
162.249
162.524
)
;

boundaryField
{
    sides
    {
        type            calculated;
        value           nonuniform List<scalar> 2(162.524 18.9447);
    }
    empty
    {
        type            empty;
    }
}


// ************************************************************************* //
