/*--------------------------------*- C++ -*----------------------------------*\
| =========                 |                                                 |
| \\      /  F ield         | OpenFOAM: The Open Source CFD Toolbox           |
|  \\    /   O peration     | Version:  2406                                  |
|   \\  /    A nd           | Website:  www.openfoam.com                      |
|    \\/     M anipulation  |                                                 |
\*---------------------------------------------------------------------------*/
FoamFile
{
    version     2.0;
    format      ascii;
    arch        "LSB;label=32;scalar=64";
    class       volScalarField;
    location    "0.045";
    object      p;
}
// * * * * * * * * * * * * * * * * * * * * * * * * * * * * * * * * * * * * * //

dimensions      [1 -1 -2 0 0 0 0];

internalField   nonuniform List<scalar> 
1000
(
10137.6
10136.4
10134.5
10132.8
10131.3
10129.9
10128.5
10127
10125.6
10124.1
10122.7
10121.3
10119.9
10118.4
10117.1
10115.7
10114.3
10112.9
10111.5
10110.2
10108.8
10107.5
10106.1
10104.8
10103.5
10102.2
10100.8
10099.5
10098.3
10097
10095.7
10094.4
10093.2
10091.9
10090.7
10089.4
10088.2
10087
10085.8
10084.6
10083.4
10082.2
10081.1
10079.9
10078.7
10077.6
10076.5
10075.3
10074.2
10073.1
10072
10070.9
10069.9
10068.8
10067.7
10066.7
10065.7
10064.6
10063.6
10062.6
10061.6
10060.6
10059.7
10058.7
10057.8
10056.8
10055.9
10055
10054.1
10053.2
10052.4
10051.5
10050.7
10049.8
10049
10048.2
10047.4
10046.6
10045.9
10045.1
10044.4
10043.7
10043
10042.3
10041.6
10040.9
10040.3
10039.7
10039.1
10038.5
10037.9
10037.3
10036.8
10036.3
10035.8
10035.3
10034.8
10034.4
10033.9
10033.5
10033.1
10032.7
10032.4
10032.1
10031.7
10031.5
10031.2
10030.9
10030.7
10030.5
10030.4
10030.2
10030.1
10030
10029.9
10029.9
10029.8
10029.8
10029.9
10029.9
10030
10030.1
10030.3
10030.5
10030.7
10031
10031.2
10031.5
10031.9
10032.3
10032.7
10033.1
10033.6
10034.1
10034.7
10035.3
10035.9
10036.5
10037.2
10038
10038.8
10039.6
10040.4
10041.3
10042.3
10043.3
10044.3
10045.4
10046.5
10047.7
10048.9
10050.1
10051.4
10052.8
10054.2
10055.7
10057.2
10058.7
10060.4
10062
10063.8
10065.5
10067.4
10069.2
10071.2
10073.2
10075.3
10077.4
10079.6
10081.8
10084.1
10086.4
10088.9
10091.3
10093.9
10096.5
10099.2
10101.9
10104.7
10107.6
10110.5
10113.5
10116.6
10119.7
10122.9
10126.2
10129.5
10132.9
10136.4
10139.9
10143.5
10147.2
10150.9
10154.7
10158.6
10162.5
10166.5
10170.5
10174.7
10178.9
10183.1
10187.5
10191.8
10196.3
10200.8
10205.4
10210
10214.7
10219.5
10224.3
10229.1
10234.1
10239
10244.1
10249.2
10254.3
10259.5
10264.7
10270
10275.4
10280.7
10286.2
10291.6
10297.2
10302.7
10308.3
10314
10319.6
10325.4
10331.1
10336.9
10342.7
10348.6
10354.5
10360.4
10366.3
10372.3
10378.3
10384.3
10390.4
10396.4
10402.5
10408.7
10414.8
10421
10427.1
10433.3
10439.6
10445.8
10452.1
10458.3
10464.6
10470.9
10477.2
10483.6
10489.9
10496.2
10502.6
10509
10515.4
10521.8
10528.2
10534.6
10541
10547.5
10553.9
10560.4
10566.9
10573.3
10579.8
10586.3
10592.8
10599.3
10605.8
10612.4
10618.9
10625.4
10632
10638.5
10645.1
10651.6
10658.2
10664.8
10671.4
10678
10684.5
10691.1
10697.8
10704.4
10711
10717.6
10724.2
10730.9
10737.5
10744.2
10750.8
10757.5
10764.1
10770.8
10777.5
10784.2
10790.9
10797.6
10804.3
10811
10817.7
10824.4
10831.1
10837.8
10844.6
10851.3
10858.1
10864.8
10871.6
10878.3
10885.1
10891.9
10898.7
10905.4
10912.2
10919
10925.8
10932.6
10939.5
10946.3
10953.1
10959.9
10966.8
10973.6
10980.4
10987.3
10994.2
11001
11007.9
11014.8
11021.7
11028.5
11035.4
11042.3
11049.2
11056.1
11063.1
11070
11076.9
11083.8
11090.8
11097.7
11104.7
11111.6
11118.6
11125.6
11132.5
11139.5
11146.5
11153.5
11160.5
11167.5
11174.5
11181.5
11188.5
11195.6
11202.6
11209.6
11216.7
11223.7
11230.8
11237.8
11244.9
11252
11259
11266.1
11273.2
11280.3
11287.4
11294.5
11301.6
11308.7
11315.9
11323
11330.1
11337.3
11344.4
11351.6
11358.7
11365.9
11373.1
11380.2
11387.4
11394.6
11401.8
11409
11416.2
11423.4
11430.6
11437.9
11445.1
11452.3
11459.6
11466.8
11474.1
11481.3
11488.6
11495.9
11503.1
11510.4
11517.7
11525
11532.3
11539.6
11546.9
11554.2
11561.6
11568.9
11576.2
11583.6
11590.9
11598.3
11605.6
11613
11620.4
11627.7
11635.1
11642.5
11649.9
11657.3
11664.7
11672.1
11679.6
11687
11694.4
11701.9
11709.3
11716.7
11724.2
11731.7
11739.1
11746.6
11754.1
11761.6
11769.1
11776.6
11784.1
11791.6
11799.1
11806.6
11814.1
11821.7
11829.2
11836.8
11844.3
11851.9
11859.4
11867
11874.6
11882.2
11889.8
11897.4
11905
11912.6
11920.2
11927.8
11935.4
11943.1
11950.7
11958.3
11966
11973.7
11981.3
11989
11996.7
12004.3
12012
12019.7
12027.4
12035.1
12042.8
12050.6
12058.3
12066
12073.8
12081.5
12089.3
12097
12104.8
12112.5
12120.3
12128.1
12135.9
12143.7
12151.5
12159.3
12167.1
12174.9
12182.7
12190.6
12198.4
12206.3
12214.1
12222
12229.8
12237.7
12245.6
12253.5
12261.3
12269.2
12277.1
12285
12293
12300.9
12308.8
12316.7
12324.7
12332.6
12340.6
12348.5
12356.5
12364.5
12372.4
12380.4
12388.4
12396.4
12404.4
12412.4
12420.4
12428.5
12436.5
12444.5
12452.6
12460.6
12468.7
12476.7
12484.8
12492.9
12501
12509
12517.1
12525.2
12533.3
12541.4
12549.6
12557.7
12565.8
12574
12582.1
12590.3
12598.4
12606.6
12614.8
12622.9
12631.1
12639.3
12647.5
12655.7
12663.9
12672.1
12680.3
12688.6
12696.8
12705.1
12713.3
12721.6
12729.8
12738.1
12746.4
12754.6
12762.9
12771.2
12779.5
12787.8
12796.2
12804.5
12812.8
12821.1
12829.5
12837.8
12846.2
12854.5
12862.9
12871.3
12879.7
12888.1
12896.4
12904.8
12913.3
12921.7
12930.1
12938.5
12946.9
12955.4
12963.8
12972.3
12980.8
12989.2
12997.7
13006.2
13014.7
13023.2
13031.7
13040.2
13048.7
13057.2
13065.7
13074.3
13082.8
13091.4
13099.9
13108.5
13117
13125.6
13134.2
13142.8
13151.4
13160
13168.6
13177.2
13185.8
13194.5
13203.1
13211.7
13220.4
13229.1
13237.7
13246.4
13255.1
13263.7
13272.4
13281.1
13289.8
13298.6
13307.3
13316
13324.7
13333.5
13342.2
13351
13359.7
13368.5
13377.3
13386.1
13394.8
13403.6
13412.4
13421.2
13430.1
13438.9
13447.7
13456.6
13465.4
13474.2
13483.1
13492
13500.8
13509.7
13518.6
13527.5
13536.4
13545.3
13554.2
13563.2
13572.1
13581
13590
13598.9
13607.9
13616.8
13625.8
13634.8
13643.8
13652.8
13661.8
13670.8
13679.9
13688.9
13697.9
13707
13716.1
13725.1
13734.2
13743.3
13752.4
13761.5
13770.6
13779.8
13788.9
13798.1
13807.3
13816.5
13825.7
13834.9
13844.1
13853.4
13862.6
13871.9
13881.2
13890.5
13899.9
13909.2
13918.6
13928
13937.4
13946.9
13956.3
13965.8
13975.4
13984.9
13994.5
14004.1
14013.8
14023.4
14033.2
14042.9
14052.7
14062.5
14072.4
14082.3
14092.3
14102.3
14112.3
14122.4
14132.6
14142.8
14153
14163.3
14173.7
14184.1
14194.5
14205.1
14215.6
14226.3
14237
14247.7
14258.5
14269.4
14280.3
14291.3
14302.4
14313.5
14324.7
14335.9
14347.2
14358.6
14370
14381.4
14392.9
14404.5
14416.1
14427.8
14439.5
14451.2
14463
14474.8
14486.6
14498.5
14510.4
14522.3
14534.3
14546.2
14558.2
14570.2
14582.2
14594.2
14606.2
14618.2
14630.1
14642.1
14654.1
14666
14677.9
14689.8
14701.7
14713.6
14725.4
14737.2
14748.9
14760.6
14772.3
14784
14795.6
14807.1
14818.6
14830.1
14841.5
14852.9
14864.3
14875.6
14886.8
14898
14909.2
14920.3
14931.4
14942.4
14953.4
14964.3
14975.2
14986.1
14996.9
15007.7
15018.5
15029.2
15039.9
15050.5
15061.1
15071.7
15082.3
15092.9
15103.4
15113.9
15124.3
15134.8
15145.2
15155.6
15166
15176.4
15186.7
15197.1
15207.4
15217.7
15228
15238.3
15248.6
15258.9
15269.2
15279.5
15289.7
15300
15310.3
15320.5
15330.8
15341.1
15351.3
15361.6
15371.9
15382.2
15392.5
15402.8
15413.1
15423.4
15433.7
15444.1
15454.5
15464.9
15475.3
15485.7
15496.2
15506.7
15517.3
15527.8
15538.5
15549.1
15559.8
15570.6
15581.5
15592.4
15603.4
15614.5
15625.6
15636.9
15648.2
15659.7
15671.3
15683
15694.9
15706.9
15719
15731.3
15743.8
15756.5
15769.3
15782.3
15795.5
15808.9
15822.5
15836.3
15850.3
15864.6
15879
15893.6
15908.4
15923.5
15938.7
15954.1
15969.7
15985.4
16001.3
16017.3
16033.5
16049.8
16066.1
16082.6
16099.2
16115.7
16132.4
16149.1
16165.7
16182.4
16199.1
16215.7
16232.4
16248.9
16265.4
16281.8
16298.2
16314.5
16330.7
16346.7
16362.7
16378.6
16394.4
16410.1
16425.7
16441.2
16456.6
16471.8
16487
16502.1
16517.1
16531.9
16546.7
16561.4
16576
16590.5
16604.9
16619.2
16633.5
16647.6
16661.7
16675.7
16689.6
16703.5
16717.3
16731
16744.7
16758.2
16771.8
16785.2
16798.6
16811.9
16825.2
16838.4
16851.6
16864.7
16877.7
16890.7
16903.7
16916.6
16929.4
16942.2
16954.9
16967.6
16980.3
16992.9
17005.4
17018
17030.4
17042.8
17055.2
17067.6
17079.9
17092.1
17104.3
17116.5
17128.7
17140.8
17152.8
17164.9
17176.9
17188.8
17200.7
17212.6
17224.5
17236.3
17248.1
17259.8
17271.5
17283.2
17294.9
17306.5
17318.1
17329.6
17341.2
17352.7
17364.1
17375.6
17387
17398.4
17409.7
17421.1
17432.4
17443.6
17454.9
17466.1
17477.3
17488.5
17499.6
17510.7
17521.8
17532.9
17543.8
17554.9
17565.6
)
;

boundaryField
{
    sides
    {
        type            zeroGradient;
    }
    empty
    {
        type            empty;
    }
}


// ************************************************************************* //
