/*--------------------------------*- C++ -*----------------------------------*\
| =========                 |                                                 |
| \\      /  F ield         | OpenFOAM: The Open Source CFD Toolbox           |
|  \\    /   O peration     | Version:  2406                                  |
|   \\  /    A nd           | Website:  www.openfoam.com                      |
|    \\/     M anipulation  |                                                 |
\*---------------------------------------------------------------------------*/
FoamFile
{
    version     2.0;
    format      ascii;
    arch        "LSB;label=32;scalar=64";
    class       surfaceScalarField;
    location    "0.045";
    object      phi;
}
// * * * * * * * * * * * * * * * * * * * * * * * * * * * * * * * * * * * * * //

dimensions      [1 0 -1 0 0 0 0];

oriented        oriented;

internalField   nonuniform List<scalar> 
999
(
15.0679
15.2587
15.4494
15.64
15.8305
16.0209
16.2112
16.4014
16.5915
16.7815
16.9714
17.1611
17.3508
17.5404
17.7299
17.9193
18.1085
18.2976
18.4866
18.6756
18.8644
19.0532
19.2419
19.4304
19.6187
19.8068
19.9949
20.183
20.371
20.5589
20.7468
20.9345
21.122
21.3093
21.4963
21.6832
21.87
22.0568
22.2436
22.4303
22.6171
22.8039
22.9905
23.177
23.3632
23.5492
23.7349
23.9202
24.1053
24.2902
24.4749
24.6596
24.8442
25.0289
25.2136
25.3986
25.5837
25.769
25.9545
26.1401
26.3258
26.5116
26.6973
26.883
27.0687
27.2543
27.4398
27.6253
27.8108
27.9963
28.1822
28.3679
28.5536
28.7391
28.9244
29.1096
29.2948
29.4797
29.6645
29.8492
30.0337
30.218
30.4022
30.5862
30.7701
30.9538
31.1373
31.3207
31.5039
31.6869
31.8697
32.0523
32.2348
32.4171
32.5992
32.781
32.9627
33.1442
33.3255
33.5066
33.6874
33.8681
34.0485
34.2287
34.4087
34.5884
34.7679
34.9472
35.1262
35.305
35.4835
35.6617
35.8397
36.0174
36.1948
36.372
36.5489
36.7255
36.902
37.0781
37.2537
37.429
37.6039
37.7786
37.9528
38.1268
38.3005
38.4738
38.6467
38.8194
38.9917
39.1636
39.3352
39.5064
39.6772
39.8476
40.0176
40.1873
40.3565
40.5254
40.6938
40.8618
41.0293
41.1964
41.3631
41.5293
41.6951
41.8604
42.0253
42.1896
42.3535
42.5169
42.6797
42.8421
43.004
43.1653
43.3262
43.4864
43.6462
43.8054
43.9641
44.1222
44.2797
44.4367
44.5931
44.7489
44.9042
45.0588
45.2128
45.3663
45.5191
45.6714
45.823
45.974
46.1243
46.2741
46.4232
46.5717
46.7195
46.8668
47.0133
47.1593
47.3046
47.4492
47.5932
47.7366
47.8793
48.0214
48.1629
48.3037
48.4439
48.5834
48.7223
48.8606
48.9983
49.1354
49.2718
49.4077
49.5429
49.6776
49.8117
49.9452
50.0781
50.2105
50.3424
50.4737
50.6045
50.7348
50.8646
50.9938
51.1227
51.251
51.3789
51.5063
51.6333
51.7599
51.8861
52.012
52.1374
52.2625
52.3872
52.5116
52.6357
52.7595
52.883
53.0063
53.1293
53.252
53.3745
53.4968
53.6189
53.7408
53.8625
53.9841
54.1055
54.2268
54.3479
54.469
54.5899
54.7108
54.8316
54.9523
55.0729
55.1935
55.3141
55.4347
55.5552
55.6757
55.7962
55.9167
56.0373
56.1578
56.2784
56.399
56.5197
56.6404
56.7612
56.882
57.0029
57.1238
57.2448
57.3659
57.4871
57.6084
57.7297
57.8512
57.9727
58.0943
58.2161
58.3379
58.4599
58.5819
58.7041
58.8264
58.9488
59.0713
59.1939
59.3166
59.4395
59.5624
59.6855
59.8088
59.9321
60.0556
60.1792
60.3029
60.4267
60.5507
60.6748
60.7991
60.9234
61.0479
61.1725
61.2973
61.4222
61.5472
61.6724
61.7976
61.923
62.0486
62.1743
62.3001
62.426
62.5521
62.6783
62.8047
62.9312
63.0578
63.1845
63.3114
63.4384
63.5656
63.6929
63.8203
63.9479
64.0756
64.2034
64.3314
64.4595
64.5877
64.7161
64.8446
64.9732
65.102
65.2309
65.36
65.4892
65.6185
65.748
65.8776
66.0074
66.1372
66.2673
66.3974
66.5277
66.6581
66.7887
66.9194
67.0503
67.1812
67.3124
67.4436
67.575
67.7066
67.8383
67.9701
68.102
68.2341
68.3664
68.4987
68.6313
68.7639
68.8967
69.0296
69.1627
69.2959
69.4293
69.5628
69.6964
69.8302
69.9641
70.0982
70.2324
70.3667
70.5012
70.6358
70.7706
70.9055
71.0405
71.1757
71.3111
71.4465
71.5822
71.7179
71.8538
71.9899
72.1261
72.2624
72.3989
72.5355
72.6722
72.8091
72.9462
73.0834
73.2207
73.3582
73.4958
73.6336
73.7715
73.9096
74.0478
74.1861
74.3246
74.4632
74.602
74.7409
74.88
75.0192
75.1586
75.2981
75.4377
75.5775
75.7175
75.8575
75.9978
76.1382
76.2787
76.4194
76.5602
76.7011
76.8422
76.9835
77.1249
77.2665
77.4082
77.55
77.692
77.8341
77.9764
78.1189
78.2615
78.4042
78.5471
78.6901
78.8333
78.9766
79.1201
79.2637
79.4075
79.5514
79.6955
79.8397
79.984
80.1286
80.2732
80.418
80.563
80.7081
80.8534
80.9988
81.1444
81.2901
81.436
81.582
81.7281
81.8745
82.0209
82.1676
82.3143
82.4612
82.6083
82.7556
82.9029
83.0505
83.1981
83.346
83.494
83.6421
83.7904
83.9388
84.0874
84.2362
84.3851
84.5341
84.6834
84.8327
84.9822
85.1319
85.2817
85.4317
85.5818
85.7321
85.8826
86.0331
86.1839
86.3348
86.4859
86.6371
86.7884
86.94
87.0916
87.2435
87.3955
87.5476
87.6999
87.8523
88.005
88.1577
88.3107
88.4637
88.617
88.7704
88.9239
89.0776
89.2315
89.3855
89.5397
89.694
89.8485
90.0031
90.158
90.3129
90.468
90.6233
90.7788
90.9344
91.0901
91.246
91.4021
91.5583
91.7147
91.8713
92.028
92.1849
92.3419
92.4991
92.6564
92.8139
92.9716
93.1294
93.2874
93.4456
93.6039
93.7624
93.921
94.0798
94.2387
94.3979
94.5571
94.7166
94.8762
95.0359
95.1959
95.3559
95.5162
95.6766
95.8372
95.9979
96.1588
96.3199
96.4811
96.6425
96.804
96.9657
97.1276
97.2896
97.4519
97.6142
97.7768
97.9394
98.1023
98.2653
98.4285
98.5919
98.7554
98.9191
99.0829
99.2469
99.4111
99.5755
99.74
99.9046
100.069
100.234
100.4
100.565
100.731
100.896
101.062
101.228
101.394
101.561
101.727
101.894
102.061
102.228
102.395
102.562
102.73
102.897
103.065
103.233
103.401
103.57
103.738
103.907
104.076
104.245
104.414
104.583
104.753
104.923
105.093
105.263
105.433
105.603
105.774
105.945
106.115
106.287
106.458
106.629
106.801
106.973
107.144
107.317
107.489
107.661
107.834
108.007
108.18
108.353
108.526
108.7
108.873
109.047
109.221
109.395
109.57
109.744
109.919
110.094
110.269
110.444
110.619
110.795
110.971
111.147
111.323
111.499
111.675
111.852
112.029
112.206
112.383
112.56
112.738
112.915
113.093
113.271
113.449
113.628
113.806
113.985
114.164
114.343
114.522
114.702
114.881
115.061
115.241
115.421
115.601
115.782
115.963
116.143
116.325
116.506
116.687
116.869
117.05
117.232
117.414
117.597
117.779
117.962
118.144
118.327
118.51
118.694
118.877
119.061
119.245
119.428
119.613
119.797
119.981
120.166
120.351
120.536
120.721
120.906
121.091
121.277
121.462
121.648
121.834
122.02
122.206
122.392
122.579
122.765
122.952
123.139
123.325
123.512
123.699
123.886
124.073
124.261
124.448
124.635
124.822
125.01
125.197
125.384
125.572
125.759
125.946
126.134
126.321
126.508
126.695
126.882
127.069
127.256
127.443
127.63
127.816
128.003
128.189
128.375
128.561
128.747
128.933
129.119
129.304
129.489
129.674
129.859
130.044
130.228
130.412
130.597
130.78
130.964
131.148
131.331
131.514
131.697
131.88
132.063
132.246
132.429
132.611
132.794
132.976
133.158
133.341
133.523
133.706
133.888
134.071
134.253
134.436
134.619
134.802
134.985
135.169
135.353
135.537
135.721
135.906
136.091
136.277
136.463
136.649
136.836
137.023
137.211
137.399
137.588
137.778
137.967
138.158
138.349
138.54
138.733
138.925
139.119
139.313
139.507
139.703
139.898
140.095
140.292
140.489
140.688
140.887
141.086
141.286
141.486
141.688
141.889
142.092
142.294
142.498
142.701
142.906
143.111
143.316
143.522
143.728
143.935
144.142
144.35
144.558
144.766
144.975
145.185
145.394
145.605
145.815
146.026
146.237
146.449
146.661
146.873
147.085
147.298
147.511
147.725
147.939
148.153
148.367
148.581
148.796
149.011
149.227
149.442
149.658
149.874
150.09
150.307
150.524
150.74
150.957
151.174
151.392
151.609
151.827
152.044
152.262
152.48
152.697
152.915
153.133
153.35
153.568
153.785
154.003
154.22
154.437
154.653
154.869
155.085
155.301
155.516
155.73
155.944
156.157
156.37
156.582
156.793
157.003
157.213
157.421
157.629
157.835
158.041
158.246
158.449
158.652
158.853
159.053
159.253
159.451
159.648
159.844
160.04
160.234
160.428
160.621
160.814
161.006
161.197
161.388
161.579
161.77
161.961
162.151
162.342
162.533
162.725
162.917
163.109
163.302
163.496
163.69
163.886
164.082
164.279
164.477
164.675
164.875
165.076
165.278
165.481
165.685
165.89
166.096
166.303
166.511
166.72
166.931
167.142
167.354
167.567
167.781
167.996
168.212
168.429
168.646
168.865
169.084
169.304
169.525
169.747
169.97
170.193
170.418
170.642
170.868
171.095
171.322
171.55
171.778
172.008
172.238
172.468
172.7
172.932
173.164
173.397
173.631
173.866
174.101
174.337
174.573
174.81
175.048
175.286
175.525
175.764
176.004
176.245
176.486
176.728
176.97
177.213
177.456
177.7
177.944
178.189
178.435
178.681
178.927
179.174
179.422
179.67
179.919
180.168
180.417
180.667
180.918
181.169
181.421
181.673
181.925
182.178
182.432
182.685
182.94
183.195
183.45
183.706
183.962
184.219
184.476
184.733
184.991
185.25
185.509
185.768
186.028
186.288
186.549
186.81
187.071
)
;

boundaryField
{
    sides
    {
        type            calculated;
        value           nonuniform List<scalar> 2(187.333 -14.877);
    }
    empty
    {
        type            empty;
    }
}


// ************************************************************************* //
