/*--------------------------------*- C++ -*----------------------------------*\
| =========                 |                                                 |
| \\      /  F ield         | OpenFOAM: The Open Source CFD Toolbox           |
|  \\    /   O peration     | Version:  2406                                  |
|   \\  /    A nd           | Website:  www.openfoam.com                      |
|    \\/     M anipulation  |                                                 |
\*---------------------------------------------------------------------------*/
FoamFile
{
    version     2.0;
    format      ascii;
    arch        "LSB;label=32;scalar=64";
    class       volScalarField;
    location    "0.045";
    object      T;
}
// * * * * * * * * * * * * * * * * * * * * * * * * * * * * * * * * * * * * * //

dimensions      [0 0 0 1 0 0 0];

internalField   nonuniform List<scalar> 
1000
(
179.457
179.468
179.484
179.501
179.519
179.537
179.556
179.574
179.592
179.61
179.629
179.648
179.666
179.685
179.703
179.721
179.74
179.759
179.779
179.798
179.816
179.834
179.852
179.871
179.89
179.91
179.93
179.949
179.968
179.985
180.003
180.02
180.039
180.058
180.078
180.098
180.119
180.139
180.158
180.176
180.193
180.209
180.224
180.24
180.256
180.273
180.292
180.312
180.333
180.354
180.377
180.399
180.42
180.44
180.459
180.475
180.489
180.501
180.511
180.518
180.524
180.529
180.532
180.535
180.538
180.54
180.542
180.543
180.543
180.542
180.539
180.535
180.531
180.527
180.523
180.519
180.515
180.511
180.507
180.503
180.499
180.495
180.491
180.487
180.484
180.48
180.477
180.474
180.47
180.467
180.464
180.461
180.458
180.456
180.453
180.45
180.448
180.445
180.443
180.441
180.439
180.437
180.435
180.433
180.431
180.43
180.428
180.427
180.426
180.425
180.424
180.423
180.422
180.422
180.421
180.421
180.421
180.421
180.421
180.421
180.421
180.422
180.423
180.423
180.424
180.426
180.427
180.429
180.43
180.432
180.434
180.436
180.439
180.441
180.444
180.447
180.45
180.454
180.457
180.461
180.465
180.469
180.473
180.478
180.483
180.488
180.493
180.498
180.504
180.51
180.516
180.523
180.529
180.536
180.543
180.551
180.558
180.566
180.575
180.583
180.592
180.601
180.61
180.62
180.63
180.64
180.651
180.661
180.672
180.684
180.696
180.708
180.72
180.733
180.746
180.759
180.773
180.787
180.801
180.816
180.83
180.846
180.861
180.877
180.894
180.91
180.927
180.945
180.962
180.98
180.999
181.017
181.036
181.056
181.075
181.095
181.116
181.136
181.157
181.179
181.2
181.222
181.244
181.267
181.29
181.313
181.337
181.36
181.385
181.409
181.434
181.459
181.484
181.509
181.535
181.561
181.587
181.614
181.64
181.667
181.695
181.722
181.75
181.778
181.806
181.834
181.862
181.891
181.92
181.949
181.978
182.007
182.036
182.066
182.096
182.126
182.155
182.186
182.216
182.246
182.277
182.307
182.338
182.369
182.399
182.43
182.461
182.492
182.524
182.555
182.586
182.617
182.649
182.68
182.712
182.743
182.775
182.807
182.838
182.87
182.902
182.934
182.966
182.998
183.03
183.062
183.094
183.126
183.158
183.19
183.222
183.254
183.286
183.319
183.351
183.383
183.415
183.448
183.48
183.512
183.545
183.577
183.609
183.642
183.674
183.706
183.739
183.771
183.804
183.836
183.869
183.901
183.934
183.966
183.999
184.031
184.064
184.097
184.129
184.162
184.195
184.227
184.26
184.293
184.325
184.358
184.391
184.423
184.456
184.489
184.522
184.555
184.587
184.62
184.653
184.686
184.719
184.752
184.784
184.817
184.85
184.883
184.916
184.949
184.982
185.015
185.048
185.081
185.114
185.147
185.18
185.213
185.246
185.279
185.312
185.345
185.379
185.412
185.445
185.478
185.511
185.544
185.578
185.611
185.644
185.677
185.71
185.744
185.777
185.81
185.844
185.877
185.91
185.943
185.977
186.01
186.044
186.077
186.11
186.144
186.177
186.211
186.244
186.278
186.311
186.345
186.378
186.412
186.445
186.479
186.512
186.546
186.579
186.613
186.646
186.68
186.714
186.747
186.781
186.815
186.848
186.882
186.916
186.95
186.983
187.017
187.051
187.085
187.118
187.152
187.186
187.22
187.253
187.287
187.321
187.355
187.389
187.423
187.457
187.491
187.525
187.559
187.593
187.627
187.66
187.695
187.728
187.763
187.797
187.831
187.865
187.899
187.933
187.967
188.001
188.035
188.069
188.103
188.138
188.172
188.206
188.24
188.274
188.309
188.343
188.377
188.411
188.446
188.48
188.514
188.548
188.583
188.617
188.651
188.686
188.72
188.755
188.789
188.823
188.858
188.892
188.927
188.961
188.996
189.03
189.065
189.099
189.134
189.168
189.203
189.237
189.272
189.306
189.341
189.376
189.41
189.445
189.48
189.514
189.549
189.584
189.618
189.653
189.688
189.722
189.757
189.792
189.827
189.861
189.896
189.931
189.966
190.001
190.036
190.07
190.105
190.14
190.175
190.21
190.245
190.28
190.315
190.35
190.385
190.42
190.455
190.49
190.525
190.56
190.595
190.63
190.665
190.7
190.735
190.77
190.805
190.841
190.876
190.911
190.946
190.981
191.016
191.052
191.087
191.122
191.157
191.193
191.228
191.263
191.298
191.334
191.369
191.404
191.44
191.475
191.51
191.546
191.581
191.617
191.652
191.688
191.723
191.758
191.794
191.829
191.865
191.9
191.936
191.971
192.007
192.043
192.078
192.114
192.149
192.185
192.221
192.256
192.292
192.327
192.363
192.399
192.434
192.47
192.506
192.542
192.577
192.613
192.649
192.685
192.72
192.756
192.792
192.828
192.864
192.9
192.935
192.971
193.007
193.043
193.079
193.115
193.151
193.187
193.223
193.259
193.295
193.331
193.367
193.403
193.439
193.475
193.511
193.547
193.583
193.619
193.655
193.691
193.728
193.764
193.8
193.836
193.872
193.909
193.945
193.981
194.017
194.053
194.09
194.126
194.162
194.199
194.235
194.271
194.307
194.344
194.38
194.417
194.453
194.489
194.526
194.562
194.599
194.635
194.671
194.708
194.744
194.781
194.817
194.854
194.89
194.927
194.964
195
195.037
195.073
195.11
195.147
195.183
195.22
195.256
195.293
195.33
195.367
195.403
195.44
195.477
195.513
195.55
195.587
195.624
195.661
195.697
195.734
195.771
195.808
195.845
195.882
195.918
195.955
195.992
196.029
196.066
196.103
196.14
196.177
196.214
196.251
196.288
196.325
196.362
196.399
196.436
196.473
196.51
196.547
196.584
196.621
196.659
196.696
196.733
196.77
196.807
196.845
196.882
196.919
196.956
196.994
197.031
197.068
197.105
197.143
197.18
197.217
197.255
197.292
197.33
197.367
197.405
197.442
197.48
197.517
197.555
197.592
197.63
197.668
197.706
197.743
197.782
197.819
197.857
197.894
197.934
197.97
198.01
198.046
198.086
198.122
198.163
198.199
198.241
198.276
198.318
198.353
198.396
198.43
198.475
198.508
198.554
198.586
198.633
198.664
198.713
198.743
198.794
198.823
198.875
198.903
198.957
198.985
199.039
199.067
199.122
199.15
199.205
199.233
199.29
199.318
199.375
199.403
199.461
199.49
199.548
199.577
199.635
199.665
199.724
199.754
199.813
199.844
199.904
199.934
199.995
200.025
200.087
200.117
200.179
200.21
200.272
200.304
200.366
200.397
200.46
200.492
200.555
200.586
200.649
200.681
200.744
200.776
200.839
200.871
200.934
200.966
201.029
201.06
201.123
201.154
201.217
201.248
201.311
201.341
201.404
201.434
201.496
201.526
201.588
201.618
201.679
201.709
201.769
201.799
201.858
201.888
201.947
201.976
202.035
202.064
202.122
202.15
202.208
202.237
202.294
202.322
202.378
202.406
202.463
202.49
202.546
202.574
202.629
202.656
202.711
202.739
202.793
202.82
202.874
202.901
202.955
202.982
203.036
203.062
203.116
203.142
203.196
203.222
203.275
203.301
203.354
203.381
203.433
203.46
203.512
203.538
203.591
203.617
203.67
203.696
203.748
203.774
203.827
203.853
203.905
203.931
203.984
204.01
204.062
204.088
204.141
204.167
204.22
204.246
204.299
204.325
204.378
204.405
204.458
204.485
204.539
204.566
204.62
204.647
204.702
204.729
204.785
204.813
204.869
204.897
204.954
204.983
205.041
205.071
205.13
205.161
205.221
205.253
205.315
205.347
205.411
205.444
205.509
205.543
205.611
205.645
205.715
205.751
205.822
205.859
205.932
205.97
206.045
206.084
206.161
206.2
206.278
206.318
206.398
206.438
206.519
206.559
206.641
206.682
206.763
206.804
206.886
206.927
207.009
207.049
207.131
207.171
207.252
207.292
207.371
207.411
207.49
207.529
207.607
207.645
207.722
207.76
207.836
207.873
207.947
207.984
208.058
208.094
208.166
208.202
208.273
208.309
208.379
208.414
208.483
208.518
208.586
208.62
208.688
208.721
208.788
208.821
208.887
208.92
208.985
209.018
209.083
209.115
209.179
209.21
209.274
209.305
209.368
209.399
209.461
209.492
209.553
209.584
209.645
209.675
209.735
209.765
209.825
209.855
209.915
209.944
210.003
210.032
210.091
210.12
210.178
210.207
210.264
210.293
210.35
210.378
210.435
210.463
210.52
210.548
210.603
210.631
210.687
210.714
210.77
210.797
210.852
210.879
210.933
210.96
211.015
211.041
211.095
211.122
211.175
211.202
211.255
211.281
211.334
211.36
211.413
211.439
211.491
211.517
211.569
211.595
211.646
211.672
211.723
211.748
211.805
211.818
211.901
)
;

boundaryField
{
    sides
    {
        type            zeroGradient;
    }
    empty
    {
        type            empty;
    }
}


// ************************************************************************* //
