/*--------------------------------*- C++ -*----------------------------------*\
| =========                 |                                                 |
| \\      /  F ield         | OpenFOAM: The Open Source CFD Toolbox           |
|  \\    /   O peration     | Version:  2406                                  |
|   \\  /    A nd           | Website:  www.openfoam.com                      |
|    \\/     M anipulation  |                                                 |
\*---------------------------------------------------------------------------*/
FoamFile
{
    version     2.0;
    format      ascii;
    arch        "LSB;label=32;scalar=64";
    class       volVectorField;
    location    "0.045";
    object      U;
}
// * * * * * * * * * * * * * * * * * * * * * * * * * * * * * * * * * * * * * //

dimensions      [0 1 -1 0 0 0 0];

internalField   nonuniform List<vector> 
1000
(
(18.9447 0 0)
(19.2072 0 0)
(19.543 0 0)
(19.8197 0 0)
(20.0616 0 0)
(20.3012 0 0)
(20.5468 0 0)
(20.7953 0 0)
(21.0436 0 0)
(21.2914 0 0)
(21.5389 0 0)
(21.7865 0 0)
(22.0341 0 0)
(22.2816 0 0)
(22.5291 0 0)
(22.7766 0 0)
(23.0241 0 0)
(23.2715 0 0)
(23.5189 0 0)
(23.7663 0 0)
(24.0136 0 0)
(24.2609 0 0)
(24.5082 0 0)
(24.7554 0 0)
(25.0025 0 0)
(25.2496 0 0)
(25.4967 0 0)
(25.7437 0 0)
(25.9907 0 0)
(26.2376 0 0)
(26.4845 0 0)
(26.7313 0 0)
(26.978 0 0)
(27.2246 0 0)
(27.4712 0 0)
(27.7178 0 0)
(27.9643 0 0)
(28.2107 0 0)
(28.457 0 0)
(28.7033 0 0)
(28.9494 0 0)
(29.1955 0 0)
(29.4415 0 0)
(29.6874 0 0)
(29.9332 0 0)
(30.179 0 0)
(30.4246 0 0)
(30.6701 0 0)
(30.9156 0 0)
(31.1609 0 0)
(31.4061 0 0)
(31.6513 0 0)
(31.8963 0 0)
(32.1412 0 0)
(32.3861 0 0)
(32.6307 0 0)
(32.8753 0 0)
(33.1198 0 0)
(33.3641 0 0)
(33.6082 0 0)
(33.8523 0 0)
(34.0962 0 0)
(34.3399 0 0)
(34.5835 0 0)
(34.827 0 0)
(35.0703 0 0)
(35.3134 0 0)
(35.5564 0 0)
(35.7992 0 0)
(36.0418 0 0)
(36.2843 0 0)
(36.5267 0 0)
(36.7688 0 0)
(37.0108 0 0)
(37.2525 0 0)
(37.4941 0 0)
(37.7355 0 0)
(37.9766 0 0)
(38.2176 0 0)
(38.4584 0 0)
(38.6989 0 0)
(38.9393 0 0)
(39.1794 0 0)
(39.4193 0 0)
(39.6589 0 0)
(39.8984 0 0)
(40.1376 0 0)
(40.3765 0 0)
(40.6152 0 0)
(40.8536 0 0)
(41.0918 0 0)
(41.3297 0 0)
(41.5674 0 0)
(41.8048 0 0)
(42.0419 0 0)
(42.2787 0 0)
(42.5152 0 0)
(42.7514 0 0)
(42.9873 0 0)
(43.2229 0 0)
(43.4582 0 0)
(43.6931 0 0)
(43.9277 0 0)
(44.162 0 0)
(44.3959 0 0)
(44.6295 0 0)
(44.8627 0 0)
(45.0956 0 0)
(45.328 0 0)
(45.5601 0 0)
(45.7917 0 0)
(46.023 0 0)
(46.2538 0 0)
(46.4842 0 0)
(46.7142 0 0)
(46.9437 0 0)
(47.1728 0 0)
(47.4015 0 0)
(47.6299 0 0)
(47.8578 0 0)
(48.085 0 0)
(48.3116 0 0)
(48.5375 0 0)
(48.763 0 0)
(48.9879 0 0)
(49.2122 0 0)
(49.4361 0 0)
(49.6593 0 0)
(49.8821 0 0)
(50.1043 0 0)
(50.3259 0 0)
(50.5469 0 0)
(50.7673 0 0)
(50.9871 0 0)
(51.2062 0 0)
(51.4247 0 0)
(51.6426 0 0)
(51.8598 0 0)
(52.0763 0 0)
(52.2921 0 0)
(52.5072 0 0)
(52.7216 0 0)
(52.9353 0 0)
(53.1482 0 0)
(53.3604 0 0)
(53.5718 0 0)
(53.7824 0 0)
(53.9922 0 0)
(54.2012 0 0)
(54.4093 0 0)
(54.6167 0 0)
(54.8231 0 0)
(55.0288 0 0)
(55.2335 0 0)
(55.4373 0 0)
(55.6403 0 0)
(55.8423 0 0)
(56.0434 0 0)
(56.2436 0 0)
(56.4427 0 0)
(56.641 0 0)
(56.8382 0 0)
(57.0345 0 0)
(57.2297 0 0)
(57.4239 0 0)
(57.6171 0 0)
(57.8093 0 0)
(58.0004 0 0)
(58.1904 0 0)
(58.3793 0 0)
(58.5672 0 0)
(58.7539 0 0)
(58.9396 0 0)
(59.1241 0 0)
(59.3075 0 0)
(59.4898 0 0)
(59.6709 0 0)
(59.8509 0 0)
(60.0297 0 0)
(60.2074 0 0)
(60.3839 0 0)
(60.5592 0 0)
(60.7333 0 0)
(60.9063 0 0)
(61.078 0 0)
(61.2486 0 0)
(61.418 0 0)
(61.5862 0 0)
(61.7532 0 0)
(61.919 0 0)
(62.0836 0 0)
(62.247 0 0)
(62.4093 0 0)
(62.5703 0 0)
(62.7302 0 0)
(62.8889 0 0)
(63.0465 0 0)
(63.2029 0 0)
(63.3582 0 0)
(63.5123 0 0)
(63.6653 0 0)
(63.8172 0 0)
(63.968 0 0)
(64.1177 0 0)
(64.2663 0 0)
(64.4139 0 0)
(64.5604 0 0)
(64.7059 0 0)
(64.8504 0 0)
(64.9939 0 0)
(65.1364 0 0)
(65.278 0 0)
(65.4186 0 0)
(65.5584 0 0)
(65.6972 0 0)
(65.8352 0 0)
(65.9723 0 0)
(66.1086 0 0)
(66.2441 0 0)
(66.3788 0 0)
(66.5127 0 0)
(66.6459 0 0)
(66.7784 0 0)
(66.9102 0 0)
(67.0414 0 0)
(67.1719 0 0)
(67.3018 0 0)
(67.4311 0 0)
(67.5598 0 0)
(67.6879 0 0)
(67.8156 0 0)
(67.9427 0 0)
(68.0694 0 0)
(68.1956 0 0)
(68.3214 0 0)
(68.4467 0 0)
(68.5717 0 0)
(68.6963 0 0)
(68.8205 0 0)
(68.9444 0 0)
(69.068 0 0)
(69.1912 0 0)
(69.3142 0 0)
(69.437 0 0)
(69.5594 0 0)
(69.6817 0 0)
(69.8037 0 0)
(69.9255 0 0)
(70.0472 0 0)
(70.1686 0 0)
(70.2899 0 0)
(70.4111 0 0)
(70.5321 0 0)
(70.653 0 0)
(70.7737 0 0)
(70.8944 0 0)
(71.0149 0 0)
(71.1354 0 0)
(71.2558 0 0)
(71.3761 0 0)
(71.4963 0 0)
(71.6165 0 0)
(71.7367 0 0)
(71.8568 0 0)
(71.9769 0 0)
(72.0969 0 0)
(72.2169 0 0)
(72.3369 0 0)
(72.4569 0 0)
(72.5768 0 0)
(72.6968 0 0)
(72.8167 0 0)
(72.9366 0 0)
(73.0566 0 0)
(73.1765 0 0)
(73.2965 0 0)
(73.4164 0 0)
(73.5364 0 0)
(73.6564 0 0)
(73.7764 0 0)
(73.8964 0 0)
(74.0165 0 0)
(74.1365 0 0)
(74.2566 0 0)
(74.3767 0 0)
(74.4969 0 0)
(74.617 0 0)
(74.7372 0 0)
(74.8575 0 0)
(74.9777 0 0)
(75.098 0 0)
(75.2183 0 0)
(75.3386 0 0)
(75.459 0 0)
(75.5794 0 0)
(75.6998 0 0)
(75.8203 0 0)
(75.9408 0 0)
(76.0613 0 0)
(76.1819 0 0)
(76.3025 0 0)
(76.4231 0 0)
(76.5438 0 0)
(76.6645 0 0)
(76.7852 0 0)
(76.906 0 0)
(77.0268 0 0)
(77.1476 0 0)
(77.2685 0 0)
(77.3894 0 0)
(77.5103 0 0)
(77.6313 0 0)
(77.7523 0 0)
(77.8734 0 0)
(77.9945 0 0)
(78.1156 0 0)
(78.2367 0 0)
(78.3579 0 0)
(78.4792 0 0)
(78.6004 0 0)
(78.7217 0 0)
(78.843 0 0)
(78.9644 0 0)
(79.0858 0 0)
(79.2073 0 0)
(79.3287 0 0)
(79.4502 0 0)
(79.5718 0 0)
(79.6933 0 0)
(79.815 0 0)
(79.9366 0 0)
(80.0583 0 0)
(80.18 0 0)
(80.3017 0 0)
(80.4235 0 0)
(80.5454 0 0)
(80.6672 0 0)
(80.7891 0 0)
(80.911 0 0)
(81.033 0 0)
(81.155 0 0)
(81.277 0 0)
(81.3991 0 0)
(81.5212 0 0)
(81.6433 0 0)
(81.7655 0 0)
(81.8877 0 0)
(82.0099 0 0)
(82.1322 0 0)
(82.2545 0 0)
(82.3768 0 0)
(82.4992 0 0)
(82.6216 0 0)
(82.7441 0 0)
(82.8666 0 0)
(82.9891 0 0)
(83.1116 0 0)
(83.2342 0 0)
(83.3568 0 0)
(83.4795 0 0)
(83.6022 0 0)
(83.7249 0 0)
(83.8477 0 0)
(83.9704 0 0)
(84.0933 0 0)
(84.2161 0 0)
(84.339 0 0)
(84.462 0 0)
(84.5849 0 0)
(84.7079 0 0)
(84.831 0 0)
(84.954 0 0)
(85.0771 0 0)
(85.2003 0 0)
(85.3235 0 0)
(85.4467 0 0)
(85.5699 0 0)
(85.6932 0 0)
(85.8165 0 0)
(85.9398 0 0)
(86.0632 0 0)
(86.1866 0 0)
(86.3101 0 0)
(86.4336 0 0)
(86.5571 0 0)
(86.6806 0 0)
(86.8042 0 0)
(86.9278 0 0)
(87.0515 0 0)
(87.1752 0 0)
(87.2989 0 0)
(87.4227 0 0)
(87.5464 0 0)
(87.6703 0 0)
(87.7941 0 0)
(87.918 0 0)
(88.042 0 0)
(88.1659 0 0)
(88.2899 0 0)
(88.4139 0 0)
(88.538 0 0)
(88.6621 0 0)
(88.7862 0 0)
(88.9104 0 0)
(89.0346 0 0)
(89.1588 0 0)
(89.2831 0 0)
(89.4074 0 0)
(89.5317 0 0)
(89.6561 0 0)
(89.7805 0 0)
(89.9049 0 0)
(90.0294 0 0)
(90.1539 0 0)
(90.2784 0 0)
(90.403 0 0)
(90.5276 0 0)
(90.6522 0 0)
(90.7769 0 0)
(90.9016 0 0)
(91.0263 0 0)
(91.1511 0 0)
(91.2759 0 0)
(91.4007 0 0)
(91.5256 0 0)
(91.6505 0 0)
(91.7754 0 0)
(91.9004 0 0)
(92.0254 0 0)
(92.1504 0 0)
(92.2755 0 0)
(92.4006 0 0)
(92.5257 0 0)
(92.6509 0 0)
(92.7761 0 0)
(92.9013 0 0)
(93.0266 0 0)
(93.1519 0 0)
(93.2772 0 0)
(93.4025 0 0)
(93.5279 0 0)
(93.6534 0 0)
(93.7788 0 0)
(93.9043 0 0)
(94.0299 0 0)
(94.1554 0 0)
(94.281 0 0)
(94.4066 0 0)
(94.5323 0 0)
(94.658 0 0)
(94.7837 0 0)
(94.9095 0 0)
(95.0352 0 0)
(95.1611 0 0)
(95.2869 0 0)
(95.4128 0 0)
(95.5387 0 0)
(95.6647 0 0)
(95.7907 0 0)
(95.9167 0 0)
(96.0427 0 0)
(96.1688 0 0)
(96.2949 0 0)
(96.4211 0 0)
(96.5473 0 0)
(96.6735 0 0)
(96.7997 0 0)
(96.926 0 0)
(97.0523 0 0)
(97.1786 0 0)
(97.305 0 0)
(97.4314 0 0)
(97.5579 0 0)
(97.6843 0 0)
(97.8108 0 0)
(97.9374 0 0)
(98.0639 0 0)
(98.1905 0 0)
(98.3172 0 0)
(98.4438 0 0)
(98.5705 0 0)
(98.6972 0 0)
(98.824 0 0)
(98.9508 0 0)
(99.0776 0 0)
(99.2045 0 0)
(99.3314 0 0)
(99.4583 0 0)
(99.5852 0 0)
(99.7122 0 0)
(99.8392 0 0)
(99.9663 0 0)
(100.093 0 0)
(100.22 0 0)
(100.348 0 0)
(100.475 0 0)
(100.602 0 0)
(100.729 0 0)
(100.857 0 0)
(100.984 0 0)
(101.111 0 0)
(101.239 0 0)
(101.366 0 0)
(101.493 0 0)
(101.621 0 0)
(101.748 0 0)
(101.876 0 0)
(102.003 0 0)
(102.131 0 0)
(102.259 0 0)
(102.386 0 0)
(102.514 0 0)
(102.642 0 0)
(102.769 0 0)
(102.897 0 0)
(103.025 0 0)
(103.153 0 0)
(103.281 0 0)
(103.409 0 0)
(103.537 0 0)
(103.664 0 0)
(103.792 0 0)
(103.92 0 0)
(104.049 0 0)
(104.177 0 0)
(104.305 0 0)
(104.433 0 0)
(104.561 0 0)
(104.689 0 0)
(104.818 0 0)
(104.946 0 0)
(105.074 0 0)
(105.203 0 0)
(105.331 0 0)
(105.459 0 0)
(105.588 0 0)
(105.716 0 0)
(105.845 0 0)
(105.973 0 0)
(106.102 0 0)
(106.23 0 0)
(106.359 0 0)
(106.488 0 0)
(106.616 0 0)
(106.745 0 0)
(106.874 0 0)
(107.003 0 0)
(107.131 0 0)
(107.26 0 0)
(107.389 0 0)
(107.518 0 0)
(107.647 0 0)
(107.776 0 0)
(107.905 0 0)
(108.034 0 0)
(108.163 0 0)
(108.292 0 0)
(108.421 0 0)
(108.55 0 0)
(108.679 0 0)
(108.809 0 0)
(108.938 0 0)
(109.067 0 0)
(109.197 0 0)
(109.326 0 0)
(109.455 0 0)
(109.585 0 0)
(109.714 0 0)
(109.843 0 0)
(109.973 0 0)
(110.102 0 0)
(110.232 0 0)
(110.362 0 0)
(110.491 0 0)
(110.621 0 0)
(110.751 0 0)
(110.88 0 0)
(111.01 0 0)
(111.14 0 0)
(111.27 0 0)
(111.399 0 0)
(111.529 0 0)
(111.659 0 0)
(111.789 0 0)
(111.919 0 0)
(112.049 0 0)
(112.179 0 0)
(112.309 0 0)
(112.439 0 0)
(112.569 0 0)
(112.699 0 0)
(112.829 0 0)
(112.96 0 0)
(113.09 0 0)
(113.22 0 0)
(113.35 0 0)
(113.481 0 0)
(113.611 0 0)
(113.741 0 0)
(113.872 0 0)
(114.002 0 0)
(114.133 0 0)
(114.263 0 0)
(114.394 0 0)
(114.524 0 0)
(114.655 0 0)
(114.785 0 0)
(114.916 0 0)
(115.047 0 0)
(115.177 0 0)
(115.308 0 0)
(115.439 0 0)
(115.57 0 0)
(115.7 0 0)
(115.831 0 0)
(115.962 0 0)
(116.093 0 0)
(116.224 0 0)
(116.355 0 0)
(116.486 0 0)
(116.617 0 0)
(116.748 0 0)
(116.879 0 0)
(117.01 0 0)
(117.141 0 0)
(117.273 0 0)
(117.404 0 0)
(117.535 0 0)
(117.666 0 0)
(117.798 0 0)
(117.929 0 0)
(118.06 0 0)
(118.192 0 0)
(118.323 0 0)
(118.455 0 0)
(118.586 0 0)
(118.718 0 0)
(118.849 0 0)
(118.981 0 0)
(119.112 0 0)
(119.244 0 0)
(119.375 0 0)
(119.507 0 0)
(119.639 0 0)
(119.771 0 0)
(119.902 0 0)
(120.034 0 0)
(120.166 0 0)
(120.298 0 0)
(120.43 0 0)
(120.562 0 0)
(120.693 0 0)
(120.825 0 0)
(120.957 0 0)
(121.089 0 0)
(121.221 0 0)
(121.353 0 0)
(121.486 0 0)
(121.618 0 0)
(121.75 0 0)
(121.882 0 0)
(122.014 0 0)
(122.146 0 0)
(122.278 0 0)
(122.411 0 0)
(122.543 0 0)
(122.675 0 0)
(122.807 0 0)
(122.94 0 0)
(123.072 0 0)
(123.204 0 0)
(123.337 0 0)
(123.469 0 0)
(123.601 0 0)
(123.734 0 0)
(123.866 0 0)
(123.998 0 0)
(124.13 0 0)
(124.263 0 0)
(124.395 0 0)
(124.527 0 0)
(124.659 0 0)
(124.791 0 0)
(124.924 0 0)
(125.056 0 0)
(125.188 0 0)
(125.32 0 0)
(125.451 0 0)
(125.583 0 0)
(125.715 0 0)
(125.847 0 0)
(125.978 0 0)
(126.109 0 0)
(126.241 0 0)
(126.372 0 0)
(126.503 0 0)
(126.634 0 0)
(126.764 0 0)
(126.895 0 0)
(127.025 0 0)
(127.155 0 0)
(127.285 0 0)
(127.415 0 0)
(127.544 0 0)
(127.673 0 0)
(127.802 0 0)
(127.93 0 0)
(128.058 0 0)
(128.186 0 0)
(128.314 0 0)
(128.441 0 0)
(128.567 0 0)
(128.693 0 0)
(128.819 0 0)
(128.944 0 0)
(129.069 0 0)
(129.194 0 0)
(129.317 0 0)
(129.441 0 0)
(129.563 0 0)
(129.686 0 0)
(129.807 0 0)
(129.928 0 0)
(130.048 0 0)
(130.168 0 0)
(130.287 0 0)
(130.406 0 0)
(130.523 0 0)
(130.64 0 0)
(130.757 0 0)
(130.873 0 0)
(130.988 0 0)
(131.102 0 0)
(131.216 0 0)
(131.328 0 0)
(131.441 0 0)
(131.552 0 0)
(131.663 0 0)
(131.774 0 0)
(131.883 0 0)
(131.992 0 0)
(132.101 0 0)
(132.208 0 0)
(132.316 0 0)
(132.422 0 0)
(132.529 0 0)
(132.634 0 0)
(132.74 0 0)
(132.845 0 0)
(132.949 0 0)
(133.054 0 0)
(133.158 0 0)
(133.262 0 0)
(133.365 0 0)
(133.469 0 0)
(133.572 0 0)
(133.675 0 0)
(133.779 0 0)
(133.882 0 0)
(133.986 0 0)
(134.089 0 0)
(134.193 0 0)
(134.297 0 0)
(134.401 0 0)
(134.506 0 0)
(134.611 0 0)
(134.717 0 0)
(134.823 0 0)
(134.929 0 0)
(135.036 0 0)
(135.144 0 0)
(135.252 0 0)
(135.361 0 0)
(135.47 0 0)
(135.58 0 0)
(135.691 0 0)
(135.802 0 0)
(135.915 0 0)
(136.028 0 0)
(136.141 0 0)
(136.256 0 0)
(136.371 0 0)
(136.487 0 0)
(136.604 0 0)
(136.721 0 0)
(136.84 0 0)
(136.959 0 0)
(137.079 0 0)
(137.2 0 0)
(137.321 0 0)
(137.443 0 0)
(137.566 0 0)
(137.69 0 0)
(137.814 0 0)
(137.939 0 0)
(138.065 0 0)
(138.191 0 0)
(138.318 0 0)
(138.445 0 0)
(138.574 0 0)
(138.702 0 0)
(138.832 0 0)
(138.961 0 0)
(139.092 0 0)
(139.223 0 0)
(139.354 0 0)
(139.486 0 0)
(139.618 0 0)
(139.751 0 0)
(139.884 0 0)
(140.017 0 0)
(140.151 0 0)
(140.285 0 0)
(140.42 0 0)
(140.555 0 0)
(140.69 0 0)
(140.825 0 0)
(140.961 0 0)
(141.097 0 0)
(141.233 0 0)
(141.37 0 0)
(141.507 0 0)
(141.644 0 0)
(141.781 0 0)
(141.918 0 0)
(142.055 0 0)
(142.193 0 0)
(142.33 0 0)
(142.468 0 0)
(142.606 0 0)
(142.744 0 0)
(142.882 0 0)
(143.02 0 0)
(143.158 0 0)
(143.296 0 0)
(143.434 0 0)
(143.572 0 0)
(143.71 0 0)
(143.848 0 0)
(143.986 0 0)
(144.124 0 0)
(144.261 0 0)
(144.398 0 0)
(144.535 0 0)
(144.672 0 0)
(144.808 0 0)
(144.944 0 0)
(145.08 0 0)
(145.215 0 0)
(145.349 0 0)
(145.483 0 0)
(145.616 0 0)
(145.749 0 0)
(145.88 0 0)
(146.011 0 0)
(146.14 0 0)
(146.268 0 0)
(146.396 0 0)
(146.521 0 0)
(146.646 0 0)
(146.769 0 0)
(146.89 0 0)
(147.009 0 0)
(147.127 0 0)
(147.243 0 0)
(147.357 0 0)
(147.468 0 0)
(147.578 0 0)
(147.685 0 0)
(147.79 0 0)
(147.893 0 0)
(147.993 0 0)
(148.091 0 0)
(148.186 0 0)
(148.279 0 0)
(148.369 0 0)
(148.457 0 0)
(148.542 0 0)
(148.626 0 0)
(148.707 0 0)
(148.786 0 0)
(148.863 0 0)
(148.938 0 0)
(149.011 0 0)
(149.083 0 0)
(149.153 0 0)
(149.222 0 0)
(149.291 0 0)
(149.358 0 0)
(149.425 0 0)
(149.491 0 0)
(149.557 0 0)
(149.623 0 0)
(149.689 0 0)
(149.755 0 0)
(149.822 0 0)
(149.889 0 0)
(149.957 0 0)
(150.026 0 0)
(150.096 0 0)
(150.168 0 0)
(150.24 0 0)
(150.314 0 0)
(150.389 0 0)
(150.465 0 0)
(150.543 0 0)
(150.623 0 0)
(150.704 0 0)
(150.786 0 0)
(150.87 0 0)
(150.956 0 0)
(151.043 0 0)
(151.132 0 0)
(151.222 0 0)
(151.314 0 0)
(151.407 0 0)
(151.502 0 0)
(151.598 0 0)
(151.695 0 0)
(151.794 0 0)
(151.894 0 0)
(151.995 0 0)
(152.098 0 0)
(152.202 0 0)
(152.307 0 0)
(152.413 0 0)
(152.52 0 0)
(152.629 0 0)
(152.738 0 0)
(152.849 0 0)
(152.961 0 0)
(153.073 0 0)
(153.187 0 0)
(153.302 0 0)
(153.418 0 0)
(153.534 0 0)
(153.652 0 0)
(153.77 0 0)
(153.889 0 0)
(154.009 0 0)
(154.13 0 0)
(154.252 0 0)
(154.375 0 0)
(154.498 0 0)
(154.623 0 0)
(154.748 0 0)
(154.874 0 0)
(155 0 0)
(155.127 0 0)
(155.255 0 0)
(155.384 0 0)
(155.514 0 0)
(155.644 0 0)
(155.775 0 0)
(155.906 0 0)
(156.038 0 0)
(156.171 0 0)
(156.305 0 0)
(156.439 0 0)
(156.573 0 0)
(156.709 0 0)
(156.845 0 0)
(156.981 0 0)
(157.119 0 0)
(157.256 0 0)
(157.395 0 0)
(157.534 0 0)
(157.673 0 0)
(157.813 0 0)
(157.954 0 0)
(158.095 0 0)
(158.237 0 0)
(158.379 0 0)
(158.521 0 0)
(158.665 0 0)
(158.808 0 0)
(158.953 0 0)
(159.098 0 0)
(159.243 0 0)
(159.389 0 0)
(159.535 0 0)
(159.682 0 0)
(159.829 0 0)
(159.976 0 0)
(160.125 0 0)
(160.273 0 0)
(160.422 0 0)
(160.572 0 0)
(160.722 0 0)
(160.872 0 0)
(161.023 0 0)
(161.174 0 0)
(161.326 0 0)
(161.478 0 0)
(161.631 0 0)
(161.784 0 0)
(161.938 0 0)
(162.092 0 0)
(162.249 0 0)
(162.524 0 0)
)
;

boundaryField
{
    sides
    {
        type            zeroGradient;
    }
    empty
    {
        type            empty;
    }
}


// ************************************************************************* //
