/*--------------------------------*- C++ -*----------------------------------*\
| =========                 |                                                 |
| \\      /  F ield         | OpenFOAM: The Open Source CFD Toolbox           |
|  \\    /   O peration     | Version:  2406                                  |
|   \\  /    A nd           | Website:  www.openfoam.com                      |
|    \\/     M anipulation  |                                                 |
\*---------------------------------------------------------------------------*/
FoamFile
{
    version     2.0;
    format      ascii;
    arch        "LSB;label=32;scalar=64";
    class       volScalarField;
    location    "0.05";
    object      mag(U);
}
// * * * * * * * * * * * * * * * * * * * * * * * * * * * * * * * * * * * * * //

dimensions      [0 1 -1 0 0 0 0];

internalField   nonuniform List<scalar> 
1000
(
20.2327
20.4214
20.673
20.8811
21.0605
21.2369
21.4177
21.6009
21.7838
21.9661
22.148
22.3296
22.5111
22.6923
22.8732
23.0538
23.2342
23.4143
23.594
23.7735
23.9526
24.1313
24.3097
24.4878
24.6654
24.8427
25.0196
25.1961
25.3721
25.5478
25.7229
25.8978
26.0723
26.2462
26.4194
26.592
26.7642
26.9359
27.107
27.2776
27.4476
27.6171
27.786
27.9542
28.1219
28.2889
28.4553
28.621
28.7861
28.9505
29.1143
29.2773
29.4396
29.6012
29.7621
29.9223
30.0816
30.2403
30.3981
30.5551
30.7114
30.8668
31.0215
31.1753
31.3283
31.4804
31.6317
31.7822
31.9318
32.0805
32.2284
32.3753
32.5214
32.6666
32.8109
32.9542
33.0967
33.2382
33.3789
33.5186
33.6574
33.7953
33.9323
34.0683
34.2035
34.3377
34.471
34.6034
34.7349
34.8656
34.9953
35.1241
35.252
35.3791
35.5053
35.6306
35.7551
35.8788
36.0016
36.1237
36.2449
36.3653
36.4849
36.6038
36.7219
36.8393
36.956
37.072
37.1873
37.3019
37.4158
37.5291
37.6418
37.7539
37.8654
37.9764
38.0867
38.1966
38.3059
38.4148
38.5231
38.631
38.7385
38.8455
38.9521
39.0584
39.1643
39.2698
39.3749
39.4798
39.5843
39.6886
39.7926
39.8963
39.9998
40.1031
40.2061
40.3089
40.4116
40.5141
40.6164
40.7185
40.8206
40.9224
41.0242
41.1259
41.2275
41.3289
41.4303
41.5317
41.6329
41.7341
41.8353
41.9364
42.0375
42.1385
42.2396
42.3406
42.4416
42.5426
42.6436
42.7445
42.8455
42.9465
43.0476
43.1486
43.2496
43.3507
43.4518
43.5529
43.6541
43.7552
43.8565
43.9577
44.059
44.1603
44.2617
44.3631
44.4645
44.566
44.6675
44.7691
44.8707
44.9724
45.0741
45.1758
45.2776
45.3795
45.4813
45.5833
45.6853
45.7873
45.8894
45.9915
46.0937
46.1959
46.2982
46.4005
46.5029
46.6053
46.7078
46.8103
46.9129
47.0155
47.1182
47.2209
47.3237
47.4265
47.5293
47.6322
47.7352
47.8382
47.9412
48.0443
48.1475
48.2507
48.3539
48.4572
48.5605
48.6639
48.7673
48.8708
48.9743
49.0779
49.1815
49.2851
49.3888
49.4926
49.5964
49.7002
49.8041
49.908
50.0119
50.116
50.22
50.3241
50.4282
50.5324
50.6367
50.7409
50.8452
50.9496
51.054
51.1585
51.2629
51.3675
51.472
51.5767
51.6813
51.786
51.8908
51.9955
52.1004
52.2052
52.3101
52.4151
52.5201
52.6251
52.7302
52.8353
52.9405
53.0457
53.1509
53.2562
53.3615
53.4669
53.5723
53.6777
53.7832
53.8887
53.9943
54.0999
54.2055
54.3112
54.4169
54.5227
54.6285
54.7343
54.8402
54.9461
55.0521
55.1581
55.2641
55.3702
55.4763
55.5825
55.6887
55.7949
55.9012
56.0075
56.1138
56.2202
56.3266
56.4331
56.5396
56.6461
56.7527
56.8593
56.966
57.0727
57.1794
57.2862
57.3929
57.4998
57.6067
57.7136
57.8205
57.9275
58.0345
58.1416
58.2487
58.3558
58.463
58.5702
58.6774
58.7847
58.892
58.9994
59.1067
59.2142
59.3216
59.4291
59.5366
59.6442
59.7518
59.8594
59.9671
60.0748
60.1826
60.2903
60.3982
60.506
60.6139
60.7218
60.8298
60.9377
61.0458
61.1538
61.2619
61.37
61.4782
61.5864
61.6946
61.8029
61.9112
62.0195
62.1279
62.2363
62.3447
62.4532
62.5617
62.6702
62.7788
62.8874
62.9961
63.1047
63.2134
63.3222
63.431
63.5398
63.6486
63.7575
63.8664
63.9753
64.0843
64.1933
64.3024
64.4114
64.5206
64.6297
64.7389
64.8481
64.9573
65.0666
65.1759
65.2852
65.3946
65.504
65.6135
65.7229
65.8324
65.942
66.0515
66.1611
66.2708
66.3804
66.4901
66.5999
66.7096
66.8194
66.9293
67.0391
67.149
67.2589
67.3689
67.4789
67.5889
67.699
67.809
67.9192
68.0293
68.1395
68.2497
68.3599
68.4702
68.5805
68.6909
68.8012
68.9116
69.0221
69.1325
69.243
69.3536
69.4641
69.5747
69.6853
69.796
69.9067
70.0174
70.1281
70.2389
70.3497
70.4605
70.5714
70.6823
70.7932
70.9042
71.0152
71.1262
71.2373
71.3484
71.4595
71.5706
71.6818
71.793
71.9043
72.0155
72.1268
72.2382
72.3495
72.4609
72.5723
72.6838
72.7953
72.9068
73.0183
73.1299
73.2415
73.3531
73.4648
73.5765
73.6882
73.8
73.9118
74.0236
74.1354
74.2473
74.3592
74.4712
74.5831
74.6951
74.8071
74.9192
75.0313
75.1434
75.2555
75.3677
75.4799
75.5922
75.7044
75.8167
75.929
76.0414
76.1538
76.2662
76.3786
76.4911
76.6036
76.7161
76.8287
76.9413
77.0539
77.1665
77.2792
77.3919
77.5047
77.6174
77.7302
77.843
77.9559
78.0688
78.1817
78.2946
78.4076
78.5206
78.6336
78.7467
78.8598
78.9729
79.086
79.1992
79.3124
79.4256
79.5389
79.6522
79.7655
79.8788
79.9922
80.1056
80.219
80.3325
80.446
80.5595
80.673
80.7866
80.9002
81.0139
81.1275
81.2412
81.3549
81.4687
81.5824
81.6962
81.8101
81.9239
82.0378
82.1517
82.2657
82.3796
82.4936
82.6077
82.7217
82.8358
82.9499
83.0641
83.1782
83.2924
83.4066
83.5209
83.6352
83.7495
83.8638
83.9782
84.0926
84.207
84.3214
84.4359
84.5504
84.6649
84.7795
84.8941
85.0087
85.1233
85.238
85.3527
85.4674
85.5821
85.6969
85.8117
85.9265
86.0413
86.1562
86.2711
86.386
86.501
86.6159
86.7309
86.8459
86.961
87.076
87.1911
87.3062
87.4214
87.5365
87.6517
87.7668
87.882
87.9972
88.1124
88.2277
88.3429
88.4582
88.5734
88.6887
88.804
88.9192
89.0345
89.1497
89.265
89.3802
89.4955
89.6107
89.7259
89.841
89.9562
90.0713
90.1863
90.3013
90.4163
90.5312
90.646
90.7608
90.8755
90.9901
91.1047
91.2191
91.3334
91.4476
91.5617
91.6756
91.7894
91.9031
92.0165
92.1298
92.2429
92.3558
92.4685
92.5809
92.6931
92.8051
92.9168
93.0281
93.1392
93.25
93.3604
93.4705
93.5803
93.6896
93.7986
93.9071
94.0153
94.123
94.2302
94.337
94.4432
94.549
94.6543
94.759
94.8633
94.9669
95.07
95.1726
95.2745
95.3759
95.4767
95.5768
95.6764
95.7754
95.8738
95.9715
96.0687
96.1652
96.2612
96.3566
96.4514
96.5457
96.6394
96.7326
96.8253
96.9174
97.0091
97.1003
97.1912
97.2816
97.3717
97.4614
97.5508
97.6399
97.7289
97.8176
97.9061
97.9945
98.0829
98.1711
98.2594
98.3477
98.4361
98.5246
98.6132
98.7021
98.7911
98.8804
98.9701
99.06
99.1504
99.2411
99.3323
99.4239
99.516
99.6087
99.7019
99.7956
99.89
99.9849
100.081
100.177
100.274
100.371
100.469
100.568
100.668
100.768
100.869
100.97
101.073
101.176
101.279
101.384
101.489
101.594
101.701
101.807
101.915
102.023
102.132
102.241
102.351
102.462
102.573
102.684
102.796
102.909
103.022
103.135
103.249
103.363
103.478
103.593
103.709
103.825
103.941
104.058
104.175
104.292
104.409
104.527
104.645
104.763
104.882
105.001
105.12
105.239
105.358
105.478
105.597
105.717
105.837
105.957
106.077
106.198
106.318
106.438
106.559
106.679
106.799
106.92
107.04
107.16
107.28
107.4
107.52
107.639
107.759
107.878
107.997
108.115
108.233
108.351
108.468
108.585
108.701
108.817
108.932
109.046
109.159
109.271
109.383
109.493
109.603
109.711
109.818
109.923
110.027
110.13
110.231
110.331
110.429
110.525
110.619
110.711
110.802
110.89
110.977
111.061
111.144
111.224
111.303
111.379
111.453
111.525
111.596
111.664
111.731
111.795
111.859
111.92
111.98
112.039
112.097
112.153
112.209
112.264
112.318
112.372
112.426
112.479
112.532
112.586
112.64
112.694
112.749
112.804
112.86
112.917
112.975
113.034
113.094
113.155
113.218
113.282
113.347
113.413
113.481
113.55
113.621
113.693
113.766
113.841
113.917
113.995
114.074
114.154
114.235
114.318
114.402
114.487
114.574
114.661
114.75
114.84
114.931
115.023
115.116
115.21
115.305
115.401
115.498
115.596
115.695
115.795
115.896
115.997
116.1
116.203
116.307
116.412
116.517
116.623
116.731
116.838
116.947
117.056
117.166
117.277
117.388
117.5
117.613
117.726
117.84
117.954
118.069
118.185
118.301
118.418
118.536
118.654
118.772
118.891
119.011
119.131
119.252
119.373
119.495
119.618
119.74
119.864
119.987
120.112
120.237
120.362
120.487
120.614
120.74
120.867
120.995
121.123
121.251
121.38
121.509
121.639
121.769
121.9
122.031
122.162
122.294
122.426
122.558
122.691
122.825
122.958
123.092
123.227
123.362
123.497
123.632
123.768
123.904
124.041
124.178
124.315
124.453
124.591
124.729
124.868
125.007
125.146
125.286
125.426
125.566
125.707
125.848
125.989
126.131
126.272
126.415
126.557
126.7
126.843
126.986
127.13
127.274
127.418
127.563
127.707
127.853
127.998
128.144
128.289
128.436
128.582
128.729
128.876
129.023
129.171
129.319
129.467
129.615
129.764
129.912
130.062
130.211
130.361
130.51
130.661
130.811
130.961
131.112
131.263
131.415
131.566
131.718
131.87
132.022
132.175
132.328
132.481
132.634
132.787
132.941
133.095
133.249
133.403
133.558
133.713
133.868
134.023
134.179
134.335
134.492
134.754
)
;

boundaryField
{
    sides
    {
        type            calculated;
        value           nonuniform List<scalar> 2(134.754 20.2327);
    }
    empty
    {
        type            empty;
    }
}


// ************************************************************************* //
