/*--------------------------------*- C++ -*----------------------------------*\
| =========                 |                                                 |
| \\      /  F ield         | OpenFOAM: The Open Source CFD Toolbox           |
|  \\    /   O peration     | Version:  2406                                  |
|   \\  /    A nd           | Website:  www.openfoam.com                      |
|    \\/     M anipulation  |                                                 |
\*---------------------------------------------------------------------------*/
FoamFile
{
    version     2.0;
    format      ascii;
    arch        "LSB;label=32;scalar=64";
    class       volScalarField;
    location    "0.05";
    object      p;
}
// * * * * * * * * * * * * * * * * * * * * * * * * * * * * * * * * * * * * * //

dimensions      [1 -1 -2 0 0 0 0];

internalField   nonuniform List<scalar> 
1000
(
8703.41
8702.69
8701.41
8700.31
8699.41
8698.58
8697.76
8696.96
8696.19
8695.45
8694.74
8694.06
8693.42
8692.81
8692.23
8691.68
8691.17
8690.69
8690.24
8689.82
8689.44
8689.09
8688.78
8688.5
8688.26
8688.05
8687.87
8687.73
8687.63
8687.56
8687.53
8687.54
8687.57
8687.65
8687.77
8687.93
8688.13
8688.37
8688.65
8688.96
8689.32
8689.72
8690.16
8690.64
8691.16
8691.72
8692.33
8692.98
8693.67
8694.41
8695.19
8696.02
8696.89
8697.81
8698.77
8699.78
8700.84
8701.94
8703.1
8704.29
8705.54
8706.84
8708.18
8709.58
8711.02
8712.52
8714.06
8715.66
8717.3
8719
8720.75
8722.55
8724.4
8726.3
8728.25
8730.26
8732.32
8734.43
8736.59
8738.81
8741.08
8743.4
8745.77
8748.2
8750.68
8753.21
8755.79
8758.42
8761.11
8763.85
8766.64
8769.48
8772.36
8775.3
8778.29
8781.33
8784.42
8787.56
8790.74
8793.97
8797.25
8800.58
8803.95
8807.36
8810.82
8814.32
8817.87
8821.46
8825.08
8828.75
8832.46
8836.21
8840
8843.82
8847.68
8851.58
8855.51
8859.47
8863.47
8867.5
8871.56
8875.65
8879.77
8883.92
8888.1
8892.3
8896.53
8900.79
8905.07
8909.37
8913.7
8918.05
8922.42
8926.81
8931.23
8935.66
8940.11
8944.58
8949.06
8953.57
8958.08
8962.62
8967.17
8971.73
8976.31
8980.9
8985.51
8990.12
8994.75
8999.39
9004.04
9008.71
9013.38
9018.06
9022.76
9027.46
9032.17
9036.89
9041.62
9046.36
9051.11
9055.86
9060.62
9065.39
9070.17
9074.95
9079.74
9084.54
9089.34
9094.15
9098.97
9103.79
9108.62
9113.46
9118.3
9123.15
9128
9132.86
9137.72
9142.59
9147.47
9152.35
9157.24
9162.13
9167.02
9171.93
9176.83
9181.75
9186.66
9191.59
9196.51
9201.45
9206.38
9211.33
9216.27
9221.23
9226.18
9231.15
9236.11
9241.08
9246.06
9251.04
9256.03
9261.02
9266.02
9271.02
9276.02
9281.03
9286.05
9291.07
9296.1
9301.12
9306.16
9311.2
9316.24
9321.29
9326.34
9331.4
9336.46
9341.53
9346.6
9351.68
9356.76
9361.85
9366.94
9372.03
9377.13
9382.24
9387.35
9392.46
9397.58
9402.7
9407.83
9412.96
9418.1
9423.24
9428.39
9433.54
9438.69
9443.85
9449.02
9454.19
9459.36
9464.54
9469.72
9474.91
9480.1
9485.3
9490.5
9495.7
9500.91
9506.13
9511.35
9516.57
9521.8
9527.03
9532.27
9537.51
9542.76
9548.01
9553.27
9558.53
9563.79
9569.06
9574.34
9579.62
9584.9
9590.19
9595.48
9600.78
9606.08
9611.38
9616.69
9622.01
9627.33
9632.65
9637.98
9643.31
9648.65
9653.99
9659.34
9664.69
9670.04
9675.4
9680.77
9686.14
9691.51
9696.89
9702.27
9707.66
9713.05
9718.44
9723.84
9729.25
9734.66
9740.07
9745.49
9750.91
9756.34
9761.77
9767.21
9772.65
9778.09
9783.54
9789
9794.46
9799.92
9805.39
9810.86
9816.34
9821.82
9827.3
9832.79
9838.29
9843.79
9849.29
9854.8
9860.31
9865.83
9871.35
9876.88
9882.41
9887.94
9893.48
9899.03
9904.58
9910.13
9915.69
9921.25
9926.82
9932.39
9937.96
9943.54
9949.13
9954.72
9960.31
9965.91
9971.51
9977.12
9982.73
9988.35
9993.97
9999.59
10005.2
10010.9
10016.5
10022.1
10027.8
10033.4
10039.1
10044.8
10050.4
10056.1
10061.8
10067.4
10073.1
10078.8
10084.5
10090.2
10095.9
10101.6
10107.3
10113
10118.8
10124.5
10130.2
10136
10141.7
10147.4
10153.2
10158.9
10164.7
10170.5
10176.2
10182
10187.8
10193.5
10199.3
10205.1
10210.9
10216.7
10222.5
10228.3
10234.1
10239.9
10245.8
10251.6
10257.4
10263.3
10269.1
10274.9
10280.8
10286.6
10292.5
10298.4
10304.2
10310.1
10316
10321.8
10327.7
10333.6
10339.5
10345.4
10351.3
10357.2
10363.1
10369
10375
10380.9
10386.8
10392.8
10398.7
10404.6
10410.6
10416.5
10422.5
10428.5
10434.4
10440.4
10446.4
10452.4
10458.3
10464.3
10470.3
10476.3
10482.3
10488.3
10494.4
10500.4
10506.4
10512.4
10518.5
10524.5
10530.5
10536.6
10542.6
10548.7
10554.7
10560.8
10566.9
10573
10579
10585.1
10591.2
10597.3
10603.4
10609.5
10615.6
10621.7
10627.8
10633.9
10640.1
10646.2
10652.3
10658.5
10664.6
10670.8
10676.9
10683.1
10689.2
10695.4
10701.6
10707.8
10713.9
10720.1
10726.3
10732.5
10738.7
10744.9
10751.1
10757.3
10763.6
10769.8
10776
10782.2
10788.5
10794.7
10801
10807.2
10813.5
10819.7
10826
10832.3
10838.6
10844.8
10851.1
10857.4
10863.7
10870
10876.3
10882.6
10888.9
10895.3
10901.6
10907.9
10914.2
10920.6
10926.9
10933.3
10939.6
10946
10952.3
10958.7
10965.1
10971.4
10977.8
10984.2
10990.6
10997
11003.4
11009.8
11016.2
11022.6
11029.1
11035.5
11041.9
11048.3
11054.8
11061.2
11067.7
11074.1
11080.6
11087
11093.5
11100
11106.5
11112.9
11119.4
11125.9
11132.4
11138.9
11145.4
11151.9
11158.5
11165
11171.5
11178
11184.6
11191.1
11197.7
11204.2
11210.8
11217.3
11223.9
11230.5
11237
11243.6
11250.2
11256.8
11263.4
11270
11276.6
11283.2
11289.8
11296.4
11303.1
11309.7
11316.3
11323
11329.6
11336.3
11342.9
11349.6
11356.2
11362.9
11369.6
11376.3
11383
11389.6
11396.3
11403
11409.8
11416.5
11423.2
11429.9
11436.6
11443.4
11450.1
11456.9
11463.6
11470.4
11477.1
11483.9
11490.7
11497.5
11504.3
11511.1
11517.9
11524.7
11531.5
11538.3
11545.1
11552
11558.8
11565.7
11572.6
11579.4
11586.3
11593.2
11600.1
11607
11614
11620.9
11627.8
11634.8
11641.8
11648.8
11655.8
11662.8
11669.8
11676.8
11683.9
11691
11698.1
11705.2
11712.3
11719.5
11726.6
11733.8
11741.1
11748.3
11755.6
11762.9
11770.2
11777.5
11784.9
11792.3
11799.7
11807.2
11814.7
11822.2
11829.7
11837.3
11845
11852.6
11860.3
11868.1
11875.8
11883.7
11891.5
11899.4
11907.4
11915.4
11923.4
11931.5
11939.6
11947.7
11956
11964.2
11972.5
11980.8
11989.2
11997.7
12006.1
12014.7
12023.2
12031.8
12040.5
12049.2
12057.9
12066.7
12075.5
12084.3
12093.2
12102.1
12111
12120
12129
12138
12147
12156.1
12165.1
12174.2
12183.3
12192.4
12201.5
12210.7
12219.8
12228.9
12238
12247.2
12256.3
12265.4
12274.5
12283.6
12292.6
12301.7
12310.7
12319.7
12328.7
12337.6
12346.6
12355.5
12364.4
12373.2
12382
12390.8
12399.6
12408.3
12417
12425.6
12434.3
12442.8
12451.4
12459.9
12468.4
12476.8
12485.3
12493.6
12502
12510.3
12518.6
12526.8
12535.1
12543.3
12551.4
12559.6
12567.7
12575.7
12583.8
12591.8
12599.8
12607.8
12615.8
12623.7
12631.7
12639.6
12647.5
12655.3
12663.2
12671
12678.8
12686.6
12694.4
12702.2
12710
12717.8
12725.5
12733.3
12741
12748.8
12756.5
12764.2
12772
12779.7
12787.4
12795.1
12802.8
12810.6
12818.3
12826
12833.7
12841.5
12849.2
12857
12864.7
12872.5
12880.3
12888.1
12895.9
12903.7
12911.5
12919.4
12927.3
12935.2
12943.2
12951.1
12959.1
12967.2
12975.3
12983.4
12991.6
12999.8
13008.1
13016.5
13024.9
13033.4
13042
13050.6
13059.3
13068.1
13077
13086.1
13095.2
13104.4
13113.7
13123.2
13132.8
13142.5
13152.3
13162.3
13172.4
13182.7
13193.1
13203.7
13214.4
13225.2
13236.2
13247.3
13258.6
13270.1
13281.6
13293.3
13305.2
13317.1
13329.2
13341.4
13353.7
13366
13378.5
13391.1
13403.7
13416.3
13429.1
13441.8
13454.6
13467.4
13480.2
13493
13505.8
13518.5
13531.3
13544
13556.6
13569.2
13581.8
13594.3
13606.7
13619.1
13631.4
13643.6
13655.7
13667.8
13679.8
13691.7
13703.5
13715.2
13726.9
13738.4
13749.9
13761.3
13772.7
13783.9
13795.1
13806.2
13817.2
13828.2
13839.1
13849.9
13860.7
13871.4
13882
13892.6
13903.1
13913.6
13924
13934.3
13944.6
13954.8
13965
13975.1
13985.2
13995.3
14005.2
14015.2
14025.1
14034.9
14044.7
14054.5
14064.2
14073.9
14083.6
14093.2
14102.7
14112.2
14121.7
14131.2
14140.6
14150
14159.3
14168.6
14177.9
14187.2
14196.4
14205.6
14214.7
14223.8
14232.9
14242
14251
14260
14269
14277.9
14286.8
14295.7
14304.6
14313.4
14322.2
14331
14339.7
14348.5
14357.2
14365.9
14374.5
14383.1
14391.8
14400.3
14408.9
14417.4
14425.9
14434.4
14442.9
14451.4
14459.8
14468.2
14476.6
14484.9
14493.3
14501.6
14509.9
14518.2
14526.4
14534.7
14542.9
14551.1
14559.3
14567.5
14575.6
14583.7
14591.9
14600
14608
14616.1
14624.1
14632.2
14640.2
14648.1
14656.1
14664.1
14672
14679.9
14687.8
14695.7
14703.6
14711.5
14719.3
14727.1
14735
14742.8
14750.5
14758.3
14766.1
14773.8
14781.5
14789.2
14796.9
14804.6
14812.3
14819.9
14827.6
14835.2
14842.8
14850.4
14858
14865.6
14873.1
14880.7
14888.2
14895.7
14903.2
14910.7
14918.2
14925.7
14933.1
14940.6
14948
14955.4
14962.9
14970.3
14977.6
14985
14992.4
14999.7
15007.1
15014.4
15021.7
15029
15036.3
15043.6
15050.9
15058.1
15065.4
15072.6
15079.8
15087.1
15094.3
15101.5
15108.6
15115.8
15122.8
)
;

boundaryField
{
    sides
    {
        type            zeroGradient;
    }
    empty
    {
        type            empty;
    }
}


// ************************************************************************* //
