/*--------------------------------*- C++ -*----------------------------------*\
| =========                 |                                                 |
| \\      /  F ield         | OpenFOAM: The Open Source CFD Toolbox           |
|  \\    /   O peration     | Version:  2406                                  |
|   \\  /    A nd           | Website:  www.openfoam.com                      |
|    \\/     M anipulation  |                                                 |
\*---------------------------------------------------------------------------*/
FoamFile
{
    version     2.0;
    format      ascii;
    arch        "LSB;label=32;scalar=64";
    class       surfaceScalarField;
    location    "0.05";
    object      phi;
}
// * * * * * * * * * * * * * * * * * * * * * * * * * * * * * * * * * * * * * //

dimensions      [1 0 -1 0 0 0 0];

oriented        oriented;

internalField   nonuniform List<scalar> 
999
(
14.3945
14.5213
14.6478
14.7742
14.9004
15.0264
15.1523
15.2779
15.4035
15.5288
15.6539
15.7789
15.9037
16.0283
16.1527
16.2768
16.4008
16.5246
16.6481
16.7714
16.8945
17.0173
17.1399
17.2623
17.3844
17.5063
17.6278
17.7491
17.87
17.9907
18.1112
18.2314
18.3513
18.4709
18.5901
18.7089
18.8274
18.9455
19.0632
19.1807
19.2978
19.4147
19.5312
19.6474
19.7631
19.8784
19.9933
20.1076
20.2215
20.335
20.4481
20.5608
20.6731
20.7852
20.8968
21.0082
21.1191
21.2295
21.3395
21.4489
21.5577
21.6659
21.7736
21.8806
21.9871
22.093
22.1984
22.3033
22.4079
22.512
22.6159
22.7194
22.8226
22.9256
23.0283
23.1306
23.2327
23.3344
23.4356
23.5365
23.6369
23.7368
23.8363
23.9353
24.034
24.1322
24.2302
24.3277
24.4249
24.5216
24.6179
24.7138
24.8092
24.9042
24.9987
25.0928
25.1864
25.2795
25.3723
25.4646
25.5565
25.6479
25.739
25.8297
25.92
26.0099
26.0994
26.1886
26.2774
26.3659
26.4541
26.542
26.6295
26.7168
26.8038
26.8905
26.9769
27.0631
27.1491
27.2348
27.3204
27.4057
27.4908
27.5757
27.6605
27.7451
27.8296
27.9139
27.9981
28.0822
28.1661
28.25
28.3338
28.4174
28.5011
28.5846
28.6681
28.7516
28.835
28.9183
29.0017
29.085
29.1684
29.2517
29.335
29.4183
29.5017
29.585
29.6684
29.7519
29.8353
29.9188
30.0024
30.0859
30.1696
30.2533
30.337
30.4209
30.5047
30.5887
30.6727
30.7568
30.841
30.9253
31.0096
31.094
31.1785
31.2631
31.3478
31.4325
31.5174
31.6023
31.6874
31.7725
31.8577
31.943
32.0285
32.114
32.1996
32.2853
32.3711
32.457
32.543
32.6291
32.7154
32.8017
32.8881
32.9746
33.0612
33.148
33.2348
33.3217
33.4087
33.4959
33.5831
33.6704
33.7579
33.8454
33.9331
34.0208
34.1087
34.1967
34.2847
34.3729
34.4612
34.5495
34.638
34.7266
34.8153
34.9041
34.993
35.082
35.1711
35.2603
35.3496
35.439
35.5285
35.6182
35.7079
35.7977
35.8876
35.9777
36.0678
36.158
36.2484
36.3388
36.4294
36.52
36.6108
36.7017
36.7926
36.8837
36.9749
37.0661
37.1575
37.249
37.3406
37.4322
37.524
37.6159
37.7079
37.8
37.8922
37.9845
38.0769
38.1694
38.2621
38.3548
38.4476
38.5405
38.6335
38.7267
38.8199
38.9132
39.0067
39.1002
39.1939
39.2876
39.3815
39.4754
39.5695
39.6636
39.7579
39.8523
39.9467
40.0413
40.136
40.2308
40.3257
40.4206
40.5157
40.6109
40.7062
40.8016
40.8971
40.9927
41.0885
41.1843
41.2802
41.3762
41.4723
41.5686
41.6649
41.7613
41.8579
41.9545
42.0513
42.1481
42.2451
42.3422
42.4393
42.5366
42.634
42.7314
42.829
42.9267
43.0245
43.1224
43.2204
43.3185
43.4167
43.515
43.6134
43.7119
43.8105
43.9093
44.0081
44.107
44.2061
44.3052
44.4045
44.5038
44.6033
44.7028
44.8025
44.9023
45.0022
45.1021
45.2022
45.3024
45.4027
45.5031
45.6036
45.7042
45.8049
45.9058
46.0067
46.1077
46.2089
46.3101
46.4114
46.5129
46.6145
46.7161
46.8179
46.9198
47.0217
47.1238
47.226
47.3283
47.4307
47.5332
47.6358
47.7386
47.8414
47.9443
48.0473
48.1505
48.2537
48.3571
48.4606
48.5641
48.6678
48.7716
48.8755
48.9795
49.0836
49.1878
49.2921
49.3965
49.501
49.6057
49.7104
49.8153
49.9202
50.0253
50.1305
50.2357
50.3411
50.4466
50.5522
50.6579
50.7637
50.8696
50.9757
51.0818
51.1881
51.2944
51.4009
51.5074
51.6141
51.7209
51.8278
51.9348
52.0419
52.1491
52.2564
52.3639
52.4714
52.5791
52.6868
52.7947
52.9027
53.0108
53.119
53.2273
53.3357
53.4442
53.5528
53.6616
53.7704
53.8794
53.9884
54.0976
54.2069
54.3163
54.4258
54.5354
54.6452
54.755
54.8649
54.975
55.0852
55.1954
55.3058
55.4163
55.5269
55.6376
55.7485
55.8594
55.9705
56.0816
56.1929
56.3043
56.4158
56.5274
56.6391
56.7509
56.8628
56.9749
57.087
57.1993
57.3117
57.4242
57.5368
57.6495
57.7623
57.8753
57.9883
58.1015
58.2148
58.3282
58.4417
58.5553
58.669
58.7828
58.8968
59.0108
59.125
59.2393
59.3537
59.4682
59.5828
59.6976
59.8124
59.9274
60.0425
60.1577
60.273
60.3884
60.5039
60.6196
60.7353
60.8512
60.9672
61.0833
61.1995
61.3158
61.4323
61.5488
61.6655
61.7823
61.8992
62.0162
62.1334
62.2506
62.368
62.4854
62.603
62.7207
62.8386
62.9565
63.0745
63.1927
63.311
63.4294
63.5479
63.6665
63.7853
63.9041
64.0231
64.1422
64.2614
64.3807
64.5002
64.6197
64.7394
64.8592
64.9791
65.0991
65.2192
65.3395
65.4599
65.5804
65.701
65.8217
65.9425
66.0635
66.1846
66.3058
66.4271
66.5485
66.67
66.7917
66.9135
67.0354
67.1574
67.2795
67.4018
67.5242
67.6467
67.7693
67.892
68.0148
68.1378
68.2609
68.3841
68.5074
68.6308
68.7544
68.8781
69.0019
69.1258
69.2498
69.374
69.4983
69.6227
69.7472
69.8718
69.9966
70.1214
70.2464
70.3715
70.4968
70.6221
70.7476
70.8732
70.9989
71.1247
71.2507
71.3768
71.503
71.6293
71.7557
71.8823
72.0089
72.1357
72.2627
72.3897
72.5169
72.6441
72.7715
72.8991
73.0267
73.1545
73.2824
73.4104
73.5385
73.6667
73.7951
73.9236
74.0522
74.1809
74.3097
74.4386
74.5677
74.6969
74.8262
74.9556
75.0851
75.2148
75.3445
75.4744
75.6044
75.7345
75.8647
75.9949
76.1254
76.2559
76.3865
76.5172
76.648
76.7789
76.9099
77.041
77.1721
77.3034
77.4347
77.5662
77.6977
77.8292
77.9609
78.0926
78.2243
78.3561
78.488
78.6199
78.7519
78.8839
79.0159
79.1479
79.28
79.4121
79.5442
79.6762
79.8083
79.9403
80.0724
80.2044
80.3363
80.4682
80.6001
80.7319
80.8636
80.9952
81.1268
81.2582
81.3896
81.5208
81.6519
81.7829
81.9137
82.0444
82.1749
82.3053
82.4355
82.5654
82.6953
82.8249
82.9543
83.0835
83.2126
83.3413
83.4699
83.5982
83.7264
83.8542
83.9819
84.1092
84.2366
84.3634
84.4903
84.6167
84.7432
84.8692
84.9952
85.1208
85.2465
85.3718
85.4972
85.6222
85.7472
85.872
85.9968
86.1215
86.2461
86.3706
86.4952
86.6198
86.7443
86.8689
86.9936
87.1183
87.2432
87.3682
87.4933
87.6187
87.7442
87.8699
87.9959
88.1222
88.2487
88.3756
88.5027
88.6303
88.7581
88.8864
89.0151
89.1442
89.2737
89.4037
89.5341
89.665
89.7963
89.9282
90.0606
90.1934
90.3268
90.4607
90.595
90.73
90.8654
91.0014
91.1378
91.2748
91.4123
91.5503
91.6888
91.8279
91.9673
92.1074
92.2478
92.3889
92.5303
92.6722
92.8146
92.9574
93.1006
93.2444
93.3884
93.533
93.6779
93.8233
93.9689
94.1151
94.2615
94.4083
94.5555
94.703
94.8508
94.999
95.1474
95.2962
95.4453
95.5947
95.7443
95.8942
96.0444
96.1949
96.3455
96.4965
96.6476
96.799
96.9506
97.1024
97.2544
97.4067
97.559
97.7116
97.8643
98.0172
98.1702
98.3234
98.4767
98.6301
98.7836
98.9372
99.0909
99.2446
99.3984
99.5522
99.7061
99.8599
100.014
100.167
100.321
100.475
100.628
100.781
100.934
101.087
101.24
101.392
101.544
101.696
101.847
101.998
102.149
102.298
102.448
102.596
102.745
102.892
103.039
103.185
103.33
103.474
103.617
103.76
103.901
104.042
104.182
104.32
104.458
104.594
104.73
104.864
104.997
105.13
105.261
105.392
105.521
105.65
105.778
105.905
106.031
106.157
106.282
106.407
106.531
106.655
106.779
106.902
107.025
107.149
107.272
107.396
107.52
107.644
107.769
107.894
108.02
108.146
108.273
108.401
108.529
108.659
108.789
108.92
109.052
109.184
109.318
109.453
109.588
109.725
109.862
110.001
110.14
110.28
110.421
110.564
110.707
110.85
110.995
111.141
111.287
111.435
111.583
111.732
111.881
112.032
112.183
112.335
112.488
112.641
112.796
112.95
113.106
113.262
113.419
113.577
113.735
113.893
114.053
114.213
114.373
114.535
114.696
114.859
115.022
115.185
115.349
115.514
115.679
115.844
116.011
116.177
116.344
116.512
116.68
116.849
117.018
117.188
117.358
117.529
117.7
117.872
118.044
118.216
118.389
118.562
118.736
118.911
119.085
119.261
119.436
119.612
119.789
119.965
120.143
120.32
120.499
120.677
120.856
121.035
121.215
121.395
121.576
121.757
121.938
122.119
122.301
122.484
122.667
122.85
123.033
123.217
123.402
123.586
123.771
123.956
124.142
124.328
124.515
124.701
124.888
125.076
125.264
125.452
125.64
125.829
126.018
126.208
126.398
126.588
126.778
126.969
127.16
127.352
127.543
127.735
127.928
128.121
128.314
128.507
128.701
128.895
129.089
129.283
129.478
129.674
129.869
130.065
130.261
130.457
130.654
130.851
131.048
131.246
131.444
131.642
131.841
132.039
132.238
132.438
132.637
132.837
133.037
133.238
133.439
133.64
133.841
134.043
134.245
134.447
134.649
134.852
135.055
135.258
135.462
135.665
135.87
136.074
136.278
136.483
136.688
136.894
137.1
137.305
137.512
137.718
137.925
138.132
138.339
138.547
138.754
138.962
139.171
139.379
)
;

boundaryField
{
    sides
    {
        type            calculated;
        value           nonuniform List<scalar> 2(139.588 -14.2677);
    }
    empty
    {
        type            empty;
    }
}


// ************************************************************************* //
