/*--------------------------------*- C++ -*----------------------------------*\
| =========                 |                                                 |
| \\      /  F ield         | OpenFOAM: The Open Source CFD Toolbox           |
|  \\    /   O peration     | Version:  2406                                  |
|   \\  /    A nd           | Website:  www.openfoam.com                      |
|    \\/     M anipulation  |                                                 |
\*---------------------------------------------------------------------------*/
FoamFile
{
    version     2.0;
    format      ascii;
    arch        "LSB;label=32;scalar=64";
    class       volScalarField;
    location    "0.05";
    object      T;
}
// * * * * * * * * * * * * * * * * * * * * * * * * * * * * * * * * * * * * * //

dimensions      [0 0 0 1 0 0 0];

internalField   nonuniform List<scalar> 
1000
(
171.581
171.588
171.6
171.613
171.628
171.643
171.659
171.675
171.692
171.709
171.726
171.744
171.761
171.78
171.798
171.817
171.836
171.855
171.874
171.894
171.914
171.934
171.955
171.975
171.995
172.016
172.037
172.058
172.08
172.103
172.125
172.147
172.168
172.19
172.213
172.235
172.259
172.283
172.307
172.332
172.356
172.38
172.403
172.426
172.45
172.474
172.499
172.526
172.552
172.58
172.607
172.635
172.661
172.688
172.713
172.739
172.763
172.788
172.814
172.84
172.867
172.895
172.925
172.955
172.987
173.019
173.052
173.085
173.117
173.149
173.18
173.21
173.238
173.265
173.29
173.314
173.336
173.358
173.379
173.399
173.42
173.44
173.46
173.48
173.499
173.518
173.537
173.554
173.571
173.588
173.604
173.62
173.637
173.654
173.671
173.688
173.705
173.723
173.741
173.759
173.777
173.796
173.815
173.834
173.854
173.873
173.893
173.913
173.934
173.954
173.975
173.996
174.018
174.039
174.061
174.083
174.105
174.127
174.149
174.172
174.195
174.218
174.241
174.264
174.287
174.311
174.334
174.358
174.382
174.406
174.43
174.455
174.479
174.504
174.528
174.553
174.578
174.603
174.628
174.653
174.678
174.703
174.729
174.754
174.779
174.805
174.83
174.856
174.882
174.908
174.933
174.959
174.985
175.011
175.037
175.063
175.089
175.115
175.142
175.168
175.194
175.22
175.247
175.273
175.299
175.326
175.352
175.379
175.405
175.432
175.458
175.485
175.511
175.538
175.564
175.591
175.618
175.644
175.671
175.698
175.725
175.751
175.778
175.805
175.832
175.859
175.886
175.912
175.939
175.966
175.993
176.02
176.047
176.074
176.101
176.128
176.155
176.182
176.209
176.236
176.264
176.291
176.318
176.345
176.372
176.399
176.427
176.454
176.481
176.508
176.535
176.563
176.59
176.617
176.645
176.672
176.699
176.727
176.754
176.782
176.809
176.836
176.864
176.891
176.919
176.946
176.974
177.001
177.029
177.056
177.084
177.111
177.139
177.167
177.194
177.222
177.25
177.277
177.305
177.333
177.36
177.388
177.416
177.443
177.471
177.499
177.527
177.555
177.582
177.61
177.638
177.666
177.694
177.722
177.75
177.777
177.805
177.833
177.861
177.889
177.917
177.945
177.973
178.001
178.029
178.057
178.085
178.113
178.142
178.17
178.198
178.226
178.254
178.282
178.31
178.338
178.367
178.395
178.423
178.451
178.48
178.508
178.536
178.564
178.593
178.621
178.649
178.678
178.706
178.734
178.763
178.791
178.819
178.848
178.876
178.905
178.933
178.962
178.99
179.018
179.047
179.075
179.104
179.132
179.161
179.19
179.218
179.247
179.275
179.304
179.333
179.361
179.39
179.418
179.447
179.476
179.504
179.533
179.562
179.591
179.619
179.648
179.677
179.706
179.734
179.763
179.792
179.821
179.85
179.879
179.907
179.936
179.965
179.994
180.023
180.052
180.081
180.11
180.139
180.168
180.197
180.226
180.255
180.284
180.313
180.342
180.371
180.4
180.429
180.458
180.487
180.516
180.545
180.574
180.603
180.633
180.662
180.691
180.72
180.749
180.779
180.808
180.837
180.866
180.895
180.925
180.954
180.983
181.013
181.042
181.071
181.101
181.13
181.159
181.189
181.218
181.247
181.277
181.306
181.336
181.365
181.395
181.424
181.454
181.483
181.513
181.542
181.572
181.601
181.631
181.66
181.69
181.719
181.749
181.778
181.808
181.838
181.867
181.897
181.927
181.956
181.986
182.016
182.045
182.075
182.105
182.135
182.164
182.194
182.224
182.254
182.283
182.313
182.343
182.373
182.403
182.433
182.462
182.492
182.522
182.552
182.582
182.612
182.642
182.672
182.702
182.732
182.762
182.792
182.822
182.852
182.882
182.912
182.942
182.972
183.002
183.032
183.062
183.092
183.122
183.152
183.182
183.212
183.243
183.273
183.303
183.333
183.363
183.393
183.424
183.454
183.484
183.514
183.545
183.575
183.605
183.636
183.666
183.696
183.726
183.757
183.787
183.817
183.848
183.878
183.909
183.939
183.969
184
184.03
184.061
184.091
184.122
184.152
184.183
184.213
184.244
184.274
184.305
184.335
184.366
184.396
184.427
184.457
184.488
184.519
184.549
184.58
184.61
184.641
184.672
184.702
184.733
184.764
184.795
184.825
184.856
184.887
184.917
184.948
184.979
185.01
185.04
185.071
185.102
185.133
185.164
185.195
185.225
185.256
185.287
185.318
185.349
185.38
185.411
185.442
185.473
185.504
185.534
185.565
185.596
185.627
185.658
185.689
185.72
185.751
185.783
185.814
185.845
185.876
185.907
185.938
185.969
186
186.031
186.062
186.094
186.125
186.156
186.187
186.218
186.249
186.281
186.312
186.343
186.374
186.406
186.437
186.468
186.499
186.531
186.562
186.593
186.625
186.656
186.687
186.719
186.75
186.781
186.813
186.844
186.876
186.907
186.939
186.97
187.001
187.033
187.064
187.096
187.127
187.159
187.191
187.222
187.254
187.285
187.317
187.348
187.38
187.412
187.443
187.475
187.507
187.538
187.57
187.602
187.633
187.665
187.697
187.729
187.761
187.792
187.824
187.856
187.888
187.92
187.952
187.984
188.016
188.048
188.08
188.112
188.145
188.177
188.209
188.241
188.274
188.306
188.338
188.371
188.403
188.436
188.469
188.501
188.534
188.567
188.6
188.633
188.666
188.699
188.733
188.766
188.799
188.833
188.867
188.9
188.934
188.968
189.002
189.036
189.071
189.105
189.14
189.174
189.21
189.244
189.281
189.315
189.352
189.386
189.424
189.458
189.497
189.53
189.57
189.603
189.644
189.677
189.719
189.751
189.795
189.826
189.871
189.902
189.949
189.979
190.027
190.056
190.106
190.134
190.185
190.213
190.265
190.292
190.345
190.372
190.426
190.453
190.507
190.534
190.588
190.615
190.669
190.697
190.751
190.778
190.833
190.86
190.915
190.942
190.996
191.024
191.078
191.105
191.159
191.186
191.24
191.267
191.321
191.347
191.401
191.427
191.481
191.507
191.56
191.586
191.638
191.664
191.716
191.741
191.793
191.818
191.869
191.894
191.945
191.97
192.02
192.045
192.094
192.119
192.168
192.193
192.241
192.265
192.314
192.338
192.386
192.409
192.457
192.481
192.528
192.551
192.598
192.622
192.668
192.691
192.738
192.761
192.807
192.83
192.875
192.898
192.944
192.967
193.012
193.035
193.08
193.102
193.148
193.17
193.215
193.237
193.282
193.305
193.35
193.372
193.417
193.439
193.484
193.506
193.551
193.573
193.618
193.64
193.685
193.707
193.752
193.774
193.819
193.841
193.886
193.909
193.954
193.977
194.022
194.045
194.09
194.113
194.159
194.182
194.229
194.252
194.299
194.323
194.37
194.394
194.442
194.466
194.515
194.54
194.59
194.615
194.666
194.692
194.743
194.77
194.823
194.85
194.904
194.932
194.988
195.017
195.073
195.103
195.161
195.192
195.252
195.284
195.345
195.377
195.44
195.473
195.537
195.572
195.637
195.672
195.739
195.774
195.842
195.878
195.947
195.983
196.053
196.089
196.16
196.195
196.267
196.302
196.374
196.409
196.481
196.516
196.587
196.622
196.693
196.728
196.797
196.832
196.901
196.935
197.003
197.037
197.104
197.137
197.203
197.236
197.301
197.333
197.398
197.429
197.493
197.524
197.586
197.617
197.679
197.709
197.769
197.799
197.859
197.889
197.948
197.977
198.035
198.064
198.121
198.15
198.206
198.235
198.291
198.318
198.374
198.401
198.456
198.484
198.538
198.565
198.619
198.645
198.699
198.725
198.778
198.804
198.856
198.882
198.934
198.959
199.011
199.036
199.087
199.112
199.163
199.188
199.238
199.263
199.313
199.337
199.386
199.411
199.46
199.484
199.533
199.557
199.605
199.629
199.677
199.7
199.748
199.772
199.819
199.842
199.889
199.912
199.959
199.982
200.028
200.051
200.097
200.12
200.166
200.189
200.234
200.257
200.302
200.324
200.369
200.391
200.436
200.458
200.502
200.524
200.569
200.591
200.634
200.656
200.7
200.722
200.765
200.786
200.83
200.851
200.894
200.915
200.958
200.979
201.022
201.043
201.085
201.106
201.148
201.169
201.211
201.232
201.274
201.294
201.336
201.357
201.398
201.418
201.459
201.48
201.521
201.541
201.582
201.602
201.643
201.663
201.703
201.723
201.763
201.783
201.823
201.843
201.883
201.903
201.943
201.962
202.002
202.022
202.061
202.08
202.12
202.139
202.178
202.198
202.236
202.256
202.294
202.314
202.352
202.371
202.41
202.429
202.467
202.486
202.524
202.543
202.581
202.6
202.638
202.657
202.694
202.713
202.751
202.769
202.807
202.825
202.863
202.881
202.923
202.932
202.996
)
;

boundaryField
{
    sides
    {
        type            zeroGradient;
    }
    empty
    {
        type            empty;
    }
}


// ************************************************************************* //
