/*--------------------------------*- C++ -*----------------------------------*\
| =========                 |                                                 |
| \\      /  F ield         | OpenFOAM: The Open Source CFD Toolbox           |
|  \\    /   O peration     | Version:  2406                                  |
|   \\  /    A nd           | Website:  www.openfoam.com                      |
|    \\/     M anipulation  |                                                 |
\*---------------------------------------------------------------------------*/
FoamFile
{
    version     2.0;
    format      ascii;
    arch        "LSB;label=32;scalar=64";
    class       volVectorField;
    location    "0.05";
    object      U;
}
// * * * * * * * * * * * * * * * * * * * * * * * * * * * * * * * * * * * * * //

dimensions      [0 1 -1 0 0 0 0];

internalField   nonuniform List<vector> 
1000
(
(20.2327 0 0)
(20.4214 0 0)
(20.673 0 0)
(20.8811 0 0)
(21.0605 0 0)
(21.2369 0 0)
(21.4177 0 0)
(21.6009 0 0)
(21.7838 0 0)
(21.9661 0 0)
(22.148 0 0)
(22.3296 0 0)
(22.5111 0 0)
(22.6923 0 0)
(22.8732 0 0)
(23.0538 0 0)
(23.2342 0 0)
(23.4143 0 0)
(23.594 0 0)
(23.7735 0 0)
(23.9526 0 0)
(24.1313 0 0)
(24.3097 0 0)
(24.4878 0 0)
(24.6654 0 0)
(24.8427 0 0)
(25.0196 0 0)
(25.1961 0 0)
(25.3721 0 0)
(25.5478 0 0)
(25.7229 0 0)
(25.8978 0 0)
(26.0723 0 0)
(26.2462 0 0)
(26.4194 0 0)
(26.592 0 0)
(26.7642 0 0)
(26.9359 0 0)
(27.107 0 0)
(27.2776 0 0)
(27.4476 0 0)
(27.6171 0 0)
(27.786 0 0)
(27.9542 0 0)
(28.1219 0 0)
(28.2889 0 0)
(28.4553 0 0)
(28.621 0 0)
(28.7861 0 0)
(28.9505 0 0)
(29.1143 0 0)
(29.2773 0 0)
(29.4396 0 0)
(29.6012 0 0)
(29.7621 0 0)
(29.9223 0 0)
(30.0816 0 0)
(30.2403 0 0)
(30.3981 0 0)
(30.5551 0 0)
(30.7114 0 0)
(30.8668 0 0)
(31.0215 0 0)
(31.1753 0 0)
(31.3283 0 0)
(31.4804 0 0)
(31.6317 0 0)
(31.7822 0 0)
(31.9318 0 0)
(32.0805 0 0)
(32.2284 0 0)
(32.3753 0 0)
(32.5214 0 0)
(32.6666 0 0)
(32.8109 0 0)
(32.9542 0 0)
(33.0967 0 0)
(33.2382 0 0)
(33.3789 0 0)
(33.5186 0 0)
(33.6574 0 0)
(33.7953 0 0)
(33.9323 0 0)
(34.0683 0 0)
(34.2035 0 0)
(34.3377 0 0)
(34.471 0 0)
(34.6034 0 0)
(34.7349 0 0)
(34.8656 0 0)
(34.9953 0 0)
(35.1241 0 0)
(35.252 0 0)
(35.3791 0 0)
(35.5053 0 0)
(35.6306 0 0)
(35.7551 0 0)
(35.8788 0 0)
(36.0016 0 0)
(36.1237 0 0)
(36.2449 0 0)
(36.3653 0 0)
(36.4849 0 0)
(36.6038 0 0)
(36.7219 0 0)
(36.8393 0 0)
(36.956 0 0)
(37.072 0 0)
(37.1873 0 0)
(37.3019 0 0)
(37.4158 0 0)
(37.5291 0 0)
(37.6418 0 0)
(37.7539 0 0)
(37.8654 0 0)
(37.9764 0 0)
(38.0867 0 0)
(38.1966 0 0)
(38.3059 0 0)
(38.4148 0 0)
(38.5231 0 0)
(38.631 0 0)
(38.7385 0 0)
(38.8455 0 0)
(38.9521 0 0)
(39.0584 0 0)
(39.1643 0 0)
(39.2698 0 0)
(39.3749 0 0)
(39.4798 0 0)
(39.5843 0 0)
(39.6886 0 0)
(39.7926 0 0)
(39.8963 0 0)
(39.9998 0 0)
(40.1031 0 0)
(40.2061 0 0)
(40.3089 0 0)
(40.4116 0 0)
(40.5141 0 0)
(40.6164 0 0)
(40.7185 0 0)
(40.8206 0 0)
(40.9224 0 0)
(41.0242 0 0)
(41.1259 0 0)
(41.2275 0 0)
(41.3289 0 0)
(41.4303 0 0)
(41.5317 0 0)
(41.6329 0 0)
(41.7341 0 0)
(41.8353 0 0)
(41.9364 0 0)
(42.0375 0 0)
(42.1385 0 0)
(42.2396 0 0)
(42.3406 0 0)
(42.4416 0 0)
(42.5426 0 0)
(42.6436 0 0)
(42.7445 0 0)
(42.8455 0 0)
(42.9465 0 0)
(43.0476 0 0)
(43.1486 0 0)
(43.2496 0 0)
(43.3507 0 0)
(43.4518 0 0)
(43.5529 0 0)
(43.6541 0 0)
(43.7552 0 0)
(43.8565 0 0)
(43.9577 0 0)
(44.059 0 0)
(44.1603 0 0)
(44.2617 0 0)
(44.3631 0 0)
(44.4645 0 0)
(44.566 0 0)
(44.6675 0 0)
(44.7691 0 0)
(44.8707 0 0)
(44.9724 0 0)
(45.0741 0 0)
(45.1758 0 0)
(45.2776 0 0)
(45.3795 0 0)
(45.4813 0 0)
(45.5833 0 0)
(45.6853 0 0)
(45.7873 0 0)
(45.8894 0 0)
(45.9915 0 0)
(46.0937 0 0)
(46.1959 0 0)
(46.2982 0 0)
(46.4005 0 0)
(46.5029 0 0)
(46.6053 0 0)
(46.7078 0 0)
(46.8103 0 0)
(46.9129 0 0)
(47.0155 0 0)
(47.1182 0 0)
(47.2209 0 0)
(47.3237 0 0)
(47.4265 0 0)
(47.5293 0 0)
(47.6322 0 0)
(47.7352 0 0)
(47.8382 0 0)
(47.9412 0 0)
(48.0443 0 0)
(48.1475 0 0)
(48.2507 0 0)
(48.3539 0 0)
(48.4572 0 0)
(48.5605 0 0)
(48.6639 0 0)
(48.7673 0 0)
(48.8708 0 0)
(48.9743 0 0)
(49.0779 0 0)
(49.1815 0 0)
(49.2851 0 0)
(49.3888 0 0)
(49.4926 0 0)
(49.5964 0 0)
(49.7002 0 0)
(49.8041 0 0)
(49.908 0 0)
(50.0119 0 0)
(50.116 0 0)
(50.22 0 0)
(50.3241 0 0)
(50.4282 0 0)
(50.5324 0 0)
(50.6367 0 0)
(50.7409 0 0)
(50.8452 0 0)
(50.9496 0 0)
(51.054 0 0)
(51.1585 0 0)
(51.2629 0 0)
(51.3675 0 0)
(51.472 0 0)
(51.5767 0 0)
(51.6813 0 0)
(51.786 0 0)
(51.8908 0 0)
(51.9955 0 0)
(52.1004 0 0)
(52.2052 0 0)
(52.3101 0 0)
(52.4151 0 0)
(52.5201 0 0)
(52.6251 0 0)
(52.7302 0 0)
(52.8353 0 0)
(52.9405 0 0)
(53.0457 0 0)
(53.1509 0 0)
(53.2562 0 0)
(53.3615 0 0)
(53.4669 0 0)
(53.5723 0 0)
(53.6777 0 0)
(53.7832 0 0)
(53.8887 0 0)
(53.9943 0 0)
(54.0999 0 0)
(54.2055 0 0)
(54.3112 0 0)
(54.4169 0 0)
(54.5227 0 0)
(54.6285 0 0)
(54.7343 0 0)
(54.8402 0 0)
(54.9461 0 0)
(55.0521 0 0)
(55.1581 0 0)
(55.2641 0 0)
(55.3702 0 0)
(55.4763 0 0)
(55.5825 0 0)
(55.6887 0 0)
(55.7949 0 0)
(55.9012 0 0)
(56.0075 0 0)
(56.1138 0 0)
(56.2202 0 0)
(56.3266 0 0)
(56.4331 0 0)
(56.5396 0 0)
(56.6461 0 0)
(56.7527 0 0)
(56.8593 0 0)
(56.966 0 0)
(57.0727 0 0)
(57.1794 0 0)
(57.2862 0 0)
(57.3929 0 0)
(57.4998 0 0)
(57.6067 0 0)
(57.7136 0 0)
(57.8205 0 0)
(57.9275 0 0)
(58.0345 0 0)
(58.1416 0 0)
(58.2487 0 0)
(58.3558 0 0)
(58.463 0 0)
(58.5702 0 0)
(58.6774 0 0)
(58.7847 0 0)
(58.892 0 0)
(58.9994 0 0)
(59.1067 0 0)
(59.2142 0 0)
(59.3216 0 0)
(59.4291 0 0)
(59.5366 0 0)
(59.6442 0 0)
(59.7518 0 0)
(59.8594 0 0)
(59.9671 0 0)
(60.0748 0 0)
(60.1826 0 0)
(60.2903 0 0)
(60.3982 0 0)
(60.506 0 0)
(60.6139 0 0)
(60.7218 0 0)
(60.8298 0 0)
(60.9377 0 0)
(61.0458 0 0)
(61.1538 0 0)
(61.2619 0 0)
(61.37 0 0)
(61.4782 0 0)
(61.5864 0 0)
(61.6946 0 0)
(61.8029 0 0)
(61.9112 0 0)
(62.0195 0 0)
(62.1279 0 0)
(62.2363 0 0)
(62.3447 0 0)
(62.4532 0 0)
(62.5617 0 0)
(62.6702 0 0)
(62.7788 0 0)
(62.8874 0 0)
(62.9961 0 0)
(63.1047 0 0)
(63.2134 0 0)
(63.3222 0 0)
(63.431 0 0)
(63.5398 0 0)
(63.6486 0 0)
(63.7575 0 0)
(63.8664 0 0)
(63.9753 0 0)
(64.0843 0 0)
(64.1933 0 0)
(64.3024 0 0)
(64.4114 0 0)
(64.5206 0 0)
(64.6297 0 0)
(64.7389 0 0)
(64.8481 0 0)
(64.9573 0 0)
(65.0666 0 0)
(65.1759 0 0)
(65.2852 0 0)
(65.3946 0 0)
(65.504 0 0)
(65.6135 0 0)
(65.7229 0 0)
(65.8324 0 0)
(65.942 0 0)
(66.0515 0 0)
(66.1611 0 0)
(66.2708 0 0)
(66.3804 0 0)
(66.4901 0 0)
(66.5999 0 0)
(66.7096 0 0)
(66.8194 0 0)
(66.9293 0 0)
(67.0391 0 0)
(67.149 0 0)
(67.2589 0 0)
(67.3689 0 0)
(67.4789 0 0)
(67.5889 0 0)
(67.699 0 0)
(67.809 0 0)
(67.9192 0 0)
(68.0293 0 0)
(68.1395 0 0)
(68.2497 0 0)
(68.3599 0 0)
(68.4702 0 0)
(68.5805 0 0)
(68.6909 0 0)
(68.8012 0 0)
(68.9116 0 0)
(69.0221 0 0)
(69.1325 0 0)
(69.243 0 0)
(69.3536 0 0)
(69.4641 0 0)
(69.5747 0 0)
(69.6853 0 0)
(69.796 0 0)
(69.9067 0 0)
(70.0174 0 0)
(70.1281 0 0)
(70.2389 0 0)
(70.3497 0 0)
(70.4605 0 0)
(70.5714 0 0)
(70.6823 0 0)
(70.7932 0 0)
(70.9042 0 0)
(71.0152 0 0)
(71.1262 0 0)
(71.2373 0 0)
(71.3484 0 0)
(71.4595 0 0)
(71.5706 0 0)
(71.6818 0 0)
(71.793 0 0)
(71.9043 0 0)
(72.0155 0 0)
(72.1268 0 0)
(72.2382 0 0)
(72.3495 0 0)
(72.4609 0 0)
(72.5723 0 0)
(72.6838 0 0)
(72.7953 0 0)
(72.9068 0 0)
(73.0183 0 0)
(73.1299 0 0)
(73.2415 0 0)
(73.3531 0 0)
(73.4648 0 0)
(73.5765 0 0)
(73.6882 0 0)
(73.8 0 0)
(73.9118 0 0)
(74.0236 0 0)
(74.1354 0 0)
(74.2473 0 0)
(74.3592 0 0)
(74.4712 0 0)
(74.5831 0 0)
(74.6951 0 0)
(74.8071 0 0)
(74.9192 0 0)
(75.0313 0 0)
(75.1434 0 0)
(75.2555 0 0)
(75.3677 0 0)
(75.4799 0 0)
(75.5922 0 0)
(75.7044 0 0)
(75.8167 0 0)
(75.929 0 0)
(76.0414 0 0)
(76.1538 0 0)
(76.2662 0 0)
(76.3786 0 0)
(76.4911 0 0)
(76.6036 0 0)
(76.7161 0 0)
(76.8287 0 0)
(76.9413 0 0)
(77.0539 0 0)
(77.1665 0 0)
(77.2792 0 0)
(77.3919 0 0)
(77.5047 0 0)
(77.6174 0 0)
(77.7302 0 0)
(77.843 0 0)
(77.9559 0 0)
(78.0688 0 0)
(78.1817 0 0)
(78.2946 0 0)
(78.4076 0 0)
(78.5206 0 0)
(78.6336 0 0)
(78.7467 0 0)
(78.8598 0 0)
(78.9729 0 0)
(79.086 0 0)
(79.1992 0 0)
(79.3124 0 0)
(79.4256 0 0)
(79.5389 0 0)
(79.6522 0 0)
(79.7655 0 0)
(79.8788 0 0)
(79.9922 0 0)
(80.1056 0 0)
(80.219 0 0)
(80.3325 0 0)
(80.446 0 0)
(80.5595 0 0)
(80.673 0 0)
(80.7866 0 0)
(80.9002 0 0)
(81.0139 0 0)
(81.1275 0 0)
(81.2412 0 0)
(81.3549 0 0)
(81.4687 0 0)
(81.5824 0 0)
(81.6962 0 0)
(81.8101 0 0)
(81.9239 0 0)
(82.0378 0 0)
(82.1517 0 0)
(82.2657 0 0)
(82.3796 0 0)
(82.4936 0 0)
(82.6077 0 0)
(82.7217 0 0)
(82.8358 0 0)
(82.9499 0 0)
(83.0641 0 0)
(83.1782 0 0)
(83.2924 0 0)
(83.4066 0 0)
(83.5209 0 0)
(83.6352 0 0)
(83.7495 0 0)
(83.8638 0 0)
(83.9782 0 0)
(84.0926 0 0)
(84.207 0 0)
(84.3214 0 0)
(84.4359 0 0)
(84.5504 0 0)
(84.6649 0 0)
(84.7795 0 0)
(84.8941 0 0)
(85.0087 0 0)
(85.1233 0 0)
(85.238 0 0)
(85.3527 0 0)
(85.4674 0 0)
(85.5821 0 0)
(85.6969 0 0)
(85.8117 0 0)
(85.9265 0 0)
(86.0413 0 0)
(86.1562 0 0)
(86.2711 0 0)
(86.386 0 0)
(86.501 0 0)
(86.6159 0 0)
(86.7309 0 0)
(86.8459 0 0)
(86.961 0 0)
(87.076 0 0)
(87.1911 0 0)
(87.3062 0 0)
(87.4214 0 0)
(87.5365 0 0)
(87.6517 0 0)
(87.7668 0 0)
(87.882 0 0)
(87.9972 0 0)
(88.1124 0 0)
(88.2277 0 0)
(88.3429 0 0)
(88.4582 0 0)
(88.5734 0 0)
(88.6887 0 0)
(88.804 0 0)
(88.9192 0 0)
(89.0345 0 0)
(89.1497 0 0)
(89.265 0 0)
(89.3802 0 0)
(89.4955 0 0)
(89.6107 0 0)
(89.7259 0 0)
(89.841 0 0)
(89.9562 0 0)
(90.0713 0 0)
(90.1863 0 0)
(90.3013 0 0)
(90.4163 0 0)
(90.5312 0 0)
(90.646 0 0)
(90.7608 0 0)
(90.8755 0 0)
(90.9901 0 0)
(91.1047 0 0)
(91.2191 0 0)
(91.3334 0 0)
(91.4476 0 0)
(91.5617 0 0)
(91.6756 0 0)
(91.7894 0 0)
(91.9031 0 0)
(92.0165 0 0)
(92.1298 0 0)
(92.2429 0 0)
(92.3558 0 0)
(92.4685 0 0)
(92.5809 0 0)
(92.6931 0 0)
(92.8051 0 0)
(92.9168 0 0)
(93.0281 0 0)
(93.1392 0 0)
(93.25 0 0)
(93.3604 0 0)
(93.4705 0 0)
(93.5803 0 0)
(93.6896 0 0)
(93.7986 0 0)
(93.9071 0 0)
(94.0153 0 0)
(94.123 0 0)
(94.2302 0 0)
(94.337 0 0)
(94.4432 0 0)
(94.549 0 0)
(94.6543 0 0)
(94.759 0 0)
(94.8633 0 0)
(94.9669 0 0)
(95.07 0 0)
(95.1726 0 0)
(95.2745 0 0)
(95.3759 0 0)
(95.4767 0 0)
(95.5768 0 0)
(95.6764 0 0)
(95.7754 0 0)
(95.8738 0 0)
(95.9715 0 0)
(96.0687 0 0)
(96.1652 0 0)
(96.2612 0 0)
(96.3566 0 0)
(96.4514 0 0)
(96.5457 0 0)
(96.6394 0 0)
(96.7326 0 0)
(96.8253 0 0)
(96.9174 0 0)
(97.0091 0 0)
(97.1003 0 0)
(97.1912 0 0)
(97.2816 0 0)
(97.3717 0 0)
(97.4614 0 0)
(97.5508 0 0)
(97.6399 0 0)
(97.7289 0 0)
(97.8176 0 0)
(97.9061 0 0)
(97.9945 0 0)
(98.0829 0 0)
(98.1711 0 0)
(98.2594 0 0)
(98.3477 0 0)
(98.4361 0 0)
(98.5246 0 0)
(98.6132 0 0)
(98.7021 0 0)
(98.7911 0 0)
(98.8804 0 0)
(98.9701 0 0)
(99.06 0 0)
(99.1504 0 0)
(99.2411 0 0)
(99.3323 0 0)
(99.4239 0 0)
(99.516 0 0)
(99.6087 0 0)
(99.7019 0 0)
(99.7956 0 0)
(99.89 0 0)
(99.9849 0 0)
(100.081 0 0)
(100.177 0 0)
(100.274 0 0)
(100.371 0 0)
(100.469 0 0)
(100.568 0 0)
(100.668 0 0)
(100.768 0 0)
(100.869 0 0)
(100.97 0 0)
(101.073 0 0)
(101.176 0 0)
(101.279 0 0)
(101.384 0 0)
(101.489 0 0)
(101.594 0 0)
(101.701 0 0)
(101.807 0 0)
(101.915 0 0)
(102.023 0 0)
(102.132 0 0)
(102.241 0 0)
(102.351 0 0)
(102.462 0 0)
(102.573 0 0)
(102.684 0 0)
(102.796 0 0)
(102.909 0 0)
(103.022 0 0)
(103.135 0 0)
(103.249 0 0)
(103.363 0 0)
(103.478 0 0)
(103.593 0 0)
(103.709 0 0)
(103.825 0 0)
(103.941 0 0)
(104.058 0 0)
(104.175 0 0)
(104.292 0 0)
(104.409 0 0)
(104.527 0 0)
(104.645 0 0)
(104.763 0 0)
(104.882 0 0)
(105.001 0 0)
(105.12 0 0)
(105.239 0 0)
(105.358 0 0)
(105.478 0 0)
(105.597 0 0)
(105.717 0 0)
(105.837 0 0)
(105.957 0 0)
(106.077 0 0)
(106.198 0 0)
(106.318 0 0)
(106.438 0 0)
(106.559 0 0)
(106.679 0 0)
(106.799 0 0)
(106.92 0 0)
(107.04 0 0)
(107.16 0 0)
(107.28 0 0)
(107.4 0 0)
(107.52 0 0)
(107.639 0 0)
(107.759 0 0)
(107.878 0 0)
(107.997 0 0)
(108.115 0 0)
(108.233 0 0)
(108.351 0 0)
(108.468 0 0)
(108.585 0 0)
(108.701 0 0)
(108.817 0 0)
(108.932 0 0)
(109.046 0 0)
(109.159 0 0)
(109.271 0 0)
(109.383 0 0)
(109.493 0 0)
(109.603 0 0)
(109.711 0 0)
(109.818 0 0)
(109.923 0 0)
(110.027 0 0)
(110.13 0 0)
(110.231 0 0)
(110.331 0 0)
(110.429 0 0)
(110.525 0 0)
(110.619 0 0)
(110.711 0 0)
(110.802 0 0)
(110.89 0 0)
(110.977 0 0)
(111.061 0 0)
(111.144 0 0)
(111.224 0 0)
(111.303 0 0)
(111.379 0 0)
(111.453 0 0)
(111.525 0 0)
(111.596 0 0)
(111.664 0 0)
(111.731 0 0)
(111.795 0 0)
(111.859 0 0)
(111.92 0 0)
(111.98 0 0)
(112.039 0 0)
(112.097 0 0)
(112.153 0 0)
(112.209 0 0)
(112.264 0 0)
(112.318 0 0)
(112.372 0 0)
(112.426 0 0)
(112.479 0 0)
(112.532 0 0)
(112.586 0 0)
(112.64 0 0)
(112.694 0 0)
(112.749 0 0)
(112.804 0 0)
(112.86 0 0)
(112.917 0 0)
(112.975 0 0)
(113.034 0 0)
(113.094 0 0)
(113.155 0 0)
(113.218 0 0)
(113.282 0 0)
(113.347 0 0)
(113.413 0 0)
(113.481 0 0)
(113.55 0 0)
(113.621 0 0)
(113.693 0 0)
(113.766 0 0)
(113.841 0 0)
(113.917 0 0)
(113.995 0 0)
(114.074 0 0)
(114.154 0 0)
(114.235 0 0)
(114.318 0 0)
(114.402 0 0)
(114.487 0 0)
(114.574 0 0)
(114.661 0 0)
(114.75 0 0)
(114.84 0 0)
(114.931 0 0)
(115.023 0 0)
(115.116 0 0)
(115.21 0 0)
(115.305 0 0)
(115.401 0 0)
(115.498 0 0)
(115.596 0 0)
(115.695 0 0)
(115.795 0 0)
(115.896 0 0)
(115.997 0 0)
(116.1 0 0)
(116.203 0 0)
(116.307 0 0)
(116.412 0 0)
(116.517 0 0)
(116.623 0 0)
(116.731 0 0)
(116.838 0 0)
(116.947 0 0)
(117.056 0 0)
(117.166 0 0)
(117.277 0 0)
(117.388 0 0)
(117.5 0 0)
(117.613 0 0)
(117.726 0 0)
(117.84 0 0)
(117.954 0 0)
(118.069 0 0)
(118.185 0 0)
(118.301 0 0)
(118.418 0 0)
(118.536 0 0)
(118.654 0 0)
(118.772 0 0)
(118.891 0 0)
(119.011 0 0)
(119.131 0 0)
(119.252 0 0)
(119.373 0 0)
(119.495 0 0)
(119.618 0 0)
(119.74 0 0)
(119.864 0 0)
(119.987 0 0)
(120.112 0 0)
(120.237 0 0)
(120.362 0 0)
(120.487 0 0)
(120.614 0 0)
(120.74 0 0)
(120.867 0 0)
(120.995 0 0)
(121.123 0 0)
(121.251 0 0)
(121.38 0 0)
(121.509 0 0)
(121.639 0 0)
(121.769 0 0)
(121.9 0 0)
(122.031 0 0)
(122.162 0 0)
(122.294 0 0)
(122.426 0 0)
(122.558 0 0)
(122.691 0 0)
(122.825 0 0)
(122.958 0 0)
(123.092 0 0)
(123.227 0 0)
(123.362 0 0)
(123.497 0 0)
(123.632 0 0)
(123.768 0 0)
(123.904 0 0)
(124.041 0 0)
(124.178 0 0)
(124.315 0 0)
(124.453 0 0)
(124.591 0 0)
(124.729 0 0)
(124.868 0 0)
(125.007 0 0)
(125.146 0 0)
(125.286 0 0)
(125.426 0 0)
(125.566 0 0)
(125.707 0 0)
(125.848 0 0)
(125.989 0 0)
(126.131 0 0)
(126.272 0 0)
(126.415 0 0)
(126.557 0 0)
(126.7 0 0)
(126.843 0 0)
(126.986 0 0)
(127.13 0 0)
(127.274 0 0)
(127.418 0 0)
(127.563 0 0)
(127.707 0 0)
(127.853 0 0)
(127.998 0 0)
(128.144 0 0)
(128.289 0 0)
(128.436 0 0)
(128.582 0 0)
(128.729 0 0)
(128.876 0 0)
(129.023 0 0)
(129.171 0 0)
(129.319 0 0)
(129.467 0 0)
(129.615 0 0)
(129.764 0 0)
(129.912 0 0)
(130.062 0 0)
(130.211 0 0)
(130.361 0 0)
(130.51 0 0)
(130.661 0 0)
(130.811 0 0)
(130.961 0 0)
(131.112 0 0)
(131.263 0 0)
(131.415 0 0)
(131.566 0 0)
(131.718 0 0)
(131.87 0 0)
(132.022 0 0)
(132.175 0 0)
(132.328 0 0)
(132.481 0 0)
(132.634 0 0)
(132.787 0 0)
(132.941 0 0)
(133.095 0 0)
(133.249 0 0)
(133.403 0 0)
(133.558 0 0)
(133.713 0 0)
(133.868 0 0)
(134.023 0 0)
(134.179 0 0)
(134.335 0 0)
(134.492 0 0)
(134.754 0 0)
)
;

boundaryField
{
    sides
    {
        type            zeroGradient;
    }
    empty
    {
        type            empty;
    }
}


// ************************************************************************* //
