/*--------------------------------*- C++ -*----------------------------------*\
| =========                 |                                                 |
| \\      /  F ield         | OpenFOAM: The Open Source CFD Toolbox           |
|  \\    /   O peration     | Version:  2406                                  |
|   \\  /    A nd           | Website:  www.openfoam.com                      |
|    \\/     M anipulation  |                                                 |
\*---------------------------------------------------------------------------*/
FoamFile
{
    version     2.0;
    format      ascii;
    arch        "LSB;label=32;scalar=64";
    class       volScalarField;
    location    "0.034";
    object      mag(U);
}
// * * * * * * * * * * * * * * * * * * * * * * * * * * * * * * * * * * * * * //

dimensions      [0 1 -1 0 0 0 0];

internalField   nonuniform List<scalar> 
1000
(
14.9454
15.3577
15.8325
16.2218
16.5722
16.9241
17.2841
17.647
18.0095
18.3712
18.7328
19.0945
19.4563
19.8182
20.1802
20.542
20.9039
21.2658
21.6278
21.9898
22.3518
22.7139
23.0761
23.4384
23.8006
24.163
24.5253
24.8876
25.2499
25.6123
25.9747
26.3371
26.6995
27.0619
27.4245
27.787
28.1496
28.5121
28.8747
29.2374
29.6
29.9627
30.3254
30.6882
31.0509
31.4137
31.7765
32.1394
32.5023
32.8652
33.2281
33.5911
33.9541
34.3171
34.6801
35.0432
35.4063
35.7694
36.1326
36.4957
36.8589
37.2222
37.5854
37.9487
38.312
38.6753
39.0387
39.4021
39.7655
40.1289
40.4923
40.8558
41.2193
41.5828
41.9464
42.3099
42.6735
43.0371
43.4007
43.7644
44.1281
44.4918
44.8555
45.2192
45.583
45.9468
46.3106
46.6744
47.0382
47.4021
47.766
48.1299
48.4938
48.8577
49.2217
49.5857
49.9496
50.3136
50.6777
51.0417
51.4058
51.7699
52.1339
52.4981
52.8622
53.2263
53.5905
53.9546
54.3188
54.683
55.0472
55.4114
55.7757
56.1399
56.5042
56.8685
57.2328
57.5971
57.9614
58.3257
58.69
59.0544
59.4187
59.7831
60.1474
60.5118
60.8762
61.2406
61.605
61.9694
62.3338
62.6982
63.0627
63.4271
63.7915
64.156
64.5204
64.8849
65.2493
65.6138
65.9782
66.3427
66.7071
67.0716
67.4361
67.8005
68.165
68.5294
68.8939
69.2584
69.6228
69.9873
70.3517
70.7161
71.0806
71.445
71.8094
72.1738
72.5383
72.9027
73.267
73.6314
73.9958
74.3602
74.7245
75.0888
75.4532
75.8175
76.1818
76.5461
76.9103
77.2746
77.6388
78.003
78.3672
78.7314
79.0955
79.4597
79.8238
80.1878
80.5519
80.9159
81.2799
81.6439
82.0079
82.3718
82.7357
83.0996
83.4634
83.8272
84.191
84.5547
84.9184
85.282
85.6456
86.0092
86.3728
86.7362
87.0997
87.4631
87.8264
88.1898
88.553
88.9162
89.2794
89.6425
90.0055
90.3685
90.7315
91.0943
91.4571
91.8199
92.1826
92.5452
92.9077
93.2702
93.6326
93.995
94.3572
94.7194
95.0815
95.4435
95.8055
96.1673
96.5291
96.8908
97.2524
97.6139
97.9752
98.3365
98.6977
99.0588
99.4198
99.7807
100.141
100.502
100.863
101.223
101.583
101.943
102.303
102.663
103.023
103.383
103.742
104.102
104.461
104.82
105.179
105.537
105.896
106.254
106.613
106.971
107.328
107.686
108.044
108.401
108.758
109.115
109.471
109.828
110.184
110.54
110.896
111.252
111.607
111.962
112.317
112.671
113.026
113.38
113.733
114.087
114.44
114.793
115.145
115.498
115.85
116.201
116.552
116.903
117.254
117.604
117.954
118.303
118.652
119.001
119.349
119.697
120.045
120.392
120.738
121.084
121.43
121.775
122.119
122.464
122.807
123.15
123.493
123.835
124.176
124.517
124.857
125.197
125.536
125.874
126.212
126.549
126.885
127.221
127.556
127.891
128.225
128.559
128.891
129.223
129.553
129.882
130.211
130.539
130.865
131.191
131.516
131.84
132.163
132.485
132.805
133.125
133.444
133.761
134.078
134.393
134.707
135.02
135.332
135.643
135.952
136.26
136.566
136.871
137.175
137.477
137.778
138.078
138.376
138.672
138.967
139.26
139.552
139.842
140.13
140.417
140.702
140.985
141.267
141.546
141.824
142.1
142.374
142.647
142.917
143.186
143.452
143.717
143.979
144.24
144.499
144.755
145.01
145.263
145.513
145.762
146.008
146.253
146.495
146.735
146.974
147.21
147.444
147.676
147.906
148.135
148.361
148.585
148.807
149.028
149.246
149.463
149.678
149.891
150.102
150.311
150.519
150.725
150.929
151.132
151.334
151.533
151.732
151.929
152.124
152.318
152.511
152.703
152.893
153.083
153.271
153.458
153.644
153.829
154.013
154.197
154.379
154.561
154.742
154.922
155.102
155.281
155.46
155.637
155.815
155.992
156.168
156.344
156.52
156.695
156.87
157.045
157.219
157.393
157.567
157.741
157.914
158.087
158.261
158.434
158.606
158.779
158.952
159.124
159.297
159.469
159.642
159.814
159.986
160.159
160.331
160.503
160.675
160.848
161.02
161.192
161.364
161.537
161.709
161.881
162.054
162.226
162.398
162.571
162.743
162.916
163.088
163.261
163.433
163.606
163.778
163.951
164.124
164.297
164.47
164.642
164.815
164.988
165.161
165.334
165.507
165.681
165.854
166.027
166.2
166.374
166.547
166.72
166.894
167.067
167.241
167.414
167.588
167.762
167.935
168.109
168.283
168.457
168.631
168.805
168.979
169.153
169.327
169.501
169.675
169.849
170.024
170.198
170.372
170.547
170.721
170.896
171.07
171.245
171.419
171.594
171.769
171.944
172.118
172.293
172.468
172.643
172.818
172.993
173.168
173.343
173.519
173.694
173.869
174.044
174.22
174.395
174.571
174.746
174.922
175.097
175.273
175.449
175.624
175.8
175.976
176.152
176.328
176.504
176.68
176.856
177.032
177.208
177.384
177.56
177.737
177.913
178.089
178.266
178.442
178.619
178.795
178.972
179.148
179.325
179.502
179.679
179.855
180.032
180.209
180.386
180.563
180.74
180.917
181.094
181.271
181.449
181.626
181.803
181.981
182.158
182.335
182.513
182.69
182.868
183.046
183.223
183.401
183.579
183.757
183.934
184.112
184.29
184.468
184.646
184.824
185.002
185.18
185.359
185.537
185.715
185.893
186.072
186.25
186.429
186.607
186.786
186.964
187.143
187.321
187.5
187.679
187.858
188.037
188.215
188.394
188.573
188.752
188.931
189.11
189.29
189.469
189.648
189.827
190.006
190.186
190.365
190.545
190.724
190.904
191.083
191.263
191.442
191.622
191.802
191.982
192.161
192.341
192.521
192.701
192.881
193.061
193.241
193.421
193.601
193.781
193.962
194.142
194.322
194.503
194.683
194.863
195.044
195.224
195.405
195.586
195.766
195.947
196.128
196.308
196.489
196.67
196.851
197.032
197.213
197.394
197.575
197.756
197.937
198.118
198.299
198.481
198.662
198.843
199.025
199.206
199.387
199.569
199.75
199.932
200.114
200.295
200.477
200.659
200.84
201.022
201.204
201.386
201.568
201.75
201.932
202.114
202.296
202.478
202.66
202.842
203.025
203.207
203.389
203.572
203.754
203.936
204.119
204.301
204.484
204.666
204.849
205.032
205.214
205.397
205.58
205.763
205.946
206.128
206.311
206.494
206.677
206.86
207.043
207.227
207.41
207.593
207.776
207.959
208.143
208.326
208.509
208.693
208.876
209.06
209.243
209.427
209.61
209.794
209.978
210.162
210.345
210.529
210.713
210.897
211.081
211.265
211.449
211.633
211.817
212.001
212.185
212.369
212.553
212.737
212.922
213.106
213.29
213.475
213.659
213.843
214.028
214.212
214.397
214.581
214.766
214.951
215.135
215.32
215.505
215.69
215.874
216.059
216.244
216.429
216.614
216.799
216.984
217.169
217.354
217.539
217.725
217.91
218.095
218.28
218.465
218.651
218.836
219.022
219.207
219.392
219.578
219.763
219.949
220.135
220.32
220.506
220.692
220.877
221.063
221.249
221.435
221.62
221.806
221.992
222.178
222.364
222.55
222.736
222.922
223.108
223.294
223.48
223.667
223.853
224.039
224.225
224.411
224.598
224.784
224.97
225.156
225.343
225.529
225.715
225.901
226.088
226.274
226.46
226.646
226.832
227.018
227.204
227.39
227.576
227.762
227.947
228.133
228.318
228.503
228.688
228.873
229.057
229.242
229.426
229.609
229.793
229.976
230.158
230.341
230.522
230.704
230.885
231.065
231.244
231.423
231.602
231.779
231.956
232.132
232.308
232.482
232.656
232.828
233
233.171
233.34
233.509
233.677
233.843
234.008
234.173
234.336
234.498
234.659
234.819
234.978
235.136
235.292
235.448
235.603
235.757
235.91
236.062
236.214
236.365
236.515
236.665
236.815
236.964
237.113
237.261
237.41
237.558
237.707
237.856
238.006
238.155
238.305
238.456
238.607
238.759
238.912
239.066
239.221
239.376
239.533
239.69
239.849
240.009
240.17
240.332
240.496
240.66
240.826
240.993
241.161
241.33
241.5
241.672
241.844
242.018
242.193
242.368
242.545
242.723
242.901
243.08
243.261
243.441
243.623
243.806
243.989
244.172
244.357
244.542
244.727
244.913
245.1
245.287
245.474
245.662
245.85
246.038
246.227
246.416
246.605
246.795
246.985
247.175
247.365
247.556
247.746
247.937
248.128
248.319
248.51
248.701
248.893
249.084
249.275
249.467
249.658
249.85
250.041
250.232
250.424
250.615
250.806
250.997
251.189
251.38
251.57
251.761
251.952
252.142
252.332
252.522
252.711
252.9
253.089
253.277
253.463
253.649
253.834
254.017
254.198
254.377
254.553
254.727
254.897
255.062
255.224
255.38
255.531
255.676
255.815
255.947
256.074
256.193
256.307
256.414
256.516
256.614
256.707
256.797
256.885
256.971
257.059
257.146
257.239
257.506
)
;

boundaryField
{
    sides
    {
        type            calculated;
        value           nonuniform List<scalar> 2(257.506 14.9454);
    }
    empty
    {
        type            empty;
    }
}


// ************************************************************************* //
