/*--------------------------------*- C++ -*----------------------------------*\
| =========                 |                                                 |
| \\      /  F ield         | OpenFOAM: The Open Source CFD Toolbox           |
|  \\    /   O peration     | Version:  2406                                  |
|   \\  /    A nd           | Website:  www.openfoam.com                      |
|    \\/     M anipulation  |                                                 |
\*---------------------------------------------------------------------------*/
FoamFile
{
    version     2.0;
    format      ascii;
    arch        "LSB;label=32;scalar=64";
    class       volScalarField;
    location    "0.034";
    object      p;
}
// * * * * * * * * * * * * * * * * * * * * * * * * * * * * * * * * * * * * * //

dimensions      [1 -1 -2 0 0 0 0];

internalField   nonuniform List<scalar> 
1000
(
16066.9
16064.5
16061.1
16058.2
16055.6
16053.1
16050.4
16047.8
16045.2
16042.5
16039.9
16037.3
16034.6
16032
16029.4
16026.8
16024.1
16021.5
16018.9
16016.3
16013.6
16011
16008.4
16005.8
16003.2
16000.6
15998
15995.3
15992.7
15990.1
15987.5
15984.9
15982.3
15979.7
15977.1
15974.5
15971.9
15969.3
15966.7
15964.1
15961.5
15958.9
15956.3
15953.7
15951.1
15948.5
15945.9
15943.3
15940.7
15938.1
15935.5
15932.9
15930.3
15927.7
15925.1
15922.5
15919.9
15917.4
15914.8
15912.2
15909.6
15907
15904.4
15901.8
15899.3
15896.7
15894.1
15891.5
15888.9
15886.3
15883.8
15881.2
15878.6
15876
15873.5
15870.9
15868.3
15865.7
15863.2
15860.6
15858
15855.4
15852.9
15850.3
15847.7
15845.2
15842.6
15840
15837.5
15834.9
15832.3
15829.8
15827.2
15824.7
15822.1
15819.5
15817
15814.4
15811.9
15809.3
15806.8
15804.2
15801.7
15799.1
15796.6
15794
15791.5
15788.9
15786.4
15783.8
15781.3
15778.8
15776.2
15773.7
15771.1
15768.6
15766.1
15763.5
15761
15758.5
15756
15753.4
15750.9
15748.4
15745.8
15743.3
15740.8
15738.3
15735.8
15733.3
15730.7
15728.2
15725.7
15723.2
15720.7
15718.2
15715.7
15713.2
15710.7
15708.2
15705.7
15703.2
15700.7
15698.2
15695.7
15693.2
15690.7
15688.3
15685.8
15683.3
15680.8
15678.3
15675.9
15673.4
15670.9
15668.5
15666
15663.5
15661.1
15658.6
15656.2
15653.7
15651.3
15648.8
15646.4
15643.9
15641.5
15639
15636.6
15634.2
15631.8
15629.3
15626.9
15624.5
15622.1
15619.7
15617.3
15614.9
15612.5
15610.1
15607.7
15605.3
15602.9
15600.5
15598.1
15595.7
15593.4
15591
15588.6
15586.3
15583.9
15581.6
15579.2
15576.9
15574.5
15572.2
15569.9
15567.6
15565.2
15562.9
15560.6
15558.3
15556
15553.7
15551.4
15549.2
15546.9
15544.6
15542.3
15540.1
15537.8
15535.6
15533.3
15531.1
15528.9
15526.7
15524.5
15522.2
15520.1
15517.9
15515.7
15513.5
15511.3
15509.2
15507
15504.9
15502.7
15500.6
15498.5
15496.4
15494.3
15492.2
15490.1
15488
15486
15483.9
15481.9
15479.8
15477.8
15475.8
15473.8
15471.8
15469.9
15467.9
15465.9
15464
15462.1
15460.2
15458.3
15456.4
15454.5
15452.6
15450.8
15449
15447.1
15445.3
15443.6
15441.8
15440
15438.3
15436.6
15434.9
15433.2
15431.5
15429.9
15428.2
15426.6
15425
15423.5
15421.9
15420.4
15418.9
15417.4
15416
15414.5
15413.1
15411.7
15410.3
15409
15407.7
15406.4
15405.1
15403.9
15402.7
15401.5
15400.4
15399.3
15398.2
15397.1
15396.1
15395.1
15394.2
15393.3
15392.4
15391.5
15390.7
15390
15389.3
15388.6
15387.9
15387.3
15386.8
15386.3
15385.8
15385.4
15385
15384.7
15384.4
15384.1
15384
15383.8
15383.8
15383.7
15383.8
15383.8
15383.9
15384
15384.3
15384.6
15385
15385.5
15386.1
15386.7
15387.4
15388.1
15389
15389.9
15390.9
15392
15393.1
15394.3
15395.7
15397.1
15398.6
15400.2
15401.8
15403.6
15405.5
15407.5
15409.5
15411.7
15414
15416.4
15418.9
15421.5
15424.2
15427.1
15430
15433.1
15436.3
15439.6
15443.1
15446.7
15450.4
15454.2
15458.2
15462.3
15466.6
15471
15475.5
15480.2
15485
15490
15495.1
15500.4
15505.9
15511.4
15517.2
15523.1
15529.2
15535.4
15541.8
15548.3
15555
15561.9
15568.9
15576.1
15583.4
15590.9
15598.6
15606.5
15614.5
15622.6
15631
15639.5
15648.1
15656.9
15665.9
15675
15684.3
15693.7
15703.3
15713
15722.8
15732.8
15743
15753.3
15763.7
15774.2
15784.9
15795.7
15806.6
15817.7
15828.8
15840.1
15851.5
15863
15874.6
15886.3
15898
15909.9
15921.9
15934
15946.1
15958.3
15970.6
15983
15995.4
16007.9
16020.5
16033.1
16045.8
16058.6
16071.4
16084.2
16097.1
16110.1
16123
16136.1
16149.2
16162.3
16175.4
16188.6
16201.8
16215.1
16228.4
16241.7
16255
16268.4
16281.8
16295.2
16308.6
16322.1
16335.6
16349.1
16362.6
16376.1
16389.7
16403.3
16416.9
16430.5
16444.2
16457.8
16471.5
16485.2
16498.9
16512.6
16526.3
16540.1
16553.8
16567.6
16581.4
16595.2
16609.1
16622.9
16636.8
16650.6
16664.5
16678.4
16692.3
16706.3
16720.2
16734.1
16748.1
16762.1
16776.1
16790.1
16804.1
16818.2
16832.2
16846.3
16860.4
16874.5
16888.6
16902.7
16916.8
16931
16945.2
16959.3
16973.5
16987.7
17002
17016.2
17030.4
17044.7
17059
17073.3
17087.6
17101.9
17116.2
17130.6
17145
17159.3
17173.7
17188.1
17202.6
17217
17231.4
17245.9
17260.4
17274.9
17289.4
17303.9
17318.4
17333
17347.5
17362.1
17376.7
17391.3
17405.9
17420.6
17435.2
17449.9
17464.6
17479.3
17494
17508.7
17523.4
17538.2
17552.9
17567.7
17582.5
17597.3
17612.1
17627
17641.8
17656.7
17671.6
17686.5
17701.4
17716.3
17731.2
17746.2
17761.2
17776.2
17791.2
17806.2
17821.2
17836.2
17851.3
17866.4
17881.4
17896.5
17911.7
17926.8
17941.9
17957.1
17972.3
17987.5
18002.7
18017.9
18033.1
18048.4
18063.6
18078.9
18094.2
18109.5
18124.8
18140.2
18155.5
18170.9
18186.3
18201.7
18217.1
18232.5
18248
18263.4
18278.9
18294.4
18309.9
18325.4
18341
18356.5
18372.1
18387.6
18403.2
18418.9
18434.5
18450.1
18465.8
18481.4
18497.1
18512.8
18528.5
18544.3
18560
18575.8
18591.6
18607.4
18623.2
18639
18654.8
18670.7
18686.6
18702.4
18718.3
18734.3
18750.2
18766.1
18782.1
18798.1
18814.1
18830.1
18846.1
18862.1
18878.2
18894.3
18910.3
18926.5
18942.6
18958.7
18974.8
18991
19007.2
19023.4
19039.6
19055.8
19072.1
19088.3
19104.6
19120.9
19137.2
19153.5
19169.8
19186.2
19202.6
19219
19235.3
19251.8
19268.2
19284.6
19301.1
19317.6
19334.1
19350.6
19367.1
19383.7
19400.2
19416.8
19433.4
19450
19466.6
19483.2
19499.9
19516.6
19533.2
19549.9
19566.7
19583.4
19600.1
19616.9
19633.7
19650.5
19667.3
19684.1
19701
19717.8
19734.7
19751.6
19768.5
19785.4
19802.4
19819.3
19836.3
19853.3
19870.3
19887.3
19904.4
19921.4
19938.5
19955.6
19972.7
19989.8
20006.9
20024.1
20041.3
20058.4
20075.6
20092.9
20110.1
20127.3
20144.6
20161.9
20179.2
20196.5
20213.8
20231.2
20248.6
20265.9
20283.3
20300.8
20318.2
20335.6
20353.1
20370.6
20388.1
20405.6
20423.1
20440.7
20458.2
20475.8
20493.4
20511
20528.6
20546.3
20563.9
20581.6
20599.3
20617
20634.8
20652.5
20670.3
20688
20705.8
20723.7
20741.5
20759.3
20777.2
20795.1
20813
20830.9
20848.8
20866.8
20884.7
20902.7
20920.7
20938.7
20956.7
20974.8
20992.8
21010.9
21029
21047.1
21065.3
21083.4
21101.6
21119.8
21138
21156.2
21174.4
21192.7
21210.9
21229.2
21247.5
21265.8
21284.2
21302.5
21320.9
21339.3
21357.7
21376.1
21394.5
21413
21431.5
21449.9
21468.4
21487
21505.5
21524.1
21542.6
21561.2
21579.8
21598.5
21617.1
21635.8
21654.4
21673.1
21691.8
21710.6
21729.3
21748.1
21766.9
21785.7
21804.5
21823.3
21842.2
21861
21879.9
21898.8
21917.7
21936.7
21955.6
21974.6
21993.6
22012.6
22031.6
22050.6
22069.7
22088.8
22107.9
22127
22146.1
22165.3
22184.4
22203.6
22222.8
22242
22261.3
22280.5
22299.8
22319.1
22338.4
22357.8
22377.2
22396.5
22416
22435.4
22454.9
22474.3
22493.8
22513.4
22532.9
22552.5
22572.2
22591.8
22611.5
22631.2
22651
22670.8
22690.7
22710.6
22730.5
22750.5
22770.5
22790.6
22810.8
22831
22851.3
22871.6
22892
22912.5
22933.1
22953.8
22974.5
22995.4
23016.3
23037.3
23058.5
23079.7
23101.1
23122.6
23144.2
23165.9
23187.7
23209.7
23231.9
23254.1
23276.5
23299
23321.7
23344.6
23367.5
23390.6
23413.9
23437.3
23460.8
23484.5
23508.3
23532.3
23556.3
23580.5
23604.8
23629.2
23653.7
23678.3
23703
23727.8
23752.6
23777.5
23802.4
23827.4
23852.4
23877.4
23902.4
23927.4
23952.4
23977.4
24002.4
24027.3
24052.1
24076.9
24101.7
24126.3
24150.9
24175.4
24199.8
24224.1
24248.3
24272.5
24296.5
24320.4
24344.2
24367.9
24391.4
24414.9
24438.3
24461.6
24484.7
24507.8
24530.8
24553.6
24576.4
24599.1
24621.7
24644.2
24666.7
24689.1
24711.4
24733.6
24755.8
24777.9
24800
24822
24844
24865.9
24887.8
24909.6
24931.4
24953.2
24975
24996.7
25018.4
25040.1
25061.8
25083.4
25105
25126.7
25148.3
25169.9
25191.5
25213.1
25234.7
25256.3
25277.9
25299.5
25321.2
25342.8
25364.4
25386.1
25407.7
25429.4
25451.1
25472.8
25494.5
25516.2
25538
25559.7
25581.5
25603.3
25625.2
25647.1
25669
25690.9
25712.9
25734.9
25756.9
25779
25801.2
25823.5
25845.8
25868.3
25890.8
25913.6
25936.5
25959.7
25983.1
26006.8
26031
26055.5
26080.5
26106.1
26132.2
26159
26186.5
26214.8
26243.8
26273.6
26304.2
26335.6
26367.8
26400.6
26434
26468
26502.4
26537.1
26572
26607.1
26641.8
26676.8
26710.6
)
;

boundaryField
{
    sides
    {
        type            zeroGradient;
    }
    empty
    {
        type            empty;
    }
}


// ************************************************************************* //
