/*--------------------------------*- C++ -*----------------------------------*\
| =========                 |                                                 |
| \\      /  F ield         | OpenFOAM: The Open Source CFD Toolbox           |
|  \\    /   O peration     | Version:  2406                                  |
|   \\  /    A nd           | Website:  www.openfoam.com                      |
|    \\/     M anipulation  |                                                 |
\*---------------------------------------------------------------------------*/
FoamFile
{
    version     2.0;
    format      ascii;
    arch        "LSB;label=32;scalar=64";
    class       surfaceScalarField;
    location    "0.034";
    object      phi;
}
// * * * * * * * * * * * * * * * * * * * * * * * * * * * * * * * * * * * * * //

dimensions      [1 0 -1 0 0 0 0];

oriented        oriented;

internalField   nonuniform List<scalar> 
999
(
16.6379
17.0256
17.413
17.8003
18.1873
18.5741
18.9608
19.3474
19.7338
20.1199
20.5056
20.8911
21.2764
21.6618
22.0473
22.4328
22.8181
23.2029
23.5873
23.9711
24.3545
24.7378
25.121
25.5045
25.8884
26.2728
26.6577
27.0431
27.4288
27.8148
28.2009
28.587
28.973
29.3592
29.746
30.133
30.52
30.907
31.294
31.6809
32.0678
32.4546
32.8413
33.228
33.6146
34.0011
34.3876
34.774
35.1604
35.5467
35.9329
36.3191
36.7052
37.0913
37.4773
37.8632
38.2491
38.6349
39.0207
39.4064
39.7921
40.1776
40.5632
40.9486
41.334
41.7193
42.1046
42.4898
42.8749
43.26
43.645
44.0299
44.4148
44.7996
45.1844
45.5691
45.9537
46.3384
46.7227
47.1073
47.4916
47.8759
48.2602
48.6442
49.0285
49.4124
49.7964
50.1804
50.5641
50.948
51.3317
51.7152
52.0989
52.4824
52.8658
53.2492
53.6325
54.0157
54.3989
54.782
55.165
55.548
55.9308
56.3136
56.6964
57.0791
57.4616
57.8442
58.2266
58.609
58.9913
59.3736
59.7558
60.1379
60.5199
60.9018
61.2837
61.6655
62.0473
62.4289
62.8105
63.192
63.5735
63.9548
64.3361
64.7173
65.0984
65.4795
65.8605
66.2414
66.6222
67.003
67.3836
67.7642
68.1447
68.5252
68.9055
69.2858
69.666
70.0461
70.4262
70.8061
71.186
71.5658
71.9455
72.3252
72.7047
73.0842
73.4636
73.8429
74.2221
74.6012
74.9803
75.3592
75.7381
76.1169
76.4956
76.8742
77.2528
77.6312
78.0096
78.3878
78.766
79.1441
79.5221
79.9
80.2779
80.6556
81.0332
81.4108
81.7882
82.1656
82.5429
82.9201
83.2972
83.6741
84.051
84.4278
84.8046
85.1812
85.5577
85.9341
86.3104
86.6866
87.0627
87.4388
87.8147
88.1905
88.5662
88.9418
89.3173
89.6927
90.068
90.4432
90.8183
91.1933
91.5682
91.943
92.3176
92.6922
93.0666
93.441
93.8152
94.1893
94.5633
94.9372
95.3109
95.6846
96.0581
96.4316
96.8049
97.1781
97.5511
97.9241
98.2969
98.6696
99.0422
99.4146
99.787
100.159
100.531
100.903
101.275
101.647
102.018
102.39
102.761
103.132
103.503
103.874
104.245
104.615
104.986
105.356
105.726
106.096
106.466
106.836
107.206
107.575
107.944
108.313
108.682
109.051
109.42
109.788
110.157
110.525
110.893
111.261
111.628
111.996
112.363
112.73
113.097
113.464
113.831
114.197
114.564
114.93
115.295
115.661
116.027
116.392
116.757
117.122
117.486
117.851
118.215
118.579
118.943
119.307
119.67
120.033
120.396
120.759
121.121
121.483
121.845
122.207
122.569
122.93
123.291
123.651
124.012
124.372
124.732
125.092
125.451
125.81
126.169
126.527
126.885
127.243
127.601
127.958
128.315
128.671
129.028
129.384
129.739
130.094
130.449
130.804
131.158
131.512
131.865
132.218
132.571
132.923
133.275
133.627
133.978
134.329
134.679
135.03
135.379
135.728
136.077
136.425
136.772
137.119
137.466
137.812
138.157
138.502
138.846
139.19
139.533
139.876
140.218
140.56
140.901
141.242
141.581
141.921
142.259
142.597
142.935
143.271
143.607
143.943
144.277
144.611
144.945
145.277
145.609
145.94
146.27
146.6
146.929
147.257
147.584
147.911
148.236
148.561
148.885
149.209
149.531
149.853
150.174
150.493
150.813
151.131
151.448
151.765
152.08
152.395
152.709
153.022
153.334
153.645
153.956
154.265
154.574
154.882
155.189
155.495
155.801
156.105
156.409
156.712
157.014
157.315
157.616
157.915
158.214
158.513
158.81
159.107
159.404
159.699
159.994
160.289
160.582
160.876
161.168
161.46
161.752
162.043
162.334
162.624
162.914
163.204
163.493
163.782
164.071
164.359
164.647
164.935
165.223
165.51
165.798
166.085
166.372
166.659
166.946
167.233
167.52
167.807
168.095
168.382
168.669
168.956
169.243
169.531
169.819
170.106
170.394
170.682
170.971
171.259
171.548
171.837
172.126
172.416
172.705
172.995
173.285
173.576
173.867
174.158
174.449
174.741
175.033
175.325
175.617
175.91
176.204
176.497
176.791
177.085
177.38
177.675
177.97
178.265
178.561
178.857
179.154
179.451
179.748
180.046
180.344
180.642
180.941
181.24
181.539
181.839
182.139
182.439
182.74
183.041
183.343
183.645
183.947
184.25
184.553
184.856
185.16
185.464
185.768
186.073
186.378
186.684
186.99
187.296
187.602
187.909
188.217
188.524
188.833
189.141
189.45
189.759
190.069
190.379
190.689
191
191.311
191.622
191.934
192.246
192.558
192.871
193.185
193.498
193.812
194.127
194.442
194.757
195.072
195.388
195.704
196.021
196.338
196.656
196.973
197.292
197.61
197.929
198.248
198.568
198.888
199.209
199.529
199.851
200.172
200.494
200.817
201.139
201.463
201.786
202.11
202.434
202.759
203.084
203.41
203.735
204.062
204.388
204.715
205.043
205.37
205.699
206.027
206.356
206.685
207.015
207.345
207.676
208.007
208.338
208.67
209.002
209.334
209.667
210
210.334
210.668
211.002
211.337
211.672
212.008
212.344
212.68
213.017
213.354
213.692
214.03
214.368
214.707
215.046
215.386
215.726
216.066
216.407
216.748
217.09
217.432
217.774
218.117
218.46
218.804
219.148
219.492
219.837
220.183
220.528
220.874
221.221
221.567
221.915
222.262
222.61
222.959
223.308
223.657
224.007
224.357
224.707
225.058
225.41
225.761
226.114
226.466
226.819
227.172
227.526
227.88
228.235
228.59
228.946
229.301
229.658
230.014
230.372
230.729
231.087
231.445
231.804
232.163
232.523
232.883
233.243
233.604
233.966
234.327
234.689
235.052
235.415
235.778
236.142
236.506
236.871
237.236
237.601
237.967
238.334
238.7
239.068
239.435
239.803
240.172
240.54
240.91
241.279
241.65
242.02
242.391
242.763
243.134
243.507
243.879
244.253
244.626
245
245.375
245.749
246.125
246.5
246.877
247.253
247.63
248.008
248.386
248.764
249.143
249.522
249.901
250.281
250.662
251.043
251.424
251.806
252.188
252.571
252.954
253.338
253.721
254.106
254.491
254.876
255.262
255.648
256.035
256.422
256.809
257.197
257.585
257.974
258.363
258.753
259.143
259.534
259.925
260.316
260.708
261.101
261.494
261.887
262.28
262.675
263.069
263.464
263.86
264.256
264.652
265.049
265.446
265.844
266.242
266.641
267.04
267.439
267.839
268.24
268.641
269.042
269.444
269.846
270.249
270.652
271.056
271.46
271.864
272.269
272.675
273.081
273.487
273.894
274.301
274.709
275.117
275.526
275.935
276.344
276.755
277.165
277.576
277.987
278.399
278.812
279.225
279.638
280.052
280.466
280.88
281.296
281.711
282.127
282.544
282.961
283.378
283.796
284.215
284.634
285.053
285.473
285.893
286.314
286.735
287.157
287.579
288.002
288.425
288.848
289.273
289.697
290.122
290.548
290.974
291.4
291.827
292.254
292.682
293.111
293.539
293.969
294.398
294.829
295.259
295.691
296.122
296.554
296.987
297.42
297.854
298.288
298.722
299.157
299.593
300.029
300.465
300.902
301.34
301.777
302.216
302.655
303.094
303.534
303.974
304.415
304.856
305.298
305.74
306.182
306.626
307.069
307.513
307.958
308.403
308.848
309.294
309.74
310.187
310.635
311.082
311.531
311.979
312.428
312.878
313.328
313.779
314.229
314.681
315.132
315.585
316.037
316.49
316.944
317.397
317.851
318.306
318.761
319.216
319.672
320.128
320.584
321.041
321.497
321.955
322.412
322.87
323.328
323.786
324.245
324.703
325.162
325.621
326.081
326.54
327
327.46
327.92
328.38
328.84
329.301
329.762
330.222
330.683
331.145
331.606
332.067
332.529
332.991
333.453
333.915
334.377
334.84
335.303
335.766
336.23
336.693
337.158
337.622
338.087
338.552
339.018
339.485
339.952
340.419
340.887
341.356
341.825
342.295
342.766
343.237
343.709
344.182
344.656
345.13
345.605
346.081
346.559
347.036
347.515
347.995
348.475
348.957
349.439
349.922
350.406
350.891
351.377
351.864
352.351
352.84
353.329
353.819
354.31
354.802
355.294
355.787
356.282
356.776
357.272
357.768
358.265
358.763
359.261
359.76
360.26
360.76
361.261
361.763
362.265
362.768
363.272
363.775
364.28
364.785
365.291
365.797
366.304
366.811
367.319
367.828
368.337
368.846
369.356
369.867
370.377
370.889
371.401
371.913
372.426
372.939
373.453
373.967
374.482
374.997
375.513
376.029
376.545
377.062
377.579
378.097
378.615
379.134
379.653
380.172
380.692
381.212
381.732
382.253
382.774
383.296
383.817
384.339
384.861
385.384
385.906
386.428
386.95
387.472
387.993
388.514
389.034
389.554
390.073
390.59
391.107
391.623
392.137
392.65
393.161
393.672
394.181
394.689
395.196
395.703
396.209
396.716
397.222
397.728
398.235
398.743
399.252
399.762
)
;

boundaryField
{
    sides
    {
        type            calculated;
        value           nonuniform List<scalar> 2(400.273 -16.2501);
    }
    empty
    {
        type            empty;
    }
}


// ************************************************************************* //
