/*--------------------------------*- C++ -*----------------------------------*\
| =========                 |                                                 |
| \\      /  F ield         | OpenFOAM: The Open Source CFD Toolbox           |
|  \\    /   O peration     | Version:  2406                                  |
|   \\  /    A nd           | Website:  www.openfoam.com                      |
|    \\/     M anipulation  |                                                 |
\*---------------------------------------------------------------------------*/
FoamFile
{
    version     2.0;
    format      ascii;
    arch        "LSB;label=32;scalar=64";
    class       volScalarField;
    location    "0.034";
    object      T;
}
// * * * * * * * * * * * * * * * * * * * * * * * * * * * * * * * * * * * * * //

dimensions      [0 0 0 1 0 0 0];

internalField   nonuniform List<scalar> 
1000
(
205.39
205.409
205.438
205.468
205.499
205.531
205.562
205.592
205.62
205.649
205.68
205.713
205.745
205.775
205.803
205.828
205.852
205.878
205.906
205.937
205.97
206.005
206.038
206.068
206.094
206.115
206.13
206.141
206.147
206.149
206.15
206.15
206.15
206.149
206.145
206.136
206.127
206.117
206.108
206.098
206.088
206.078
206.068
206.058
206.049
206.039
206.029
206.019
206.01
206
205.99
205.98
205.971
205.961
205.951
205.942
205.932
205.922
205.913
205.903
205.893
205.883
205.874
205.863
205.856
205.843
205.837
205.824
205.817
205.804
205.798
205.785
205.779
205.766
205.759
205.746
205.74
205.728
205.719
205.71
205.699
205.691
205.68
205.671
205.661
205.651
205.642
205.632
205.622
205.613
205.603
205.594
205.584
205.574
205.565
205.555
205.545
205.536
205.526
205.517
205.507
205.497
205.488
205.478
205.469
205.459
205.45
205.44
205.43
205.421
205.411
205.402
205.392
205.383
205.373
205.363
205.354
205.344
205.335
205.325
205.316
205.306
205.297
205.287
205.278
205.268
205.259
205.249
205.24
205.23
205.221
205.211
205.202
205.192
205.183
205.173
205.164
205.154
205.145
205.136
205.126
205.117
205.107
205.098
205.088
205.079
205.07
205.06
205.051
205.042
205.032
205.023
205.013
205.004
204.995
204.985
204.976
204.967
204.958
204.948
204.939
204.93
204.92
204.911
204.902
204.893
204.883
204.874
204.865
204.856
204.847
204.837
204.828
204.819
204.81
204.801
204.792
204.783
204.773
204.764
204.755
204.746
204.737
204.728
204.719
204.71
204.701
204.692
204.683
204.674
204.665
204.656
204.647
204.639
204.63
204.621
204.612
204.603
204.594
204.586
204.577
204.568
204.559
204.551
204.542
204.533
204.525
204.516
204.507
204.499
204.49
204.482
204.473
204.465
204.456
204.448
204.439
204.431
204.423
204.414
204.406
204.398
204.39
204.381
204.373
204.365
204.357
204.349
204.341
204.333
204.325
204.317
204.309
204.301
204.293
204.285
204.277
204.27
204.262
204.254
204.247
204.239
204.232
204.224
204.217
204.209
204.202
204.195
204.187
204.18
204.173
204.166
204.159
204.152
204.145
204.138
204.131
204.125
204.118
204.111
204.105
204.098
204.092
204.085
204.079
204.073
204.067
204.061
204.055
204.049
204.043
204.037
204.031
204.026
204.02
204.015
204.01
204.004
203.999
203.994
203.989
203.985
203.98
203.975
203.971
203.966
203.962
203.958
203.954
203.95
203.946
203.943
203.939
203.936
203.932
203.929
203.926
203.924
203.921
203.919
203.916
203.914
203.912
203.91
203.909
203.907
203.906
203.905
203.904
203.903
203.903
203.902
203.902
203.902
203.903
203.903
203.903
203.904
203.906
203.907
203.909
203.911
203.913
203.916
203.919
203.922
203.926
203.929
203.933
203.938
203.943
203.948
203.953
203.959
203.965
203.971
203.978
203.985
203.992
204
204.009
204.017
204.026
204.036
204.046
204.056
204.067
204.078
204.09
204.102
204.115
204.128
204.141
204.155
204.17
204.185
204.201
204.217
204.234
204.251
204.268
204.287
204.306
204.325
204.345
204.366
204.387
204.409
204.431
204.454
204.477
204.501
204.526
204.552
204.577
204.604
204.631
204.659
204.687
204.716
204.746
204.776
204.807
204.838
204.87
204.902
204.936
204.969
205.003
205.038
205.074
205.109
205.146
205.183
205.22
205.258
205.297
205.336
205.375
205.415
205.455
205.496
205.537
205.579
205.621
205.663
205.706
205.749
205.793
205.836
205.881
205.925
205.97
206.015
206.06
206.105
206.151
206.197
206.243
206.29
206.336
206.383
206.43
206.477
206.525
206.572
206.62
206.668
206.716
206.764
206.812
206.86
206.908
206.957
207.005
207.054
207.102
207.151
207.2
207.249
207.298
207.347
207.396
207.445
207.494
207.543
207.593
207.642
207.691
207.741
207.79
207.84
207.889
207.938
207.988
208.038
208.087
208.137
208.186
208.236
208.286
208.336
208.385
208.435
208.485
208.535
208.585
208.634
208.684
208.734
208.784
208.834
208.884
208.934
208.984
209.034
209.084
209.134
209.184
209.235
209.285
209.335
209.385
209.435
209.485
209.536
209.586
209.636
209.687
209.737
209.787
209.838
209.888
209.939
209.989
210.039
210.09
210.14
210.191
210.241
210.292
210.343
210.393
210.444
210.494
210.545
210.596
210.647
210.697
210.748
210.799
210.85
210.9
210.951
211.002
211.053
211.104
211.155
211.206
211.257
211.308
211.359
211.41
211.461
211.512
211.563
211.614
211.665
211.716
211.767
211.818
211.87
211.921
211.972
212.023
212.075
212.126
212.177
212.228
212.28
212.331
212.383
212.434
212.485
212.537
212.588
212.64
212.691
212.743
212.794
212.846
212.898
212.949
213.001
213.052
213.104
213.156
213.208
213.259
213.311
213.363
213.415
213.466
213.518
213.57
213.622
213.674
213.726
213.778
213.83
213.882
213.934
213.986
214.038
214.09
214.142
214.194
214.246
214.298
214.351
214.403
214.455
214.507
214.559
214.612
214.664
214.716
214.769
214.821
214.873
214.926
214.978
215.03
215.083
215.135
215.188
215.24
215.293
215.345
215.398
215.451
215.503
215.556
215.608
215.661
215.714
215.766
215.819
215.872
215.925
215.978
216.03
216.083
216.136
216.189
216.242
216.295
216.348
216.401
216.454
216.506
216.56
216.613
216.666
216.719
216.772
216.825
216.878
216.931
216.984
217.037
217.091
217.144
217.197
217.25
217.304
217.357
217.41
217.464
217.517
217.57
217.624
217.677
217.731
217.784
217.838
217.891
217.945
217.998
218.052
218.105
218.159
218.213
218.266
218.32
218.374
218.427
218.481
218.535
218.588
218.642
218.696
218.75
218.804
218.858
218.911
218.965
219.019
219.073
219.127
219.181
219.235
219.289
219.343
219.397
219.451
219.505
219.559
219.613
219.668
219.722
219.776
219.83
219.884
219.939
219.993
220.047
220.101
220.156
220.21
220.264
220.319
220.373
220.428
220.482
220.536
220.591
220.645
220.7
220.754
220.809
220.863
220.918
220.973
221.027
221.082
221.136
221.191
221.246
221.3
221.355
221.41
221.465
221.519
221.574
221.629
221.684
221.739
221.793
221.848
221.903
221.958
222.013
222.068
222.123
222.178
222.233
222.288
222.343
222.398
222.453
222.508
222.563
222.618
222.673
222.728
222.783
222.838
222.894
222.949
223.004
223.059
223.114
223.17
223.225
223.28
223.335
223.391
223.446
223.501
223.557
223.612
223.667
223.723
223.778
223.834
223.889
223.944
224
224.055
224.111
224.166
224.222
224.277
224.333
224.388
224.444
224.499
224.555
224.611
224.666
224.722
224.777
224.833
224.889
224.944
225
225.056
225.112
225.167
225.223
225.279
225.335
225.39
225.446
225.502
225.558
225.614
225.669
225.725
225.781
225.837
225.893
225.949
226.005
226.061
226.117
226.173
226.229
226.285
226.341
226.397
226.453
226.509
226.565
226.621
226.678
226.734
226.79
226.846
226.902
226.959
227.015
227.071
227.128
227.184
227.24
227.297
227.353
227.41
227.466
227.523
227.58
227.637
227.693
227.75
227.807
227.864
227.921
227.978
228.036
228.093
228.15
228.208
228.266
228.324
228.382
228.44
228.498
228.557
228.615
228.674
228.733
228.792
228.852
228.912
228.972
229.032
229.092
229.153
229.214
229.276
229.337
229.4
229.462
229.525
229.588
229.651
229.715
229.779
229.844
229.909
229.974
230.039
230.105
230.172
230.238
230.305
230.372
230.44
230.508
230.576
230.644
230.713
230.782
230.851
230.92
230.989
231.058
231.128
231.197
231.267
231.336
231.406
231.475
231.545
231.613
231.683
231.75
231.821
231.887
231.957
232.023
232.093
232.158
232.228
232.291
232.361
232.424
232.494
232.554
232.625
232.684
232.754
232.812
232.882
232.939
233.009
233.064
233.135
233.188
233.26
233.311
233.383
233.433
233.506
233.554
233.627
233.674
233.748
233.793
233.868
233.912
233.987
234.03
234.105
234.147
234.223
234.264
234.341
234.381
234.458
234.497
234.574
234.613
234.69
234.729
234.806
234.845
234.922
234.96
235.037
235.076
235.152
235.191
235.268
235.306
235.383
235.421
235.498
235.536
235.613
235.651
235.728
235.766
235.843
235.882
235.959
235.997
236.074
236.113
236.19
236.228
236.305
236.344
236.422
236.46
236.538
236.577
236.655
236.695
236.774
236.814
236.894
236.935
237.017
237.058
237.143
237.186
237.273
237.318
237.409
237.457
237.553
237.603
237.703
237.756
237.862
237.918
238.029
238.086
238.202
238.261
238.379
238.439
238.56
238.618
238.746
238.789
238.944
)
;

boundaryField
{
    sides
    {
        type            zeroGradient;
    }
    empty
    {
        type            empty;
    }
}


// ************************************************************************* //
