/*--------------------------------*- C++ -*----------------------------------*\
| =========                 |                                                 |
| \\      /  F ield         | OpenFOAM: The Open Source CFD Toolbox           |
|  \\    /   O peration     | Version:  2406                                  |
|   \\  /    A nd           | Website:  www.openfoam.com                      |
|    \\/     M anipulation  |                                                 |
\*---------------------------------------------------------------------------*/
FoamFile
{
    version     2.0;
    format      ascii;
    arch        "LSB;label=32;scalar=64";
    class       volVectorField;
    location    "0.034";
    object      U;
}
// * * * * * * * * * * * * * * * * * * * * * * * * * * * * * * * * * * * * * //

dimensions      [0 1 -1 0 0 0 0];

internalField   nonuniform List<vector> 
1000
(
(14.9454 0 0)
(15.3577 0 0)
(15.8325 0 0)
(16.2218 0 0)
(16.5722 0 0)
(16.9241 0 0)
(17.2841 0 0)
(17.647 0 0)
(18.0095 0 0)
(18.3712 0 0)
(18.7328 0 0)
(19.0945 0 0)
(19.4563 0 0)
(19.8182 0 0)
(20.1802 0 0)
(20.542 0 0)
(20.9039 0 0)
(21.2658 0 0)
(21.6278 0 0)
(21.9898 0 0)
(22.3518 0 0)
(22.7139 0 0)
(23.0761 0 0)
(23.4384 0 0)
(23.8006 0 0)
(24.163 0 0)
(24.5253 0 0)
(24.8876 0 0)
(25.2499 0 0)
(25.6123 0 0)
(25.9747 0 0)
(26.3371 0 0)
(26.6995 0 0)
(27.0619 0 0)
(27.4245 0 0)
(27.787 0 0)
(28.1496 0 0)
(28.5121 0 0)
(28.8747 0 0)
(29.2374 0 0)
(29.6 0 0)
(29.9627 0 0)
(30.3254 0 0)
(30.6882 0 0)
(31.0509 0 0)
(31.4137 0 0)
(31.7765 0 0)
(32.1394 0 0)
(32.5023 0 0)
(32.8652 0 0)
(33.2281 0 0)
(33.5911 0 0)
(33.9541 0 0)
(34.3171 0 0)
(34.6801 0 0)
(35.0432 0 0)
(35.4063 0 0)
(35.7694 0 0)
(36.1326 0 0)
(36.4957 0 0)
(36.8589 0 0)
(37.2222 0 0)
(37.5854 0 0)
(37.9487 0 0)
(38.312 0 0)
(38.6753 0 0)
(39.0387 0 0)
(39.4021 0 0)
(39.7655 0 0)
(40.1289 0 0)
(40.4923 0 0)
(40.8558 0 0)
(41.2193 0 0)
(41.5828 0 0)
(41.9464 0 0)
(42.3099 0 0)
(42.6735 0 0)
(43.0371 0 0)
(43.4007 0 0)
(43.7644 0 0)
(44.1281 0 0)
(44.4918 0 0)
(44.8555 0 0)
(45.2192 0 0)
(45.583 0 0)
(45.9468 0 0)
(46.3106 0 0)
(46.6744 0 0)
(47.0382 0 0)
(47.4021 0 0)
(47.766 0 0)
(48.1299 0 0)
(48.4938 0 0)
(48.8577 0 0)
(49.2217 0 0)
(49.5857 0 0)
(49.9496 0 0)
(50.3136 0 0)
(50.6777 0 0)
(51.0417 0 0)
(51.4058 0 0)
(51.7699 0 0)
(52.1339 0 0)
(52.4981 0 0)
(52.8622 0 0)
(53.2263 0 0)
(53.5905 0 0)
(53.9546 0 0)
(54.3188 0 0)
(54.683 0 0)
(55.0472 0 0)
(55.4114 0 0)
(55.7757 0 0)
(56.1399 0 0)
(56.5042 0 0)
(56.8685 0 0)
(57.2328 0 0)
(57.5971 0 0)
(57.9614 0 0)
(58.3257 0 0)
(58.69 0 0)
(59.0544 0 0)
(59.4187 0 0)
(59.7831 0 0)
(60.1474 0 0)
(60.5118 0 0)
(60.8762 0 0)
(61.2406 0 0)
(61.605 0 0)
(61.9694 0 0)
(62.3338 0 0)
(62.6982 0 0)
(63.0627 0 0)
(63.4271 0 0)
(63.7915 0 0)
(64.156 0 0)
(64.5204 0 0)
(64.8849 0 0)
(65.2493 0 0)
(65.6138 0 0)
(65.9782 0 0)
(66.3427 0 0)
(66.7071 0 0)
(67.0716 0 0)
(67.4361 0 0)
(67.8005 0 0)
(68.165 0 0)
(68.5294 0 0)
(68.8939 0 0)
(69.2584 0 0)
(69.6228 0 0)
(69.9873 0 0)
(70.3517 0 0)
(70.7161 0 0)
(71.0806 0 0)
(71.445 0 0)
(71.8094 0 0)
(72.1738 0 0)
(72.5383 0 0)
(72.9027 0 0)
(73.267 0 0)
(73.6314 0 0)
(73.9958 0 0)
(74.3602 0 0)
(74.7245 0 0)
(75.0888 0 0)
(75.4532 0 0)
(75.8175 0 0)
(76.1818 0 0)
(76.5461 0 0)
(76.9103 0 0)
(77.2746 0 0)
(77.6388 0 0)
(78.003 0 0)
(78.3672 0 0)
(78.7314 0 0)
(79.0955 0 0)
(79.4597 0 0)
(79.8238 0 0)
(80.1878 0 0)
(80.5519 0 0)
(80.9159 0 0)
(81.2799 0 0)
(81.6439 0 0)
(82.0079 0 0)
(82.3718 0 0)
(82.7357 0 0)
(83.0996 0 0)
(83.4634 0 0)
(83.8272 0 0)
(84.191 0 0)
(84.5547 0 0)
(84.9184 0 0)
(85.282 0 0)
(85.6456 0 0)
(86.0092 0 0)
(86.3728 0 0)
(86.7362 0 0)
(87.0997 0 0)
(87.4631 0 0)
(87.8264 0 0)
(88.1898 0 0)
(88.553 0 0)
(88.9162 0 0)
(89.2794 0 0)
(89.6425 0 0)
(90.0055 0 0)
(90.3685 0 0)
(90.7315 0 0)
(91.0943 0 0)
(91.4571 0 0)
(91.8199 0 0)
(92.1826 0 0)
(92.5452 0 0)
(92.9077 0 0)
(93.2702 0 0)
(93.6326 0 0)
(93.995 0 0)
(94.3572 0 0)
(94.7194 0 0)
(95.0815 0 0)
(95.4435 0 0)
(95.8055 0 0)
(96.1673 0 0)
(96.5291 0 0)
(96.8908 0 0)
(97.2524 0 0)
(97.6139 0 0)
(97.9752 0 0)
(98.3365 0 0)
(98.6977 0 0)
(99.0588 0 0)
(99.4198 0 0)
(99.7807 0 0)
(100.141 0 0)
(100.502 0 0)
(100.863 0 0)
(101.223 0 0)
(101.583 0 0)
(101.943 0 0)
(102.303 0 0)
(102.663 0 0)
(103.023 0 0)
(103.383 0 0)
(103.742 0 0)
(104.102 0 0)
(104.461 0 0)
(104.82 0 0)
(105.179 0 0)
(105.537 0 0)
(105.896 0 0)
(106.254 0 0)
(106.613 0 0)
(106.971 0 0)
(107.328 0 0)
(107.686 0 0)
(108.044 0 0)
(108.401 0 0)
(108.758 0 0)
(109.115 0 0)
(109.471 0 0)
(109.828 0 0)
(110.184 0 0)
(110.54 0 0)
(110.896 0 0)
(111.252 0 0)
(111.607 0 0)
(111.962 0 0)
(112.317 0 0)
(112.671 0 0)
(113.026 0 0)
(113.38 0 0)
(113.733 0 0)
(114.087 0 0)
(114.44 0 0)
(114.793 0 0)
(115.145 0 0)
(115.498 0 0)
(115.85 0 0)
(116.201 0 0)
(116.552 0 0)
(116.903 0 0)
(117.254 0 0)
(117.604 0 0)
(117.954 0 0)
(118.303 0 0)
(118.652 0 0)
(119.001 0 0)
(119.349 0 0)
(119.697 0 0)
(120.045 0 0)
(120.392 0 0)
(120.738 0 0)
(121.084 0 0)
(121.43 0 0)
(121.775 0 0)
(122.119 0 0)
(122.464 0 0)
(122.807 0 0)
(123.15 0 0)
(123.493 0 0)
(123.835 0 0)
(124.176 0 0)
(124.517 0 0)
(124.857 0 0)
(125.197 0 0)
(125.536 0 0)
(125.874 0 0)
(126.212 0 0)
(126.549 0 0)
(126.885 0 0)
(127.221 0 0)
(127.556 0 0)
(127.891 0 0)
(128.225 0 0)
(128.559 0 0)
(128.891 0 0)
(129.223 0 0)
(129.553 0 0)
(129.882 0 0)
(130.211 0 0)
(130.539 0 0)
(130.865 0 0)
(131.191 0 0)
(131.516 0 0)
(131.84 0 0)
(132.163 0 0)
(132.485 0 0)
(132.805 0 0)
(133.125 0 0)
(133.444 0 0)
(133.761 0 0)
(134.078 0 0)
(134.393 0 0)
(134.707 0 0)
(135.02 0 0)
(135.332 0 0)
(135.643 0 0)
(135.952 0 0)
(136.26 0 0)
(136.566 0 0)
(136.871 0 0)
(137.175 0 0)
(137.477 0 0)
(137.778 0 0)
(138.078 0 0)
(138.376 0 0)
(138.672 0 0)
(138.967 0 0)
(139.26 0 0)
(139.552 0 0)
(139.842 0 0)
(140.13 0 0)
(140.417 0 0)
(140.702 0 0)
(140.985 0 0)
(141.267 0 0)
(141.546 0 0)
(141.824 0 0)
(142.1 0 0)
(142.374 0 0)
(142.647 0 0)
(142.917 0 0)
(143.186 0 0)
(143.452 0 0)
(143.717 0 0)
(143.979 0 0)
(144.24 0 0)
(144.499 0 0)
(144.755 0 0)
(145.01 0 0)
(145.263 0 0)
(145.513 0 0)
(145.762 0 0)
(146.008 0 0)
(146.253 0 0)
(146.495 0 0)
(146.735 0 0)
(146.974 0 0)
(147.21 0 0)
(147.444 0 0)
(147.676 0 0)
(147.906 0 0)
(148.135 0 0)
(148.361 0 0)
(148.585 0 0)
(148.807 0 0)
(149.028 0 0)
(149.246 0 0)
(149.463 0 0)
(149.678 0 0)
(149.891 0 0)
(150.102 0 0)
(150.311 0 0)
(150.519 0 0)
(150.725 0 0)
(150.929 0 0)
(151.132 0 0)
(151.334 0 0)
(151.533 0 0)
(151.732 0 0)
(151.929 0 0)
(152.124 0 0)
(152.318 0 0)
(152.511 0 0)
(152.703 0 0)
(152.893 0 0)
(153.083 0 0)
(153.271 0 0)
(153.458 0 0)
(153.644 0 0)
(153.829 0 0)
(154.013 0 0)
(154.197 0 0)
(154.379 0 0)
(154.561 0 0)
(154.742 0 0)
(154.922 0 0)
(155.102 0 0)
(155.281 0 0)
(155.46 0 0)
(155.637 0 0)
(155.815 0 0)
(155.992 0 0)
(156.168 0 0)
(156.344 0 0)
(156.52 0 0)
(156.695 0 0)
(156.87 0 0)
(157.045 0 0)
(157.219 0 0)
(157.393 0 0)
(157.567 0 0)
(157.741 0 0)
(157.914 0 0)
(158.087 0 0)
(158.261 0 0)
(158.434 0 0)
(158.606 0 0)
(158.779 0 0)
(158.952 0 0)
(159.124 0 0)
(159.297 0 0)
(159.469 0 0)
(159.642 0 0)
(159.814 0 0)
(159.986 0 0)
(160.159 0 0)
(160.331 0 0)
(160.503 0 0)
(160.675 0 0)
(160.848 0 0)
(161.02 0 0)
(161.192 0 0)
(161.364 0 0)
(161.537 0 0)
(161.709 0 0)
(161.881 0 0)
(162.054 0 0)
(162.226 0 0)
(162.398 0 0)
(162.571 0 0)
(162.743 0 0)
(162.916 0 0)
(163.088 0 0)
(163.261 0 0)
(163.433 0 0)
(163.606 0 0)
(163.778 0 0)
(163.951 0 0)
(164.124 0 0)
(164.297 0 0)
(164.47 0 0)
(164.642 0 0)
(164.815 0 0)
(164.988 0 0)
(165.161 0 0)
(165.334 0 0)
(165.507 0 0)
(165.681 0 0)
(165.854 0 0)
(166.027 0 0)
(166.2 0 0)
(166.374 0 0)
(166.547 0 0)
(166.72 0 0)
(166.894 0 0)
(167.067 0 0)
(167.241 0 0)
(167.414 0 0)
(167.588 0 0)
(167.762 0 0)
(167.935 0 0)
(168.109 0 0)
(168.283 0 0)
(168.457 0 0)
(168.631 0 0)
(168.805 0 0)
(168.979 0 0)
(169.153 0 0)
(169.327 0 0)
(169.501 0 0)
(169.675 0 0)
(169.849 0 0)
(170.024 0 0)
(170.198 0 0)
(170.372 0 0)
(170.547 0 0)
(170.721 0 0)
(170.896 0 0)
(171.07 0 0)
(171.245 0 0)
(171.419 0 0)
(171.594 0 0)
(171.769 0 0)
(171.944 0 0)
(172.118 0 0)
(172.293 0 0)
(172.468 0 0)
(172.643 0 0)
(172.818 0 0)
(172.993 0 0)
(173.168 0 0)
(173.343 0 0)
(173.519 0 0)
(173.694 0 0)
(173.869 0 0)
(174.044 0 0)
(174.22 0 0)
(174.395 0 0)
(174.571 0 0)
(174.746 0 0)
(174.922 0 0)
(175.097 0 0)
(175.273 0 0)
(175.449 0 0)
(175.624 0 0)
(175.8 0 0)
(175.976 0 0)
(176.152 0 0)
(176.328 0 0)
(176.504 0 0)
(176.68 0 0)
(176.856 0 0)
(177.032 0 0)
(177.208 0 0)
(177.384 0 0)
(177.56 0 0)
(177.737 0 0)
(177.913 0 0)
(178.089 0 0)
(178.266 0 0)
(178.442 0 0)
(178.619 0 0)
(178.795 0 0)
(178.972 0 0)
(179.148 0 0)
(179.325 0 0)
(179.502 0 0)
(179.679 0 0)
(179.855 0 0)
(180.032 0 0)
(180.209 0 0)
(180.386 0 0)
(180.563 0 0)
(180.74 0 0)
(180.917 0 0)
(181.094 0 0)
(181.271 0 0)
(181.449 0 0)
(181.626 0 0)
(181.803 0 0)
(181.981 0 0)
(182.158 0 0)
(182.335 0 0)
(182.513 0 0)
(182.69 0 0)
(182.868 0 0)
(183.046 0 0)
(183.223 0 0)
(183.401 0 0)
(183.579 0 0)
(183.757 0 0)
(183.934 0 0)
(184.112 0 0)
(184.29 0 0)
(184.468 0 0)
(184.646 0 0)
(184.824 0 0)
(185.002 0 0)
(185.18 0 0)
(185.359 0 0)
(185.537 0 0)
(185.715 0 0)
(185.893 0 0)
(186.072 0 0)
(186.25 0 0)
(186.429 0 0)
(186.607 0 0)
(186.786 0 0)
(186.964 0 0)
(187.143 0 0)
(187.321 0 0)
(187.5 0 0)
(187.679 0 0)
(187.858 0 0)
(188.037 0 0)
(188.215 0 0)
(188.394 0 0)
(188.573 0 0)
(188.752 0 0)
(188.931 0 0)
(189.11 0 0)
(189.29 0 0)
(189.469 0 0)
(189.648 0 0)
(189.827 0 0)
(190.006 0 0)
(190.186 0 0)
(190.365 0 0)
(190.545 0 0)
(190.724 0 0)
(190.904 0 0)
(191.083 0 0)
(191.263 0 0)
(191.442 0 0)
(191.622 0 0)
(191.802 0 0)
(191.982 0 0)
(192.161 0 0)
(192.341 0 0)
(192.521 0 0)
(192.701 0 0)
(192.881 0 0)
(193.061 0 0)
(193.241 0 0)
(193.421 0 0)
(193.601 0 0)
(193.781 0 0)
(193.962 0 0)
(194.142 0 0)
(194.322 0 0)
(194.503 0 0)
(194.683 0 0)
(194.863 0 0)
(195.044 0 0)
(195.224 0 0)
(195.405 0 0)
(195.586 0 0)
(195.766 0 0)
(195.947 0 0)
(196.128 0 0)
(196.308 0 0)
(196.489 0 0)
(196.67 0 0)
(196.851 0 0)
(197.032 0 0)
(197.213 0 0)
(197.394 0 0)
(197.575 0 0)
(197.756 0 0)
(197.937 0 0)
(198.118 0 0)
(198.299 0 0)
(198.481 0 0)
(198.662 0 0)
(198.843 0 0)
(199.025 0 0)
(199.206 0 0)
(199.387 0 0)
(199.569 0 0)
(199.75 0 0)
(199.932 0 0)
(200.114 0 0)
(200.295 0 0)
(200.477 0 0)
(200.659 0 0)
(200.84 0 0)
(201.022 0 0)
(201.204 0 0)
(201.386 0 0)
(201.568 0 0)
(201.75 0 0)
(201.932 0 0)
(202.114 0 0)
(202.296 0 0)
(202.478 0 0)
(202.66 0 0)
(202.842 0 0)
(203.025 0 0)
(203.207 0 0)
(203.389 0 0)
(203.572 0 0)
(203.754 0 0)
(203.936 0 0)
(204.119 0 0)
(204.301 0 0)
(204.484 0 0)
(204.666 0 0)
(204.849 0 0)
(205.032 0 0)
(205.214 0 0)
(205.397 0 0)
(205.58 0 0)
(205.763 0 0)
(205.946 0 0)
(206.128 0 0)
(206.311 0 0)
(206.494 0 0)
(206.677 0 0)
(206.86 0 0)
(207.043 0 0)
(207.227 0 0)
(207.41 0 0)
(207.593 0 0)
(207.776 0 0)
(207.959 0 0)
(208.143 0 0)
(208.326 0 0)
(208.509 0 0)
(208.693 0 0)
(208.876 0 0)
(209.06 0 0)
(209.243 0 0)
(209.427 0 0)
(209.61 0 0)
(209.794 0 0)
(209.978 0 0)
(210.162 0 0)
(210.345 0 0)
(210.529 0 0)
(210.713 0 0)
(210.897 0 0)
(211.081 0 0)
(211.265 0 0)
(211.449 0 0)
(211.633 0 0)
(211.817 0 0)
(212.001 0 0)
(212.185 0 0)
(212.369 0 0)
(212.553 0 0)
(212.737 0 0)
(212.922 0 0)
(213.106 0 0)
(213.29 0 0)
(213.475 0 0)
(213.659 0 0)
(213.843 0 0)
(214.028 0 0)
(214.212 0 0)
(214.397 0 0)
(214.581 0 0)
(214.766 0 0)
(214.951 0 0)
(215.135 0 0)
(215.32 0 0)
(215.505 0 0)
(215.69 0 0)
(215.874 0 0)
(216.059 0 0)
(216.244 0 0)
(216.429 0 0)
(216.614 0 0)
(216.799 0 0)
(216.984 0 0)
(217.169 0 0)
(217.354 0 0)
(217.539 0 0)
(217.725 0 0)
(217.91 0 0)
(218.095 0 0)
(218.28 0 0)
(218.465 0 0)
(218.651 0 0)
(218.836 0 0)
(219.022 0 0)
(219.207 0 0)
(219.392 0 0)
(219.578 0 0)
(219.763 0 0)
(219.949 0 0)
(220.135 0 0)
(220.32 0 0)
(220.506 0 0)
(220.692 0 0)
(220.877 0 0)
(221.063 0 0)
(221.249 0 0)
(221.435 0 0)
(221.62 0 0)
(221.806 0 0)
(221.992 0 0)
(222.178 0 0)
(222.364 0 0)
(222.55 0 0)
(222.736 0 0)
(222.922 0 0)
(223.108 0 0)
(223.294 0 0)
(223.48 0 0)
(223.667 0 0)
(223.853 0 0)
(224.039 0 0)
(224.225 0 0)
(224.411 0 0)
(224.598 0 0)
(224.784 0 0)
(224.97 0 0)
(225.156 0 0)
(225.343 0 0)
(225.529 0 0)
(225.715 0 0)
(225.901 0 0)
(226.088 0 0)
(226.274 0 0)
(226.46 0 0)
(226.646 0 0)
(226.832 0 0)
(227.018 0 0)
(227.204 0 0)
(227.39 0 0)
(227.576 0 0)
(227.762 0 0)
(227.947 0 0)
(228.133 0 0)
(228.318 0 0)
(228.503 0 0)
(228.688 0 0)
(228.873 0 0)
(229.057 0 0)
(229.242 0 0)
(229.426 0 0)
(229.609 0 0)
(229.793 0 0)
(229.976 0 0)
(230.158 0 0)
(230.341 0 0)
(230.522 0 0)
(230.704 0 0)
(230.885 0 0)
(231.065 0 0)
(231.244 0 0)
(231.423 0 0)
(231.602 0 0)
(231.779 0 0)
(231.956 0 0)
(232.132 0 0)
(232.308 0 0)
(232.482 0 0)
(232.656 0 0)
(232.828 0 0)
(233 0 0)
(233.171 0 0)
(233.34 0 0)
(233.509 0 0)
(233.677 0 0)
(233.843 0 0)
(234.008 0 0)
(234.173 0 0)
(234.336 0 0)
(234.498 0 0)
(234.659 0 0)
(234.819 0 0)
(234.978 0 0)
(235.136 0 0)
(235.292 0 0)
(235.448 0 0)
(235.603 0 0)
(235.757 0 0)
(235.91 0 0)
(236.062 0 0)
(236.214 0 0)
(236.365 0 0)
(236.515 0 0)
(236.665 0 0)
(236.815 0 0)
(236.964 0 0)
(237.113 0 0)
(237.261 0 0)
(237.41 0 0)
(237.558 0 0)
(237.707 0 0)
(237.856 0 0)
(238.006 0 0)
(238.155 0 0)
(238.305 0 0)
(238.456 0 0)
(238.607 0 0)
(238.759 0 0)
(238.912 0 0)
(239.066 0 0)
(239.221 0 0)
(239.376 0 0)
(239.533 0 0)
(239.69 0 0)
(239.849 0 0)
(240.009 0 0)
(240.17 0 0)
(240.332 0 0)
(240.496 0 0)
(240.66 0 0)
(240.826 0 0)
(240.993 0 0)
(241.161 0 0)
(241.33 0 0)
(241.5 0 0)
(241.672 0 0)
(241.844 0 0)
(242.018 0 0)
(242.193 0 0)
(242.368 0 0)
(242.545 0 0)
(242.723 0 0)
(242.901 0 0)
(243.08 0 0)
(243.261 0 0)
(243.441 0 0)
(243.623 0 0)
(243.806 0 0)
(243.989 0 0)
(244.172 0 0)
(244.357 0 0)
(244.542 0 0)
(244.727 0 0)
(244.913 0 0)
(245.1 0 0)
(245.287 0 0)
(245.474 0 0)
(245.662 0 0)
(245.85 0 0)
(246.038 0 0)
(246.227 0 0)
(246.416 0 0)
(246.605 0 0)
(246.795 0 0)
(246.985 0 0)
(247.175 0 0)
(247.365 0 0)
(247.556 0 0)
(247.746 0 0)
(247.937 0 0)
(248.128 0 0)
(248.319 0 0)
(248.51 0 0)
(248.701 0 0)
(248.893 0 0)
(249.084 0 0)
(249.275 0 0)
(249.467 0 0)
(249.658 0 0)
(249.85 0 0)
(250.041 0 0)
(250.232 0 0)
(250.424 0 0)
(250.615 0 0)
(250.806 0 0)
(250.997 0 0)
(251.189 0 0)
(251.38 0 0)
(251.57 0 0)
(251.761 0 0)
(251.952 0 0)
(252.142 0 0)
(252.332 0 0)
(252.522 0 0)
(252.711 0 0)
(252.9 0 0)
(253.089 0 0)
(253.277 0 0)
(253.463 0 0)
(253.649 0 0)
(253.834 0 0)
(254.017 0 0)
(254.198 0 0)
(254.377 0 0)
(254.553 0 0)
(254.727 0 0)
(254.897 0 0)
(255.062 0 0)
(255.224 0 0)
(255.38 0 0)
(255.531 0 0)
(255.676 0 0)
(255.815 0 0)
(255.947 0 0)
(256.074 0 0)
(256.193 0 0)
(256.307 0 0)
(256.414 0 0)
(256.516 0 0)
(256.614 0 0)
(256.707 0 0)
(256.797 0 0)
(256.885 0 0)
(256.971 0 0)
(257.059 0 0)
(257.146 0 0)
(257.239 0 0)
(257.506 0 0)
)
;

boundaryField
{
    sides
    {
        type            zeroGradient;
    }
    empty
    {
        type            empty;
    }
}


// ************************************************************************* //
