/*--------------------------------*- C++ -*----------------------------------*\
| =========                 |                                                 |
| \\      /  F ield         | OpenFOAM: The Open Source CFD Toolbox           |
|  \\    /   O peration     | Version:  2406                                  |
|   \\  /    A nd           | Website:  www.openfoam.com                      |
|    \\/     M anipulation  |                                                 |
\*---------------------------------------------------------------------------*/
FoamFile
{
    version     2.0;
    format      ascii;
    arch        "LSB;label=32;scalar=64";
    class       volScalarField;
    location    "0.035";
    object      mag(U);
}
// * * * * * * * * * * * * * * * * * * * * * * * * * * * * * * * * * * * * * //

dimensions      [0 1 -1 0 0 0 0];

internalField   nonuniform List<scalar> 
1000
(
15.3757
15.7699
16.2297
16.6069
16.945
17.2841
17.6311
17.9811
18.3308
18.6797
19.0284
19.3772
19.7261
20.0751
20.4241
20.7732
21.1222
21.4713
21.8203
22.1694
22.5185
22.8677
23.2169
23.5662
23.9155
24.2648
24.6143
24.9637
25.3131
25.6626
26.0121
26.3616
26.7111
27.0606
27.4101
27.7597
28.1093
28.459
28.8087
29.1583
29.508
29.8578
30.2075
30.5573
30.9071
31.2569
31.6067
31.9566
32.3065
32.6564
33.0063
33.3563
33.7063
34.0563
34.4063
34.7564
35.1065
35.4566
35.8067
36.1569
36.507
36.8572
37.2074
37.5577
37.9079
38.2582
38.6085
38.9588
39.3092
39.6595
40.0099
40.3603
40.7107
41.0612
41.4116
41.7621
42.1126
42.4631
42.8136
43.1642
43.5147
43.8653
44.2159
44.5665
44.9171
45.2678
45.6185
45.9691
46.3198
46.6705
47.0212
47.372
47.7227
48.0735
48.4243
48.775
49.1258
49.4767
49.8275
50.1783
50.5292
50.88
51.2309
51.5818
51.9326
52.2835
52.6344
52.9854
53.3363
53.6872
54.0382
54.3891
54.7401
55.091
55.442
55.793
56.1439
56.4949
56.8459
57.1969
57.5479
57.8989
58.2499
58.6009
58.9519
59.3029
59.6539
60.0049
60.3559
60.7069
61.0579
61.4089
61.7599
62.1109
62.4619
62.8129
63.1639
63.5149
63.8659
64.2168
64.5678
64.9187
65.2697
65.6206
65.9716
66.3225
66.6734
67.0243
67.3752
67.7261
68.0769
68.4278
68.7786
69.1294
69.4802
69.831
70.1818
70.5325
70.8833
71.234
71.5847
71.9353
72.286
72.6366
72.9872
73.3378
73.6883
74.0388
74.3893
74.7398
75.0902
75.4406
75.791
76.1414
76.4917
76.8419
77.1922
77.5424
77.8925
78.2427
78.5927
78.9428
79.2928
79.6427
79.9926
80.3425
80.6923
81.0421
81.3918
81.7414
82.091
82.4406
82.7901
83.1395
83.4889
83.8382
84.1875
84.5367
84.8858
85.2348
85.5838
85.9327
86.2816
86.6303
86.979
87.3276
87.6762
88.0246
88.373
88.7213
89.0694
89.4175
89.7655
90.1134
90.4613
90.809
91.1566
91.5041
91.8515
92.1987
92.5459
92.893
93.2399
93.5867
93.9334
94.28
94.6264
94.9727
95.3188
95.6649
96.0107
96.3565
96.7021
97.0475
97.3928
97.7379
98.0828
98.4276
98.7722
99.1166
99.4609
99.8049
100.149
100.493
100.836
101.179
101.522
101.865
102.208
102.55
102.892
103.234
103.576
103.918
104.259
104.6
104.941
105.281
105.621
105.961
106.301
106.64
106.979
107.318
107.656
107.994
108.332
108.669
109.006
109.343
109.679
110.015
110.351
110.686
111.021
111.355
111.689
112.022
112.355
112.688
113.02
113.352
113.683
114.014
114.344
114.674
115.003
115.331
115.659
115.987
116.314
116.64
116.966
117.291
117.616
117.939
118.263
118.586
118.908
119.23
119.551
119.871
120.19
120.508
120.826
121.142
121.458
121.772
122.086
122.399
122.711
123.022
123.332
123.641
123.95
124.257
124.563
124.868
125.172
125.475
125.777
126.077
126.377
126.675
126.972
127.268
127.562
127.856
128.147
128.438
128.727
129.015
129.301
129.586
129.869
130.151
130.432
130.711
130.988
131.264
131.538
131.81
132.081
132.35
132.617
132.883
133.147
133.409
133.669
133.927
134.184
134.439
134.692
134.943
135.192
135.439
135.685
135.928
136.17
136.41
136.647
136.883
137.117
137.349
137.579
137.807
138.033
138.257
138.479
138.7
138.918
139.135
139.35
139.563
139.774
139.984
140.192
140.398
140.602
140.805
141.006
141.205
141.403
141.599
141.794
141.988
142.18
142.37
142.56
142.748
142.935
143.12
143.305
143.488
143.67
143.851
144.032
144.211
144.389
144.567
144.743
144.919
145.095
145.269
145.443
145.616
145.789
145.961
146.132
146.303
146.474
146.644
146.814
146.984
147.153
147.321
147.49
147.658
147.826
147.994
148.161
148.329
148.496
148.663
148.83
148.997
149.164
149.33
149.497
149.663
149.829
149.996
150.162
150.328
150.494
150.661
150.827
150.993
151.159
151.325
151.491
151.658
151.824
151.99
152.156
152.323
152.489
152.655
152.821
152.988
153.154
153.321
153.487
153.653
153.82
153.987
154.153
154.32
154.486
154.653
154.82
154.987
155.154
155.32
155.487
155.654
155.821
155.988
156.156
156.323
156.49
156.657
156.824
156.992
157.159
157.326
157.494
157.661
157.829
157.997
158.164
158.332
158.5
158.667
158.835
159.003
159.171
159.339
159.507
159.675
159.843
160.011
160.179
160.347
160.515
160.684
160.852
161.02
161.189
161.357
161.526
161.694
161.863
162.032
162.2
162.369
162.538
162.706
162.875
163.044
163.213
163.382
163.551
163.72
163.889
164.058
164.228
164.397
164.566
164.736
164.905
165.074
165.244
165.413
165.583
165.752
165.922
166.092
166.261
166.431
166.601
166.771
166.941
167.111
167.281
167.451
167.621
167.791
167.961
168.131
168.302
168.472
168.642
168.813
168.983
169.154
169.324
169.495
169.665
169.836
170.007
170.177
170.348
170.519
170.69
170.861
171.032
171.203
171.374
171.545
171.716
171.887
172.058
172.229
172.401
172.572
172.744
172.915
173.086
173.258
173.429
173.601
173.773
173.944
174.116
174.288
174.46
174.632
174.803
174.975
175.147
175.319
175.492
175.664
175.836
176.008
176.18
176.352
176.525
176.697
176.87
177.042
177.215
177.387
177.56
177.732
177.905
178.078
178.25
178.423
178.596
178.769
178.942
179.115
179.288
179.461
179.634
179.807
179.98
180.153
180.327
180.5
180.673
180.847
181.02
181.194
181.367
181.541
181.714
181.888
182.062
182.235
182.409
182.583
182.757
182.93
183.104
183.278
183.452
183.626
183.8
183.975
184.149
184.323
184.497
184.672
184.846
185.02
185.195
185.369
185.544
185.718
185.893
186.067
186.242
186.417
186.591
186.766
186.941
187.116
187.291
187.466
187.641
187.816
187.991
188.166
188.341
188.516
188.691
188.867
189.042
189.217
189.393
189.568
189.744
189.919
190.095
190.27
190.446
190.621
190.797
190.973
191.149
191.324
191.5
191.676
191.852
192.028
192.204
192.38
192.556
192.732
192.909
193.085
193.261
193.437
193.614
193.79
193.966
194.143
194.319
194.496
194.672
194.849
195.026
195.202
195.379
195.556
195.733
195.909
196.086
196.263
196.44
196.617
196.794
196.971
197.148
197.325
197.503
197.68
197.857
198.034
198.212
198.389
198.567
198.744
198.921
199.099
199.276
199.454
199.632
199.809
199.987
200.165
200.343
200.52
200.698
200.876
201.054
201.232
201.41
201.588
201.766
201.944
202.122
202.301
202.479
202.657
202.835
203.014
203.192
203.37
203.549
203.727
203.906
204.084
204.263
204.442
204.62
204.799
204.978
205.157
205.335
205.514
205.693
205.872
206.051
206.23
206.409
206.588
206.767
206.946
207.125
207.304
207.484
207.663
207.842
208.022
208.201
208.38
208.56
208.739
208.919
209.098
209.278
209.457
209.637
209.817
209.997
210.176
210.356
210.536
210.716
210.896
211.075
211.255
211.435
211.615
211.795
211.975
212.156
212.336
212.516
212.696
212.876
213.056
213.237
213.417
213.597
213.777
213.958
214.138
214.318
214.498
214.679
214.859
215.039
215.219
215.4
215.58
215.76
215.94
216.12
216.3
216.48
216.659
216.839
217.018
217.198
217.377
217.556
217.735
217.913
218.092
218.27
218.447
218.625
218.802
218.979
219.155
219.331
219.506
219.681
219.855
220.029
220.202
220.375
220.547
220.718
220.889
221.058
221.227
221.395
221.563
221.729
221.894
222.059
222.222
222.384
222.546
222.706
222.866
223.024
223.181
223.338
223.493
223.647
223.8
223.953
224.104
224.254
224.404
224.553
224.701
224.848
224.995
225.141
225.286
225.431
225.576
225.721
225.865
226.009
226.153
226.297
226.442
226.586
226.731
226.876
227.022
227.168
227.315
227.463
227.611
227.76
227.91
228.061
228.213
228.366
228.52
228.675
228.831
228.988
229.147
229.306
229.467
229.629
229.791
229.955
230.12
230.287
230.454
230.622
230.791
230.962
231.133
231.305
231.478
231.652
231.826
232.002
232.178
232.355
232.532
232.711
232.89
233.069
233.249
233.43
233.611
233.792
233.974
234.157
234.339
234.523
234.706
234.89
235.074
235.258
235.443
235.628
235.813
235.998
236.184
236.37
236.556
236.742
236.928
237.114
237.3
237.487
237.673
237.86
238.046
238.233
238.42
238.606
238.793
238.979
239.166
239.353
239.539
239.725
239.912
240.098
240.284
240.469
240.655
240.84
241.025
241.209
241.393
241.576
241.758
241.939
242.118
242.297
242.473
242.647
242.819
242.989
243.155
243.318
243.477
243.631
243.782
243.927
244.068
244.203
244.333
244.457
244.576
244.69
244.8
244.904
245.005
245.102
245.196
245.288
245.378
245.467
245.556
245.645
245.735
245.826
245.919
246.016
246.114
246.218
246.493
)
;

boundaryField
{
    sides
    {
        type            calculated;
        value           nonuniform List<scalar> 2(246.493 15.3757);
    }
    empty
    {
        type            empty;
    }
}


// ************************************************************************* //
