/*--------------------------------*- C++ -*----------------------------------*\
| =========                 |                                                 |
| \\      /  F ield         | OpenFOAM: The Open Source CFD Toolbox           |
|  \\    /   O peration     | Version:  2406                                  |
|   \\  /    A nd           | Website:  www.openfoam.com                      |
|    \\/     M anipulation  |                                                 |
\*---------------------------------------------------------------------------*/
FoamFile
{
    version     2.0;
    format      ascii;
    arch        "LSB;label=32;scalar=64";
    class       volScalarField;
    location    "0.035";
    object      p;
}
// * * * * * * * * * * * * * * * * * * * * * * * * * * * * * * * * * * * * * //

dimensions      [1 -1 -2 0 0 0 0];

internalField   nonuniform List<scalar> 
1000
(
15291.7
15289.4
15286.3
15283.5
15281
15278.6
15276.1
15273.7
15271.2
15268.7
15266.2
15263.7
15261.2
15258.7
15256.2
15253.8
15251.3
15248.8
15246.3
15243.9
15241.4
15238.9
15236.4
15234
15231.5
15229
15226.6
15224.1
15221.6
15219.2
15216.7
15214.3
15211.8
15209.4
15206.9
15204.5
15202
15199.5
15197.1
15194.6
15192.2
15189.8
15187.3
15184.9
15182.4
15180
15177.5
15175.1
15172.6
15170.2
15167.8
15165.3
15162.9
15160.5
15158
15155.6
15153.2
15150.7
15148.3
15145.9
15143.4
15141
15138.6
15136.2
15133.7
15131.3
15128.9
15126.5
15124.1
15121.6
15119.2
15116.8
15114.4
15112
15109.6
15107.2
15104.7
15102.3
15099.9
15097.5
15095.1
15092.7
15090.3
15087.9
15085.5
15083.1
15080.7
15078.3
15075.9
15073.5
15071.1
15068.7
15066.4
15064
15061.6
15059.2
15056.8
15054.4
15052
15049.7
15047.3
15044.9
15042.5
15040.2
15037.8
15035.4
15033
15030.7
15028.3
15026
15023.6
15021.2
15018.9
15016.5
15014.2
15011.8
15009.5
15007.1
15004.8
15002.4
15000.1
14997.7
14995.4
14993
14990.7
14988.4
14986
14983.7
14981.4
14979.1
14976.7
14974.4
14972.1
14969.8
14967.5
14965.1
14962.8
14960.5
14958.2
14955.9
14953.6
14951.3
14949
14946.7
14944.4
14942.1
14939.9
14937.6
14935.3
14933
14930.7
14928.5
14926.2
14923.9
14921.7
14919.4
14917.2
14914.9
14912.7
14910.4
14908.2
14905.9
14903.7
14901.5
14899.2
14897
14894.8
14892.6
14890.4
14888.1
14885.9
14883.7
14881.5
14879.3
14877.2
14875
14872.8
14870.6
14868.4
14866.3
14864.1
14862
14859.8
14857.7
14855.5
14853.4
14851.2
14849.1
14847
14844.9
14842.8
14840.7
14838.6
14836.5
14834.4
14832.3
14830.2
14828.1
14826.1
14824
14822
14819.9
14817.9
14815.9
14813.8
14811.8
14809.8
14807.8
14805.8
14803.9
14801.9
14799.9
14797.9
14796
14794.1
14792.1
14790.2
14788.3
14786.4
14784.5
14782.6
14780.7
14778.9
14777
14775.1
14773.3
14771.5
14769.7
14767.9
14766.1
14764.3
14762.5
14760.8
14759
14757.3
14755.6
14753.9
14752.2
14750.5
14748.9
14747.2
14745.6
14744
14742.4
14740.8
14739.2
14737.7
14736.1
14734.6
14733.1
14731.6
14730.2
14728.7
14727.3
14725.9
14724.5
14723.2
14721.8
14720.5
14719.2
14717.9
14716.6
14715.4
14714.2
14713
14711.8
14710.7
14709.6
14708.5
14707.5
14706.4
14705.4
14704.5
14703.5
14702.6
14701.7
14700.9
14700.1
14699.3
14698.5
14697.8
14697.2
14696.5
14695.9
14695.4
14694.8
14694.3
14693.9
14693.5
14693.1
14692.8
14692.5
14692.3
14692.1
14692
14691.9
14691.8
14691.8
14691.8
14691.9
14692
14692.2
14692.4
14692.8
14693.2
14693.6
14694.2
14694.8
14695.4
14696.1
14696.9
14697.8
14698.7
14699.7
14700.8
14701.9
14703.2
14704.5
14705.9
14707.3
14708.9
14710.5
14712.2
14714.1
14716
14718
14720
14722.2
14724.5
14726.9
14729.4
14732
14734.7
14737.5
14740.4
14743.5
14746.6
14749.9
14753.2
14756.7
14760.4
14764.1
14768
14772
14776.1
14780.3
14784.7
14789.2
14793.9
14798.7
14803.6
14808.7
14813.9
14819.2
14824.7
14830.3
14836.1
14842
14848.1
14854.3
14860.7
14867.2
14873.8
14880.7
14887.6
14894.7
14902
14909.4
14916.9
14924.6
14932.4
14940.4
14948.5
14956.8
14965.2
14973.8
14982.5
14991.3
15000.2
15009.3
15018.6
15027.9
15037.4
15047
15056.7
15066.5
15076.5
15086.6
15096.7
15107
15117.4
15127.9
15138.5
15149.2
15160
15170.8
15181.8
15192.8
15203.9
15215.1
15226.4
15237.7
15249.1
15260.6
15272.2
15283.8
15295.4
15307.1
15318.9
15330.7
15342.6
15354.5
15366.5
15378.5
15390.5
15402.6
15414.7
15426.9
15439
15451.3
15463.5
15475.8
15488.1
15500.4
15512.8
15525.2
15537.6
15550
15562.5
15574.9
15587.4
15599.9
15612.5
15625
15637.6
15650.2
15662.8
15675.4
15688
15700.7
15713.3
15726
15738.7
15751.4
15764.1
15776.9
15789.6
15802.4
15815.2
15828
15840.8
15853.6
15866.4
15879.3
15892.1
15905
15917.9
15930.8
15943.7
15956.6
15969.6
15982.5
15995.5
16008.5
16021.4
16034.4
16047.5
16060.5
16073.5
16086.6
16099.6
16112.7
16125.8
16138.9
16152
16165.1
16178.3
16191.4
16204.6
16217.8
16231
16244.2
16257.4
16270.6
16283.9
16297.1
16310.4
16323.7
16337
16350.3
16363.6
16376.9
16390.3
16403.6
16417
16430.4
16443.8
16457.2
16470.6
16484
16497.5
16511
16524.4
16537.9
16551.4
16564.9
16578.5
16592
16605.5
16619.1
16632.7
16646.3
16659.9
16673.5
16687.1
16700.8
16714.4
16728.1
16741.8
16755.5
16769.2
16782.9
16796.7
16810.4
16824.2
16837.9
16851.7
16865.5
16879.4
16893.2
16907
16920.9
16934.8
16948.6
16962.5
16976.4
16990.4
17004.3
17018.2
17032.2
17046.2
17060.2
17074.2
17088.2
17102.2
17116.3
17130.3
17144.4
17158.5
17172.6
17186.7
17200.8
17214.9
17229.1
17243.3
17257.4
17271.6
17285.8
17300
17314.3
17328.5
17342.8
17357.1
17371.3
17385.6
17400
17414.3
17428.6
17443
17457.3
17471.7
17486.1
17500.5
17515
17529.4
17543.9
17558.3
17572.8
17587.3
17601.8
17616.3
17630.9
17645.4
17660
17674.5
17689.1
17703.7
17718.4
17733
17747.6
17762.3
17777
17791.7
17806.4
17821.1
17835.8
17850.5
17865.3
17880.1
17894.9
17909.7
17924.5
17939.3
17954.1
17969
17983.9
17998.8
18013.7
18028.6
18043.5
18058.4
18073.4
18088.4
18103.4
18118.4
18133.4
18148.4
18163.4
18178.5
18193.6
18208.6
18223.7
18238.9
18254
18269.1
18284.3
18299.5
18314.6
18329.8
18345.1
18360.3
18375.5
18390.8
18406.1
18421.3
18436.6
18452
18467.3
18482.6
18498
18513.4
18528.8
18544.2
18559.6
18575
18590.4
18605.9
18621.4
18636.9
18652.4
18667.9
18683.4
18699
18714.5
18730.1
18745.7
18761.3
18776.9
18792.6
18808.2
18823.9
18839.6
18855.3
18871
18886.7
18902.4
18918.2
18934
18949.8
18965.6
18981.4
18997.2
19013
19028.9
19044.8
19060.7
19076.6
19092.5
19108.4
19124.4
19140.3
19156.3
19172.3
19188.3
19204.3
19220.4
19236.4
19252.5
19268.6
19284.7
19300.8
19316.9
19333.1
19349.2
19365.4
19381.6
19397.8
19414
19430.2
19446.5
19462.8
19479
19495.3
19511.6
19528
19544.3
19560.7
19577
19593.4
19609.8
19626.2
19642.7
19659.1
19675.6
19692.1
19708.5
19725.1
19741.6
19758.1
19774.7
19791.2
19807.8
19824.4
19841
19857.7
19874.3
19891
19907.7
19924.4
19941.1
19957.8
19974.5
19991.3
20008.1
20024.8
20041.6
20058.5
20075.3
20092.1
20109
20125.9
20142.8
20159.7
20176.6
20193.6
20210.5
20227.5
20244.5
20261.5
20278.5
20295.5
20312.6
20329.7
20346.7
20363.8
20381
20398.1
20415.2
20432.4
20449.6
20466.8
20484
20501.2
20518.4
20535.7
20553
20570.3
20587.6
20604.9
20622.2
20639.6
20656.9
20674.3
20691.7
20709.1
20726.6
20744
20761.5
20779
20796.5
20814
20831.5
20849
20866.6
20884.2
20901.8
20919.4
20937
20954.6
20972.3
20990
21007.7
21025.4
21043.1
21060.8
21078.6
21096.4
21114.2
21132
21149.8
21167.7
21185.5
21203.4
21221.3
21239.3
21257.2
21275.2
21293.2
21311.2
21329.2
21347.3
21365.4
21383.5
21401.6
21419.8
21438
21456.2
21474.5
21492.8
21511.1
21529.5
21547.9
21566.3
21584.8
21603.4
21622
21640.6
21659.3
21678
21696.9
21715.7
21734.7
21753.7
21772.8
21792
21811.2
21830.6
21850
21869.5
21889.1
21908.8
21928.6
21948.6
21968.6
21988.7
22009
22029.4
22049.9
22070.5
22091.3
22112.2
22133.2
22154.3
22175.6
22197
22218.6
22240.2
22262
22284
22306
22328.2
22350.5
22372.9
22395.4
22418
22440.7
22463.5
22486.3
22509.3
22532.3
22555.3
22578.5
22601.6
22624.8
22648
22671.2
22694.5
22717.7
22740.9
22764.1
22787.3
22810.4
22833.5
22856.5
22879.5
22902.4
22925.3
22948
22970.7
22993.3
23015.8
23038.3
23060.6
23082.8
23105
23127
23149
23170.8
23192.6
23214.3
23235.9
23257.3
23278.7
23300.1
23321.3
23342.4
23363.5
23384.5
23405.4
23426.3
23447.1
23467.8
23488.5
23509.1
23529.7
23550.2
23570.7
23591.1
23611.5
23631.9
23652.2
23672.5
23692.8
23713.1
23733.3
23753.5
23773.7
23793.9
23814.1
23834.2
23854.4
23874.5
23894.7
23914.8
23934.9
23955.1
23975.2
23995.4
24015.5
24035.7
24055.9
24076
24096.2
24116.4
24136.6
24156.9
24177.1
24197.4
24217.7
24238
24258.3
24278.7
24299.1
24319.5
24339.9
24360.4
24381
24401.5
24422.1
24442.8
24463.6
24484.4
24505.4
24526.4
24547.6
24569
24590.5
24612.2
24634.2
24656.5
24679.1
24702
24725.4
24749.2
24773.5
24798.3
24823.7
24849.7
24876.3
24903.5
24931.4
24959.9
24989
25018.8
25049
25079.8
25111.1
25142.7
25174.7
25206.8
25239.2
25271.6
25304.1
25336.5
25368.8
25401
25433
25464.4
25496
25526.3
)
;

boundaryField
{
    sides
    {
        type            zeroGradient;
    }
    empty
    {
        type            empty;
    }
}


// ************************************************************************* //
