/*--------------------------------*- C++ -*----------------------------------*\
| =========                 |                                                 |
| \\      /  F ield         | OpenFOAM: The Open Source CFD Toolbox           |
|  \\    /   O peration     | Version:  2406                                  |
|   \\  /    A nd           | Website:  www.openfoam.com                      |
|    \\/     M anipulation  |                                                 |
\*---------------------------------------------------------------------------*/
FoamFile
{
    version     2.0;
    format      ascii;
    arch        "LSB;label=32;scalar=64";
    class       surfaceScalarField;
    location    "0.035";
    object      phi;
}
// * * * * * * * * * * * * * * * * * * * * * * * * * * * * * * * * * * * * * //

dimensions      [1 0 -1 0 0 0 0];

oriented        oriented;

internalField   nonuniform List<scalar> 
999
(
16.5043
16.8651
17.2257
17.5862
17.9465
18.3066
18.6664
19.0261
19.3857
19.7453
20.1046
20.4635
20.8222
21.1806
21.539
21.8975
22.256
22.6145
22.9728
23.3307
23.6882
24.0452
24.4018
24.7582
25.1145
25.471
25.8279
26.1851
26.5429
26.9012
27.2598
27.6188
27.9778
28.3369
28.696
29.0551
29.4144
29.7744
30.1344
30.4944
30.8544
31.2144
31.5743
31.9341
32.2939
32.6537
33.0134
33.373
33.7326
34.0921
34.4515
34.8109
35.1703
35.5296
35.8888
36.2479
36.6071
36.9661
37.3251
37.684
38.0429
38.4017
38.7605
39.1192
39.4778
39.8364
40.1949
40.5534
40.9118
41.2701
41.6284
41.9867
42.3447
42.703
43.0609
43.419
43.7768
44.1347
44.4925
44.8502
45.2079
45.5655
45.923
46.2806
46.6379
46.9953
47.3526
47.7098
48.067
48.4241
48.7811
49.1381
49.495
49.8518
50.2087
50.5653
50.922
51.2786
51.6351
51.9915
52.3479
52.7042
53.0605
53.4167
53.7728
54.1288
54.4848
54.8407
55.1966
55.5523
55.908
56.2637
56.6192
56.9747
57.3302
57.6855
58.0408
58.396
58.7511
59.1062
59.4612
59.8161
60.171
60.5258
60.8805
61.2351
61.5897
61.9442
62.2986
62.6529
63.0072
63.3614
63.7155
64.0695
64.4235
64.7773
65.1311
65.4849
65.8385
66.1921
66.5456
66.899
67.2523
67.6056
67.9588
68.3119
68.6649
69.0178
69.3707
69.7234
70.0761
70.4287
70.7812
71.1337
71.486
71.8383
72.1905
72.5426
72.8946
73.2465
73.5983
73.9501
74.3017
74.6533
75.0048
75.3562
75.7075
76.0587
76.4098
76.7608
77.1118
77.4626
77.8134
78.164
78.5146
78.865
79.2154
79.5657
79.9159
80.2659
80.6159
80.9658
81.3156
81.6653
82.0148
82.3643
82.7137
83.063
83.4121
83.7612
84.1102
84.459
84.8077
85.1564
85.5049
85.8533
86.2016
86.5498
86.8979
87.2459
87.5937
87.9415
88.2891
88.6366
88.984
89.3312
89.6784
90.0254
90.3723
90.7191
91.0658
91.4123
91.7587
92.105
92.4511
92.7971
93.143
93.4888
93.8344
94.1799
94.5252
94.8704
95.2155
95.5604
95.9052
96.2499
96.5944
96.9387
97.2829
97.627
97.9709
98.3146
98.6582
99.0016
99.3449
99.688
100.031
100.374
100.716
101.059
101.401
101.743
102.085
102.427
102.769
103.11
103.451
103.792
104.133
104.474
104.814
105.154
105.494
105.834
106.174
106.513
106.853
107.192
107.531
107.869
108.208
108.546
108.884
109.221
109.559
109.896
110.233
110.57
110.906
111.242
111.578
111.914
112.25
112.585
112.92
113.254
113.589
113.923
114.256
114.59
114.923
115.256
115.588
115.921
116.253
116.584
116.915
117.246
117.577
117.907
118.237
118.566
118.896
119.224
119.553
119.881
120.209
120.536
120.863
121.19
121.517
121.842
122.168
122.492
122.817
123.14
123.464
123.786
124.109
124.43
124.752
125.073
125.393
125.713
126.032
126.351
126.669
126.987
127.304
127.62
127.936
128.251
128.566
128.88
129.193
129.506
129.818
130.13
130.441
130.751
131.06
131.369
131.677
131.984
132.291
132.597
132.902
133.206
133.51
133.813
134.115
134.416
134.717
135.016
135.315
135.613
135.911
136.207
136.503
136.797
137.091
137.384
137.677
137.968
138.259
138.548
138.837
139.125
139.412
139.699
139.984
140.269
140.553
140.836
141.118
141.399
141.679
141.959
142.238
142.516
142.794
143.07
143.346
143.621
143.896
144.17
144.443
144.715
144.987
145.258
145.529
145.799
146.068
146.337
146.605
146.873
147.141
147.408
147.674
147.941
148.206
148.472
148.737
149.002
149.266
149.531
149.795
150.059
150.322
150.586
150.849
151.113
151.376
151.639
151.902
152.165
152.428
152.691
152.955
153.218
153.481
153.744
154.008
154.271
154.535
154.798
155.062
155.326
155.59
155.855
156.119
156.384
156.649
156.914
157.18
157.445
157.711
157.977
158.244
158.51
158.777
159.044
159.312
159.58
159.848
160.116
160.385
160.653
160.923
161.192
161.462
161.732
162.002
162.273
162.544
162.815
163.087
163.359
163.631
163.904
164.177
164.45
164.723
164.997
165.271
165.546
165.821
166.096
166.371
166.647
166.923
167.199
167.476
167.753
168.031
168.308
168.586
168.865
169.143
169.422
169.702
169.981
170.261
170.542
170.822
171.103
171.385
171.667
171.948
172.231
172.513
172.796
173.08
173.363
173.647
173.932
174.216
174.501
174.787
175.072
175.359
175.645
175.932
176.219
176.506
176.794
177.082
177.37
177.659
177.948
178.237
178.527
178.817
179.107
179.398
179.689
179.981
180.272
180.564
180.857
181.15
181.443
181.736
182.03
182.324
182.619
182.914
183.209
183.504
183.8
184.097
184.393
184.69
184.987
185.285
185.583
185.881
186.18
186.479
186.778
187.078
187.378
187.679
187.979
188.28
188.582
188.884
189.186
189.489
189.791
190.095
190.398
190.702
191.007
191.311
191.616
191.922
192.227
192.533
192.84
193.147
193.454
193.761
194.069
194.378
194.686
194.995
195.304
195.614
195.924
196.235
196.545
196.856
197.168
197.48
197.792
198.104
198.417
198.731
199.044
199.358
199.673
199.988
200.303
200.618
200.934
201.25
201.567
201.884
202.201
202.519
202.837
203.155
203.474
203.793
204.113
204.432
204.753
205.073
205.394
205.716
206.037
206.36
206.682
207.005
207.328
207.652
207.976
208.3
208.625
208.95
209.275
209.601
209.927
210.254
210.581
210.908
211.236
211.564
211.893
212.222
212.551
212.88
213.21
213.541
213.872
214.203
214.534
214.866
215.198
215.531
215.864
216.197
216.531
216.865
217.2
217.535
217.87
218.206
218.542
218.879
219.215
219.553
219.89
220.228
220.567
220.906
221.245
221.584
221.924
222.265
222.605
222.947
223.288
223.63
223.972
224.315
224.658
225.001
225.345
225.69
226.034
226.379
226.725
227.07
227.417
227.763
228.11
228.458
228.805
229.154
229.502
229.851
230.201
230.55
230.9
231.251
231.602
231.953
232.305
232.657
233.01
233.363
233.716
234.07
234.424
234.778
235.133
235.489
235.844
236.201
236.557
236.914
237.271
237.629
237.987
238.346
238.705
239.064
239.424
239.784
240.145
240.506
240.867
241.229
241.591
241.954
242.317
242.68
243.044
243.408
243.773
244.138
244.503
244.869
245.236
245.602
245.969
246.337
246.705
247.073
247.442
247.811
248.181
248.551
248.921
249.292
249.663
250.035
250.407
250.779
251.152
251.526
251.899
252.274
252.648
253.023
253.399
253.774
254.151
254.527
254.904
255.282
255.66
256.038
256.417
256.796
257.176
257.556
257.936
258.317
258.698
259.08
259.462
259.845
260.228
260.611
260.995
261.379
261.764
262.149
262.535
262.921
263.307
263.694
264.081
264.469
264.857
265.246
265.635
266.024
266.414
266.805
267.195
267.586
267.978
268.37
268.763
269.156
269.549
269.943
270.337
270.732
271.127
271.522
271.918
272.315
272.711
273.109
273.506
273.905
274.303
274.702
275.102
275.502
275.902
276.303
276.704
277.106
277.508
277.91
278.313
278.717
279.121
279.525
279.93
280.335
280.741
281.147
281.553
281.96
282.367
282.775
283.183
283.592
284.001
284.411
284.821
285.231
285.642
286.053
286.465
286.877
287.289
287.702
288.115
288.529
288.943
289.357
289.772
290.187
290.602
291.018
291.434
291.851
292.268
292.685
293.102
293.52
293.938
294.356
294.775
295.194
295.613
296.032
296.451
296.871
297.291
297.711
298.131
298.552
298.972
299.393
299.814
300.235
300.656
301.077
301.499
301.92
302.342
302.763
303.185
303.607
304.029
304.451
304.873
305.296
305.718
306.141
306.563
306.986
307.41
307.833
308.257
308.68
309.105
309.529
309.954
310.379
310.805
311.231
311.658
312.085
312.512
312.94
313.369
313.798
314.228
314.659
315.09
315.522
315.955
316.389
316.823
317.258
317.694
318.131
318.569
319.007
319.447
319.887
320.328
320.77
321.213
321.657
322.102
322.547
322.994
323.441
323.889
324.338
324.788
325.238
325.69
326.142
326.595
327.049
327.503
327.959
328.415
328.871
329.329
329.787
330.246
330.706
331.166
331.627
332.088
332.55
333.013
333.476
333.94
334.405
334.87
335.336
335.802
336.269
336.736
337.204
337.673
338.142
338.611
339.081
339.552
340.023
340.494
340.966
341.439
341.912
342.385
342.859
343.334
343.809
344.284
344.76
345.236
345.713
346.19
346.668
347.146
347.624
348.103
348.583
349.062
349.543
350.023
350.504
350.985
351.467
351.949
352.431
352.913
353.396
353.878
354.361
354.843
355.326
355.808
356.29
356.772
357.253
357.733
358.213
358.692
359.169
359.646
360.122
360.597
361.07
361.543
362.014
362.484
362.953
363.422
363.89
364.358
364.825
365.292
365.759
366.227
366.696
367.165
367.635
368.105
368.578
369.051
369.525
370.001
370.478
)
;

boundaryField
{
    sides
    {
        type            calculated;
        value           nonuniform List<scalar> 2(370.957 -16.1433);
    }
    empty
    {
        type            empty;
    }
}


// ************************************************************************* //
