/*--------------------------------*- C++ -*----------------------------------*\
| =========                 |                                                 |
| \\      /  F ield         | OpenFOAM: The Open Source CFD Toolbox           |
|  \\    /   O peration     | Version:  2406                                  |
|   \\  /    A nd           | Website:  www.openfoam.com                      |
|    \\/     M anipulation  |                                                 |
\*---------------------------------------------------------------------------*/
FoamFile
{
    version     2.0;
    format      ascii;
    arch        "LSB;label=32;scalar=64";
    class       volScalarField;
    location    "0.035";
    object      T;
}
// * * * * * * * * * * * * * * * * * * * * * * * * * * * * * * * * * * * * * //

dimensions      [0 0 0 1 0 0 0];

internalField   nonuniform List<scalar> 
1000
(
202.442
202.46
202.488
202.517
202.546
202.575
202.605
202.635
202.663
202.69
202.717
202.745
202.775
202.806
202.836
202.864
202.89
202.913
202.936
202.96
202.986
203.016
203.047
203.079
203.111
203.141
203.167
203.188
203.205
203.217
203.224
203.228
203.23
203.23
203.23
203.23
203.228
203.222
203.213
203.204
203.195
203.186
203.176
203.166
203.157
203.147
203.138
203.128
203.119
203.109
203.1
203.09
203.081
203.071
203.062
203.052
203.043
203.033
203.025
203.014
203.006
202.994
202.988
202.975
202.969
202.957
202.95
202.938
202.932
202.919
202.913
202.9
202.894
202.882
202.874
202.865
202.854
202.847
202.835
202.827
202.818
202.808
202.799
202.789
202.78
202.771
202.761
202.752
202.743
202.733
202.724
202.715
202.705
202.697
202.687
202.677
202.669
202.659
202.65
202.641
202.631
202.622
202.613
202.604
202.594
202.585
202.576
202.566
202.557
202.548
202.539
202.53
202.521
202.511
202.502
202.493
202.484
202.475
202.465
202.456
202.447
202.438
202.429
202.42
202.411
202.401
202.392
202.383
202.374
202.365
202.356
202.347
202.338
202.329
202.32
202.311
202.302
202.293
202.284
202.275
202.266
202.257
202.248
202.239
202.23
202.221
202.212
202.203
202.194
202.185
202.176
202.167
202.158
202.149
202.141
202.132
202.123
202.114
202.105
202.096
202.088
202.079
202.07
202.061
202.053
202.044
202.035
202.026
202.018
202.009
202
201.992
201.983
201.975
201.966
201.957
201.949
201.94
201.932
201.923
201.915
201.906
201.898
201.889
201.881
201.873
201.864
201.856
201.848
201.839
201.831
201.823
201.814
201.806
201.798
201.79
201.782
201.773
201.765
201.757
201.749
201.741
201.733
201.725
201.717
201.709
201.701
201.693
201.686
201.678
201.67
201.662
201.655
201.647
201.639
201.632
201.624
201.617
201.609
201.602
201.594
201.587
201.579
201.572
201.565
201.558
201.55
201.543
201.536
201.529
201.522
201.515
201.508
201.501
201.494
201.488
201.481
201.474
201.468
201.461
201.455
201.448
201.442
201.435
201.429
201.423
201.417
201.411
201.405
201.399
201.393
201.387
201.381
201.376
201.37
201.365
201.359
201.354
201.349
201.344
201.339
201.334
201.329
201.324
201.319
201.315
201.31
201.306
201.301
201.297
201.293
201.289
201.285
201.282
201.278
201.275
201.271
201.268
201.265
201.262
201.259
201.256
201.254
201.251
201.249
201.247
201.245
201.243
201.242
201.24
201.239
201.238
201.237
201.236
201.235
201.235
201.235
201.235
201.235
201.235
201.235
201.236
201.237
201.238
201.24
201.242
201.244
201.246
201.249
201.251
201.255
201.258
201.262
201.265
201.27
201.274
201.279
201.284
201.289
201.295
201.301
201.308
201.314
201.322
201.329
201.337
201.345
201.354
201.363
201.372
201.382
201.392
201.402
201.413
201.425
201.437
201.449
201.462
201.475
201.489
201.503
201.518
201.533
201.548
201.565
201.581
201.598
201.616
201.634
201.653
201.672
201.692
201.712
201.733
201.755
201.777
201.799
201.822
201.846
201.87
201.895
201.92
201.946
201.973
202
202.028
202.056
202.085
202.114
202.144
202.174
202.205
202.237
202.269
202.302
202.335
202.368
202.403
202.437
202.472
202.508
202.544
202.581
202.618
202.656
202.694
202.732
202.771
202.81
202.85
202.89
202.93
202.971
203.012
203.053
203.095
203.137
203.179
203.222
203.265
203.308
203.351
203.395
203.439
203.483
203.527
203.572
203.616
203.661
203.706
203.751
203.797
203.842
203.888
203.934
203.979
204.025
204.072
204.118
204.164
204.21
204.257
204.303
204.35
204.397
204.443
204.49
204.537
204.584
204.631
204.678
204.725
204.772
204.819
204.867
204.914
204.961
205.008
205.056
205.103
205.151
205.198
205.246
205.293
205.341
205.388
205.436
205.483
205.531
205.579
205.626
205.674
205.722
205.769
205.817
205.865
205.913
205.96
206.008
206.056
206.104
206.152
206.2
206.248
206.296
206.344
206.392
206.44
206.488
206.536
206.584
206.632
206.68
206.728
206.777
206.825
206.873
206.921
206.969
207.018
207.066
207.114
207.162
207.211
207.259
207.308
207.356
207.404
207.453
207.501
207.55
207.598
207.647
207.695
207.744
207.792
207.841
207.89
207.938
207.987
208.035
208.084
208.133
208.182
208.23
208.279
208.328
208.377
208.425
208.474
208.523
208.572
208.621
208.67
208.719
208.768
208.817
208.866
208.915
208.964
209.013
209.062
209.111
209.16
209.209
209.259
209.308
209.357
209.406
209.455
209.504
209.554
209.603
209.652
209.702
209.751
209.8
209.85
209.899
209.949
209.998
210.048
210.097
210.146
210.196
210.246
210.295
210.345
210.394
210.444
210.493
210.543
210.593
210.642
210.692
210.742
210.792
210.841
210.891
210.941
210.991
211.041
211.09
211.14
211.19
211.24
211.29
211.34
211.39
211.44
211.49
211.54
211.59
211.64
211.69
211.74
211.79
211.841
211.891
211.941
211.991
212.041
212.092
212.142
212.192
212.242
212.293
212.343
212.393
212.444
212.494
212.545
212.595
212.646
212.696
212.747
212.797
212.848
212.898
212.949
212.999
213.05
213.101
213.151
213.202
213.253
213.303
213.354
213.405
213.456
213.506
213.557
213.608
213.659
213.71
213.761
213.811
213.862
213.913
213.964
214.015
214.066
214.117
214.168
214.219
214.27
214.321
214.373
214.424
214.475
214.526
214.577
214.628
214.68
214.731
214.782
214.833
214.885
214.936
214.987
215.039
215.09
215.142
215.193
215.244
215.296
215.347
215.399
215.45
215.502
215.553
215.605
215.657
215.708
215.76
215.811
215.863
215.915
215.966
216.018
216.07
216.122
216.173
216.225
216.277
216.329
216.381
216.433
216.484
216.536
216.588
216.64
216.692
216.744
216.796
216.848
216.9
216.952
217.004
217.056
217.109
217.161
217.213
217.265
217.317
217.369
217.422
217.474
217.526
217.578
217.631
217.683
217.735
217.788
217.84
217.893
217.945
217.997
218.05
218.102
218.155
218.207
218.26
218.312
218.365
218.417
218.47
218.523
218.575
218.628
218.681
218.733
218.786
218.839
218.891
218.944
218.997
219.05
219.102
219.155
219.208
219.261
219.314
219.367
219.42
219.473
219.525
219.578
219.631
219.684
219.737
219.79
219.843
219.897
219.95
220.003
220.056
220.109
220.162
220.215
220.268
220.322
220.375
220.428
220.481
220.534
220.588
220.641
220.694
220.748
220.801
220.854
220.908
220.961
221.014
221.068
221.121
221.175
221.228
221.282
221.335
221.389
221.442
221.496
221.549
221.603
221.656
221.71
221.763
221.817
221.871
221.924
221.978
222.032
222.085
222.139
222.193
222.246
222.3
222.354
222.408
222.461
222.515
222.569
222.623
222.677
222.73
222.784
222.838
222.892
222.946
223
223.054
223.108
223.162
223.216
223.27
223.324
223.378
223.432
223.486
223.54
223.594
223.648
223.702
223.756
223.811
223.865
223.919
223.974
224.028
224.082
224.137
224.191
224.246
224.3
224.355
224.41
224.465
224.519
224.574
224.629
224.684
224.74
224.795
224.85
224.906
224.962
225.018
225.074
225.13
225.186
225.242
225.299
225.356
225.413
225.47
225.528
225.586
225.644
225.702
225.761
225.819
225.878
225.938
225.998
226.057
226.118
226.178
226.24
226.301
226.363
226.425
226.487
226.55
226.613
226.676
226.74
226.804
226.869
226.933
226.998
227.063
227.129
227.194
227.261
227.326
227.394
227.458
227.527
227.591
227.661
227.725
227.795
227.858
227.929
227.992
228.063
228.125
228.197
228.257
228.33
228.389
228.463
228.521
228.595
228.651
228.725
228.78
228.855
228.908
228.983
229.035
229.111
229.16
229.237
229.285
229.361
229.408
229.485
229.529
229.607
229.65
229.728
229.77
229.848
229.889
229.966
230.006
230.084
230.123
230.201
230.24
230.317
230.355
230.432
230.47
230.546
230.584
230.66
230.698
230.774
230.812
230.887
230.924
231
231.037
231.112
231.149
231.224
231.261
231.336
231.373
231.448
231.485
231.559
231.597
231.671
231.708
231.782
231.82
231.894
231.931
232.005
232.042
232.117
232.154
232.228
232.266
232.34
232.377
232.452
232.489
232.564
232.601
232.676
232.713
232.788
232.826
232.901
232.939
233.015
233.053
233.13
233.169
233.246
233.285
233.364
233.404
233.485
233.527
233.61
233.652
233.738
233.783
233.873
233.919
234.013
234.062
234.16
234.211
234.313
234.366
234.473
234.528
234.638
234.695
234.808
234.865
234.98
235.037
235.153
235.21
235.326
235.383
235.497
235.552
235.672
235.711
235.858
)
;

boundaryField
{
    sides
    {
        type            zeroGradient;
    }
    empty
    {
        type            empty;
    }
}


// ************************************************************************* //
