/*--------------------------------*- C++ -*----------------------------------*\
| =========                 |                                                 |
| \\      /  F ield         | OpenFOAM: The Open Source CFD Toolbox           |
|  \\    /   O peration     | Version:  2406                                  |
|   \\  /    A nd           | Website:  www.openfoam.com                      |
|    \\/     M anipulation  |                                                 |
\*---------------------------------------------------------------------------*/
FoamFile
{
    version     2.0;
    format      ascii;
    arch        "LSB;label=32;scalar=64";
    class       volVectorField;
    location    "0.035";
    object      U;
}
// * * * * * * * * * * * * * * * * * * * * * * * * * * * * * * * * * * * * * //

dimensions      [0 1 -1 0 0 0 0];

internalField   nonuniform List<vector> 
1000
(
(15.3757 0 0)
(15.7699 0 0)
(16.2297 0 0)
(16.6069 0 0)
(16.945 0 0)
(17.2841 0 0)
(17.6311 0 0)
(17.9811 0 0)
(18.3308 0 0)
(18.6797 0 0)
(19.0284 0 0)
(19.3772 0 0)
(19.7261 0 0)
(20.0751 0 0)
(20.4241 0 0)
(20.7732 0 0)
(21.1222 0 0)
(21.4713 0 0)
(21.8203 0 0)
(22.1694 0 0)
(22.5185 0 0)
(22.8677 0 0)
(23.2169 0 0)
(23.5662 0 0)
(23.9155 0 0)
(24.2648 0 0)
(24.6143 0 0)
(24.9637 0 0)
(25.3131 0 0)
(25.6626 0 0)
(26.0121 0 0)
(26.3616 0 0)
(26.7111 0 0)
(27.0606 0 0)
(27.4101 0 0)
(27.7597 0 0)
(28.1093 0 0)
(28.459 0 0)
(28.8087 0 0)
(29.1583 0 0)
(29.508 0 0)
(29.8578 0 0)
(30.2075 0 0)
(30.5573 0 0)
(30.9071 0 0)
(31.2569 0 0)
(31.6067 0 0)
(31.9566 0 0)
(32.3065 0 0)
(32.6564 0 0)
(33.0063 0 0)
(33.3563 0 0)
(33.7063 0 0)
(34.0563 0 0)
(34.4063 0 0)
(34.7564 0 0)
(35.1065 0 0)
(35.4566 0 0)
(35.8067 0 0)
(36.1569 0 0)
(36.507 0 0)
(36.8572 0 0)
(37.2074 0 0)
(37.5577 0 0)
(37.9079 0 0)
(38.2582 0 0)
(38.6085 0 0)
(38.9588 0 0)
(39.3092 0 0)
(39.6595 0 0)
(40.0099 0 0)
(40.3603 0 0)
(40.7107 0 0)
(41.0612 0 0)
(41.4116 0 0)
(41.7621 0 0)
(42.1126 0 0)
(42.4631 0 0)
(42.8136 0 0)
(43.1642 0 0)
(43.5147 0 0)
(43.8653 0 0)
(44.2159 0 0)
(44.5665 0 0)
(44.9171 0 0)
(45.2678 0 0)
(45.6185 0 0)
(45.9691 0 0)
(46.3198 0 0)
(46.6705 0 0)
(47.0212 0 0)
(47.372 0 0)
(47.7227 0 0)
(48.0735 0 0)
(48.4243 0 0)
(48.775 0 0)
(49.1258 0 0)
(49.4767 0 0)
(49.8275 0 0)
(50.1783 0 0)
(50.5292 0 0)
(50.88 0 0)
(51.2309 0 0)
(51.5818 0 0)
(51.9326 0 0)
(52.2835 0 0)
(52.6344 0 0)
(52.9854 0 0)
(53.3363 0 0)
(53.6872 0 0)
(54.0382 0 0)
(54.3891 0 0)
(54.7401 0 0)
(55.091 0 0)
(55.442 0 0)
(55.793 0 0)
(56.1439 0 0)
(56.4949 0 0)
(56.8459 0 0)
(57.1969 0 0)
(57.5479 0 0)
(57.8989 0 0)
(58.2499 0 0)
(58.6009 0 0)
(58.9519 0 0)
(59.3029 0 0)
(59.6539 0 0)
(60.0049 0 0)
(60.3559 0 0)
(60.7069 0 0)
(61.0579 0 0)
(61.4089 0 0)
(61.7599 0 0)
(62.1109 0 0)
(62.4619 0 0)
(62.8129 0 0)
(63.1639 0 0)
(63.5149 0 0)
(63.8659 0 0)
(64.2168 0 0)
(64.5678 0 0)
(64.9187 0 0)
(65.2697 0 0)
(65.6206 0 0)
(65.9716 0 0)
(66.3225 0 0)
(66.6734 0 0)
(67.0243 0 0)
(67.3752 0 0)
(67.7261 0 0)
(68.0769 0 0)
(68.4278 0 0)
(68.7786 0 0)
(69.1294 0 0)
(69.4802 0 0)
(69.831 0 0)
(70.1818 0 0)
(70.5325 0 0)
(70.8833 0 0)
(71.234 0 0)
(71.5847 0 0)
(71.9353 0 0)
(72.286 0 0)
(72.6366 0 0)
(72.9872 0 0)
(73.3378 0 0)
(73.6883 0 0)
(74.0388 0 0)
(74.3893 0 0)
(74.7398 0 0)
(75.0902 0 0)
(75.4406 0 0)
(75.791 0 0)
(76.1414 0 0)
(76.4917 0 0)
(76.8419 0 0)
(77.1922 0 0)
(77.5424 0 0)
(77.8925 0 0)
(78.2427 0 0)
(78.5927 0 0)
(78.9428 0 0)
(79.2928 0 0)
(79.6427 0 0)
(79.9926 0 0)
(80.3425 0 0)
(80.6923 0 0)
(81.0421 0 0)
(81.3918 0 0)
(81.7414 0 0)
(82.091 0 0)
(82.4406 0 0)
(82.7901 0 0)
(83.1395 0 0)
(83.4889 0 0)
(83.8382 0 0)
(84.1875 0 0)
(84.5367 0 0)
(84.8858 0 0)
(85.2348 0 0)
(85.5838 0 0)
(85.9327 0 0)
(86.2816 0 0)
(86.6303 0 0)
(86.979 0 0)
(87.3276 0 0)
(87.6762 0 0)
(88.0246 0 0)
(88.373 0 0)
(88.7213 0 0)
(89.0694 0 0)
(89.4175 0 0)
(89.7655 0 0)
(90.1134 0 0)
(90.4613 0 0)
(90.809 0 0)
(91.1566 0 0)
(91.5041 0 0)
(91.8515 0 0)
(92.1987 0 0)
(92.5459 0 0)
(92.893 0 0)
(93.2399 0 0)
(93.5867 0 0)
(93.9334 0 0)
(94.28 0 0)
(94.6264 0 0)
(94.9727 0 0)
(95.3188 0 0)
(95.6649 0 0)
(96.0107 0 0)
(96.3565 0 0)
(96.7021 0 0)
(97.0475 0 0)
(97.3928 0 0)
(97.7379 0 0)
(98.0828 0 0)
(98.4276 0 0)
(98.7722 0 0)
(99.1166 0 0)
(99.4609 0 0)
(99.8049 0 0)
(100.149 0 0)
(100.493 0 0)
(100.836 0 0)
(101.179 0 0)
(101.522 0 0)
(101.865 0 0)
(102.208 0 0)
(102.55 0 0)
(102.892 0 0)
(103.234 0 0)
(103.576 0 0)
(103.918 0 0)
(104.259 0 0)
(104.6 0 0)
(104.941 0 0)
(105.281 0 0)
(105.621 0 0)
(105.961 0 0)
(106.301 0 0)
(106.64 0 0)
(106.979 0 0)
(107.318 0 0)
(107.656 0 0)
(107.994 0 0)
(108.332 0 0)
(108.669 0 0)
(109.006 0 0)
(109.343 0 0)
(109.679 0 0)
(110.015 0 0)
(110.351 0 0)
(110.686 0 0)
(111.021 0 0)
(111.355 0 0)
(111.689 0 0)
(112.022 0 0)
(112.355 0 0)
(112.688 0 0)
(113.02 0 0)
(113.352 0 0)
(113.683 0 0)
(114.014 0 0)
(114.344 0 0)
(114.674 0 0)
(115.003 0 0)
(115.331 0 0)
(115.659 0 0)
(115.987 0 0)
(116.314 0 0)
(116.64 0 0)
(116.966 0 0)
(117.291 0 0)
(117.616 0 0)
(117.939 0 0)
(118.263 0 0)
(118.586 0 0)
(118.908 0 0)
(119.23 0 0)
(119.551 0 0)
(119.871 0 0)
(120.19 0 0)
(120.508 0 0)
(120.826 0 0)
(121.142 0 0)
(121.458 0 0)
(121.772 0 0)
(122.086 0 0)
(122.399 0 0)
(122.711 0 0)
(123.022 0 0)
(123.332 0 0)
(123.641 0 0)
(123.95 0 0)
(124.257 0 0)
(124.563 0 0)
(124.868 0 0)
(125.172 0 0)
(125.475 0 0)
(125.777 0 0)
(126.077 0 0)
(126.377 0 0)
(126.675 0 0)
(126.972 0 0)
(127.268 0 0)
(127.562 0 0)
(127.856 0 0)
(128.147 0 0)
(128.438 0 0)
(128.727 0 0)
(129.015 0 0)
(129.301 0 0)
(129.586 0 0)
(129.869 0 0)
(130.151 0 0)
(130.432 0 0)
(130.711 0 0)
(130.988 0 0)
(131.264 0 0)
(131.538 0 0)
(131.81 0 0)
(132.081 0 0)
(132.35 0 0)
(132.617 0 0)
(132.883 0 0)
(133.147 0 0)
(133.409 0 0)
(133.669 0 0)
(133.927 0 0)
(134.184 0 0)
(134.439 0 0)
(134.692 0 0)
(134.943 0 0)
(135.192 0 0)
(135.439 0 0)
(135.685 0 0)
(135.928 0 0)
(136.17 0 0)
(136.41 0 0)
(136.647 0 0)
(136.883 0 0)
(137.117 0 0)
(137.349 0 0)
(137.579 0 0)
(137.807 0 0)
(138.033 0 0)
(138.257 0 0)
(138.479 0 0)
(138.7 0 0)
(138.918 0 0)
(139.135 0 0)
(139.35 0 0)
(139.563 0 0)
(139.774 0 0)
(139.984 0 0)
(140.192 0 0)
(140.398 0 0)
(140.602 0 0)
(140.805 0 0)
(141.006 0 0)
(141.205 0 0)
(141.403 0 0)
(141.599 0 0)
(141.794 0 0)
(141.988 0 0)
(142.18 0 0)
(142.37 0 0)
(142.56 0 0)
(142.748 0 0)
(142.935 0 0)
(143.12 0 0)
(143.305 0 0)
(143.488 0 0)
(143.67 0 0)
(143.851 0 0)
(144.032 0 0)
(144.211 0 0)
(144.389 0 0)
(144.567 0 0)
(144.743 0 0)
(144.919 0 0)
(145.095 0 0)
(145.269 0 0)
(145.443 0 0)
(145.616 0 0)
(145.789 0 0)
(145.961 0 0)
(146.132 0 0)
(146.303 0 0)
(146.474 0 0)
(146.644 0 0)
(146.814 0 0)
(146.984 0 0)
(147.153 0 0)
(147.321 0 0)
(147.49 0 0)
(147.658 0 0)
(147.826 0 0)
(147.994 0 0)
(148.161 0 0)
(148.329 0 0)
(148.496 0 0)
(148.663 0 0)
(148.83 0 0)
(148.997 0 0)
(149.164 0 0)
(149.33 0 0)
(149.497 0 0)
(149.663 0 0)
(149.829 0 0)
(149.996 0 0)
(150.162 0 0)
(150.328 0 0)
(150.494 0 0)
(150.661 0 0)
(150.827 0 0)
(150.993 0 0)
(151.159 0 0)
(151.325 0 0)
(151.491 0 0)
(151.658 0 0)
(151.824 0 0)
(151.99 0 0)
(152.156 0 0)
(152.323 0 0)
(152.489 0 0)
(152.655 0 0)
(152.821 0 0)
(152.988 0 0)
(153.154 0 0)
(153.321 0 0)
(153.487 0 0)
(153.653 0 0)
(153.82 0 0)
(153.987 0 0)
(154.153 0 0)
(154.32 0 0)
(154.486 0 0)
(154.653 0 0)
(154.82 0 0)
(154.987 0 0)
(155.154 0 0)
(155.32 0 0)
(155.487 0 0)
(155.654 0 0)
(155.821 0 0)
(155.988 0 0)
(156.156 0 0)
(156.323 0 0)
(156.49 0 0)
(156.657 0 0)
(156.824 0 0)
(156.992 0 0)
(157.159 0 0)
(157.326 0 0)
(157.494 0 0)
(157.661 0 0)
(157.829 0 0)
(157.997 0 0)
(158.164 0 0)
(158.332 0 0)
(158.5 0 0)
(158.667 0 0)
(158.835 0 0)
(159.003 0 0)
(159.171 0 0)
(159.339 0 0)
(159.507 0 0)
(159.675 0 0)
(159.843 0 0)
(160.011 0 0)
(160.179 0 0)
(160.347 0 0)
(160.515 0 0)
(160.684 0 0)
(160.852 0 0)
(161.02 0 0)
(161.189 0 0)
(161.357 0 0)
(161.526 0 0)
(161.694 0 0)
(161.863 0 0)
(162.032 0 0)
(162.2 0 0)
(162.369 0 0)
(162.538 0 0)
(162.706 0 0)
(162.875 0 0)
(163.044 0 0)
(163.213 0 0)
(163.382 0 0)
(163.551 0 0)
(163.72 0 0)
(163.889 0 0)
(164.058 0 0)
(164.228 0 0)
(164.397 0 0)
(164.566 0 0)
(164.736 0 0)
(164.905 0 0)
(165.074 0 0)
(165.244 0 0)
(165.413 0 0)
(165.583 0 0)
(165.752 0 0)
(165.922 0 0)
(166.092 0 0)
(166.261 0 0)
(166.431 0 0)
(166.601 0 0)
(166.771 0 0)
(166.941 0 0)
(167.111 0 0)
(167.281 0 0)
(167.451 0 0)
(167.621 0 0)
(167.791 0 0)
(167.961 0 0)
(168.131 0 0)
(168.302 0 0)
(168.472 0 0)
(168.642 0 0)
(168.813 0 0)
(168.983 0 0)
(169.154 0 0)
(169.324 0 0)
(169.495 0 0)
(169.665 0 0)
(169.836 0 0)
(170.007 0 0)
(170.177 0 0)
(170.348 0 0)
(170.519 0 0)
(170.69 0 0)
(170.861 0 0)
(171.032 0 0)
(171.203 0 0)
(171.374 0 0)
(171.545 0 0)
(171.716 0 0)
(171.887 0 0)
(172.058 0 0)
(172.229 0 0)
(172.401 0 0)
(172.572 0 0)
(172.744 0 0)
(172.915 0 0)
(173.086 0 0)
(173.258 0 0)
(173.429 0 0)
(173.601 0 0)
(173.773 0 0)
(173.944 0 0)
(174.116 0 0)
(174.288 0 0)
(174.46 0 0)
(174.632 0 0)
(174.803 0 0)
(174.975 0 0)
(175.147 0 0)
(175.319 0 0)
(175.492 0 0)
(175.664 0 0)
(175.836 0 0)
(176.008 0 0)
(176.18 0 0)
(176.352 0 0)
(176.525 0 0)
(176.697 0 0)
(176.87 0 0)
(177.042 0 0)
(177.215 0 0)
(177.387 0 0)
(177.56 0 0)
(177.732 0 0)
(177.905 0 0)
(178.078 0 0)
(178.25 0 0)
(178.423 0 0)
(178.596 0 0)
(178.769 0 0)
(178.942 0 0)
(179.115 0 0)
(179.288 0 0)
(179.461 0 0)
(179.634 0 0)
(179.807 0 0)
(179.98 0 0)
(180.153 0 0)
(180.327 0 0)
(180.5 0 0)
(180.673 0 0)
(180.847 0 0)
(181.02 0 0)
(181.194 0 0)
(181.367 0 0)
(181.541 0 0)
(181.714 0 0)
(181.888 0 0)
(182.062 0 0)
(182.235 0 0)
(182.409 0 0)
(182.583 0 0)
(182.757 0 0)
(182.93 0 0)
(183.104 0 0)
(183.278 0 0)
(183.452 0 0)
(183.626 0 0)
(183.8 0 0)
(183.975 0 0)
(184.149 0 0)
(184.323 0 0)
(184.497 0 0)
(184.672 0 0)
(184.846 0 0)
(185.02 0 0)
(185.195 0 0)
(185.369 0 0)
(185.544 0 0)
(185.718 0 0)
(185.893 0 0)
(186.067 0 0)
(186.242 0 0)
(186.417 0 0)
(186.591 0 0)
(186.766 0 0)
(186.941 0 0)
(187.116 0 0)
(187.291 0 0)
(187.466 0 0)
(187.641 0 0)
(187.816 0 0)
(187.991 0 0)
(188.166 0 0)
(188.341 0 0)
(188.516 0 0)
(188.691 0 0)
(188.867 0 0)
(189.042 0 0)
(189.217 0 0)
(189.393 0 0)
(189.568 0 0)
(189.744 0 0)
(189.919 0 0)
(190.095 0 0)
(190.27 0 0)
(190.446 0 0)
(190.621 0 0)
(190.797 0 0)
(190.973 0 0)
(191.149 0 0)
(191.324 0 0)
(191.5 0 0)
(191.676 0 0)
(191.852 0 0)
(192.028 0 0)
(192.204 0 0)
(192.38 0 0)
(192.556 0 0)
(192.732 0 0)
(192.909 0 0)
(193.085 0 0)
(193.261 0 0)
(193.437 0 0)
(193.614 0 0)
(193.79 0 0)
(193.966 0 0)
(194.143 0 0)
(194.319 0 0)
(194.496 0 0)
(194.672 0 0)
(194.849 0 0)
(195.026 0 0)
(195.202 0 0)
(195.379 0 0)
(195.556 0 0)
(195.733 0 0)
(195.909 0 0)
(196.086 0 0)
(196.263 0 0)
(196.44 0 0)
(196.617 0 0)
(196.794 0 0)
(196.971 0 0)
(197.148 0 0)
(197.325 0 0)
(197.503 0 0)
(197.68 0 0)
(197.857 0 0)
(198.034 0 0)
(198.212 0 0)
(198.389 0 0)
(198.567 0 0)
(198.744 0 0)
(198.921 0 0)
(199.099 0 0)
(199.276 0 0)
(199.454 0 0)
(199.632 0 0)
(199.809 0 0)
(199.987 0 0)
(200.165 0 0)
(200.343 0 0)
(200.52 0 0)
(200.698 0 0)
(200.876 0 0)
(201.054 0 0)
(201.232 0 0)
(201.41 0 0)
(201.588 0 0)
(201.766 0 0)
(201.944 0 0)
(202.122 0 0)
(202.301 0 0)
(202.479 0 0)
(202.657 0 0)
(202.835 0 0)
(203.014 0 0)
(203.192 0 0)
(203.37 0 0)
(203.549 0 0)
(203.727 0 0)
(203.906 0 0)
(204.084 0 0)
(204.263 0 0)
(204.442 0 0)
(204.62 0 0)
(204.799 0 0)
(204.978 0 0)
(205.157 0 0)
(205.335 0 0)
(205.514 0 0)
(205.693 0 0)
(205.872 0 0)
(206.051 0 0)
(206.23 0 0)
(206.409 0 0)
(206.588 0 0)
(206.767 0 0)
(206.946 0 0)
(207.125 0 0)
(207.304 0 0)
(207.484 0 0)
(207.663 0 0)
(207.842 0 0)
(208.022 0 0)
(208.201 0 0)
(208.38 0 0)
(208.56 0 0)
(208.739 0 0)
(208.919 0 0)
(209.098 0 0)
(209.278 0 0)
(209.457 0 0)
(209.637 0 0)
(209.817 0 0)
(209.997 0 0)
(210.176 0 0)
(210.356 0 0)
(210.536 0 0)
(210.716 0 0)
(210.896 0 0)
(211.075 0 0)
(211.255 0 0)
(211.435 0 0)
(211.615 0 0)
(211.795 0 0)
(211.975 0 0)
(212.156 0 0)
(212.336 0 0)
(212.516 0 0)
(212.696 0 0)
(212.876 0 0)
(213.056 0 0)
(213.237 0 0)
(213.417 0 0)
(213.597 0 0)
(213.777 0 0)
(213.958 0 0)
(214.138 0 0)
(214.318 0 0)
(214.498 0 0)
(214.679 0 0)
(214.859 0 0)
(215.039 0 0)
(215.219 0 0)
(215.4 0 0)
(215.58 0 0)
(215.76 0 0)
(215.94 0 0)
(216.12 0 0)
(216.3 0 0)
(216.48 0 0)
(216.659 0 0)
(216.839 0 0)
(217.018 0 0)
(217.198 0 0)
(217.377 0 0)
(217.556 0 0)
(217.735 0 0)
(217.913 0 0)
(218.092 0 0)
(218.27 0 0)
(218.447 0 0)
(218.625 0 0)
(218.802 0 0)
(218.979 0 0)
(219.155 0 0)
(219.331 0 0)
(219.506 0 0)
(219.681 0 0)
(219.855 0 0)
(220.029 0 0)
(220.202 0 0)
(220.375 0 0)
(220.547 0 0)
(220.718 0 0)
(220.889 0 0)
(221.058 0 0)
(221.227 0 0)
(221.395 0 0)
(221.563 0 0)
(221.729 0 0)
(221.894 0 0)
(222.059 0 0)
(222.222 0 0)
(222.384 0 0)
(222.546 0 0)
(222.706 0 0)
(222.866 0 0)
(223.024 0 0)
(223.181 0 0)
(223.338 0 0)
(223.493 0 0)
(223.647 0 0)
(223.8 0 0)
(223.953 0 0)
(224.104 0 0)
(224.254 0 0)
(224.404 0 0)
(224.553 0 0)
(224.701 0 0)
(224.848 0 0)
(224.995 0 0)
(225.141 0 0)
(225.286 0 0)
(225.431 0 0)
(225.576 0 0)
(225.721 0 0)
(225.865 0 0)
(226.009 0 0)
(226.153 0 0)
(226.297 0 0)
(226.442 0 0)
(226.586 0 0)
(226.731 0 0)
(226.876 0 0)
(227.022 0 0)
(227.168 0 0)
(227.315 0 0)
(227.463 0 0)
(227.611 0 0)
(227.76 0 0)
(227.91 0 0)
(228.061 0 0)
(228.213 0 0)
(228.366 0 0)
(228.52 0 0)
(228.675 0 0)
(228.831 0 0)
(228.988 0 0)
(229.147 0 0)
(229.306 0 0)
(229.467 0 0)
(229.629 0 0)
(229.791 0 0)
(229.955 0 0)
(230.12 0 0)
(230.287 0 0)
(230.454 0 0)
(230.622 0 0)
(230.791 0 0)
(230.962 0 0)
(231.133 0 0)
(231.305 0 0)
(231.478 0 0)
(231.652 0 0)
(231.826 0 0)
(232.002 0 0)
(232.178 0 0)
(232.355 0 0)
(232.532 0 0)
(232.711 0 0)
(232.89 0 0)
(233.069 0 0)
(233.249 0 0)
(233.43 0 0)
(233.611 0 0)
(233.792 0 0)
(233.974 0 0)
(234.157 0 0)
(234.339 0 0)
(234.523 0 0)
(234.706 0 0)
(234.89 0 0)
(235.074 0 0)
(235.258 0 0)
(235.443 0 0)
(235.628 0 0)
(235.813 0 0)
(235.998 0 0)
(236.184 0 0)
(236.37 0 0)
(236.556 0 0)
(236.742 0 0)
(236.928 0 0)
(237.114 0 0)
(237.3 0 0)
(237.487 0 0)
(237.673 0 0)
(237.86 0 0)
(238.046 0 0)
(238.233 0 0)
(238.42 0 0)
(238.606 0 0)
(238.793 0 0)
(238.979 0 0)
(239.166 0 0)
(239.353 0 0)
(239.539 0 0)
(239.725 0 0)
(239.912 0 0)
(240.098 0 0)
(240.284 0 0)
(240.469 0 0)
(240.655 0 0)
(240.84 0 0)
(241.025 0 0)
(241.209 0 0)
(241.393 0 0)
(241.576 0 0)
(241.758 0 0)
(241.939 0 0)
(242.118 0 0)
(242.297 0 0)
(242.473 0 0)
(242.647 0 0)
(242.819 0 0)
(242.989 0 0)
(243.155 0 0)
(243.318 0 0)
(243.477 0 0)
(243.631 0 0)
(243.782 0 0)
(243.927 0 0)
(244.068 0 0)
(244.203 0 0)
(244.333 0 0)
(244.457 0 0)
(244.576 0 0)
(244.69 0 0)
(244.8 0 0)
(244.904 0 0)
(245.005 0 0)
(245.102 0 0)
(245.196 0 0)
(245.288 0 0)
(245.378 0 0)
(245.467 0 0)
(245.556 0 0)
(245.645 0 0)
(245.735 0 0)
(245.826 0 0)
(245.919 0 0)
(246.016 0 0)
(246.114 0 0)
(246.218 0 0)
(246.493 0 0)
)
;

boundaryField
{
    sides
    {
        type            zeroGradient;
    }
    empty
    {
        type            empty;
    }
}


// ************************************************************************* //
