/*--------------------------------*- C++ -*----------------------------------*\
| =========                 |                                                 |
| \\      /  F ield         | OpenFOAM: The Open Source CFD Toolbox           |
|  \\    /   O peration     | Version:  2406                                  |
|   \\  /    A nd           | Website:  www.openfoam.com                      |
|    \\/     M anipulation  |                                                 |
\*---------------------------------------------------------------------------*/
FoamFile
{
    version     2.0;
    format      ascii;
    arch        "LSB;label=32;scalar=64";
    class       volScalarField;
    location    "0.033";
    object      mag(U);
}
// * * * * * * * * * * * * * * * * * * * * * * * * * * * * * * * * * * * * * //

dimensions      [0 1 -1 0 0 0 0];

internalField   nonuniform List<scalar> 
1000
(
14.4989
14.931
15.4214
15.8236
16.187
16.5525
16.9264
17.303
17.6792
18.0547
18.43
18.8055
19.1811
19.5567
19.9323
20.3078
20.6834
21.0591
21.4349
21.8107
22.1866
22.5625
22.9385
23.3146
23.6906
24.0666
24.4427
24.8187
25.1948
25.5709
25.9471
26.3233
26.6995
27.0758
27.4521
27.8284
28.2047
28.5811
28.9575
29.3339
29.7104
30.0869
30.4634
30.84
31.2166
31.5932
31.9699
32.3465
32.7233
33.1
33.4768
33.8536
34.2304
34.6073
34.9842
35.3611
35.7381
36.1151
36.4921
36.8692
37.2463
37.6234
38.0005
38.3777
38.7549
39.1321
39.5093
39.8866
40.2639
40.6413
41.0186
41.396
41.7734
42.1509
42.5284
42.9059
43.2834
43.6609
44.0385
44.4161
44.7938
45.1714
45.5491
45.9268
46.3045
46.6823
47.0601
47.4379
47.8157
48.1936
48.5714
48.9493
49.3273
49.7052
50.0832
50.4612
50.8392
51.2172
51.5953
51.9734
52.3515
52.7296
53.1078
53.4859
53.8641
54.2423
54.6205
54.9988
55.3771
55.7553
56.1337
56.512
56.8903
57.2687
57.6471
58.0255
58.4039
58.7823
59.1608
59.5392
59.9177
60.2962
60.6747
61.0533
61.4318
61.8104
62.1889
62.5675
62.9461
63.3247
63.7034
64.082
64.4607
64.8393
65.218
65.5967
65.9754
66.3541
66.7328
67.1116
67.4903
67.869
68.2478
68.6266
69.0053
69.3841
69.7629
70.1417
70.5205
70.8993
71.2781
71.657
72.0358
72.4146
72.7934
73.1723
73.5511
73.9299
74.3088
74.6876
75.0665
75.4453
75.8241
76.203
76.5818
76.9607
77.3395
77.7183
78.0972
78.476
78.8548
79.2336
79.6124
79.9912
80.37
80.7488
81.1276
81.5063
81.8851
82.2638
82.6426
83.0213
83.4
83.7787
84.1574
84.536
84.9147
85.2933
85.6719
86.0505
86.4291
86.8077
87.1862
87.5647
87.9432
88.3217
88.7001
89.0785
89.4569
89.8353
90.2136
90.5919
90.9702
91.3484
91.7266
92.1048
92.4829
92.861
93.2391
93.6171
93.9951
94.373
94.7509
95.1287
95.5065
95.8843
96.262
96.6397
97.0173
97.3948
97.7723
98.1498
98.5272
98.9045
99.2817
99.6589
100.036
100.413
100.79
101.167
101.544
101.921
102.297
102.674
103.051
103.427
103.804
104.18
104.556
104.932
105.308
105.684
106.06
106.436
106.811
107.187
107.562
107.938
108.313
108.688
109.063
109.438
109.813
110.187
110.562
110.936
111.31
111.684
112.058
112.432
112.806
113.179
113.552
113.925
114.298
114.671
115.044
115.416
115.789
116.161
116.533
116.904
117.276
117.647
118.018
118.389
118.76
119.13
119.5
119.87
120.24
120.609
120.978
121.347
121.716
122.084
122.452
122.82
123.188
123.555
123.922
124.288
124.654
125.02
125.386
125.751
126.116
126.48
126.844
127.208
127.571
127.934
128.297
128.659
129.02
129.381
129.742
130.102
130.462
130.821
131.179
131.537
131.895
132.252
132.608
132.964
133.319
133.674
134.028
134.381
134.734
135.086
135.438
135.788
136.138
136.487
136.836
137.184
137.531
137.879
138.225
138.57
138.914
139.256
139.598
139.939
140.279
140.618
140.955
141.292
141.628
141.963
142.296
142.629
142.96
143.29
143.619
143.947
144.273
144.598
144.922
145.245
145.566
145.886
146.204
146.521
146.836
147.15
147.463
147.773
148.082
148.39
148.696
149
149.302
149.603
149.902
150.199
150.495
150.788
151.079
151.369
151.657
151.943
152.226
152.508
152.788
153.065
153.341
153.614
153.886
154.155
154.422
154.687
154.95
155.211
155.469
155.725
155.98
156.232
156.481
156.729
156.974
157.218
157.459
157.698
157.935
158.17
158.402
158.633
158.861
159.088
159.313
159.535
159.756
159.975
160.192
160.407
160.621
160.833
161.043
161.251
161.458
161.663
161.867
162.069
162.27
162.47
162.668
162.865
163.061
163.256
163.45
163.642
163.834
164.025
164.214
164.403
164.591
164.779
164.965
165.151
165.337
165.521
165.706
165.889
166.072
166.255
166.437
166.619
166.801
166.982
167.163
167.344
167.524
167.704
167.884
168.064
168.244
168.423
168.603
168.782
168.961
169.14
169.319
169.498
169.677
169.855
170.034
170.213
170.392
170.57
170.749
170.928
171.106
171.285
171.464
171.642
171.821
172
172.179
172.357
172.536
172.715
172.894
173.073
173.252
173.431
173.61
173.789
173.968
174.148
174.327
174.506
174.685
174.865
175.044
175.224
175.403
175.583
175.762
175.942
176.121
176.301
176.481
176.661
176.841
177.021
177.201
177.381
177.561
177.741
177.921
178.101
178.281
178.462
178.642
178.822
179.003
179.183
179.364
179.544
179.725
179.906
180.086
180.267
180.448
180.629
180.81
180.991
181.172
181.353
181.534
181.715
181.896
182.077
182.259
182.44
182.621
182.803
182.984
183.166
183.347
183.529
183.71
183.892
184.074
184.256
184.437
184.619
184.801
184.983
185.165
185.347
185.529
185.712
185.894
186.076
186.258
186.441
186.623
186.806
186.988
187.171
187.353
187.536
187.718
187.901
188.084
188.267
188.45
188.632
188.815
188.998
189.181
189.364
189.548
189.731
189.914
190.097
190.281
190.464
190.647
190.831
191.014
191.198
191.381
191.565
191.749
191.932
192.116
192.3
192.484
192.668
192.852
193.036
193.22
193.404
193.588
193.772
193.956
194.14
194.325
194.509
194.693
194.878
195.062
195.247
195.431
195.616
195.801
195.985
196.17
196.355
196.54
196.725
196.91
197.094
197.279
197.465
197.65
197.835
198.02
198.205
198.39
198.576
198.761
198.946
199.132
199.317
199.503
199.688
199.874
200.06
200.245
200.431
200.617
200.803
200.988
201.174
201.36
201.546
201.732
201.918
202.104
202.291
202.477
202.663
202.849
203.036
203.222
203.408
203.595
203.781
203.968
204.154
204.341
204.528
204.714
204.901
205.088
205.275
205.461
205.648
205.835
206.022
206.209
206.396
206.583
206.77
206.958
207.145
207.332
207.519
207.707
207.894
208.082
208.269
208.456
208.644
208.832
209.019
209.207
209.395
209.582
209.77
209.958
210.146
210.334
210.522
210.709
210.897
211.086
211.274
211.462
211.65
211.838
212.026
212.215
212.403
212.591
212.78
212.968
213.157
213.345
213.534
213.722
213.911
214.1
214.288
214.477
214.666
214.855
215.043
215.232
215.421
215.61
215.799
215.988
216.177
216.366
216.555
216.745
216.934
217.123
217.312
217.502
217.691
217.88
218.07
218.259
218.449
218.638
218.828
219.018
219.207
219.397
219.587
219.776
219.966
220.156
220.346
220.536
220.726
220.916
221.106
221.296
221.486
221.676
221.866
222.056
222.246
222.437
222.627
222.817
223.008
223.198
223.388
223.579
223.769
223.96
224.15
224.341
224.531
224.722
224.913
225.103
225.294
225.485
225.676
225.867
226.057
226.248
226.439
226.63
226.821
227.012
227.203
227.394
227.585
227.777
227.968
228.159
228.35
228.541
228.733
228.924
229.115
229.307
229.498
229.69
229.881
230.073
230.264
230.456
230.647
230.839
231.03
231.222
231.414
231.606
231.797
231.989
232.181
232.373
232.565
232.756
232.948
233.14
233.332
233.524
233.716
233.908
234.1
234.292
234.484
234.677
234.869
235.061
235.253
235.445
235.637
235.83
236.022
236.214
236.406
236.598
236.791
236.983
237.175
237.367
237.56
237.752
237.944
238.136
238.328
238.52
238.712
238.904
239.095
239.287
239.479
239.67
239.861
240.052
240.243
240.434
240.624
240.815
241.004
241.194
241.383
241.572
241.761
241.949
242.136
242.323
242.51
242.696
242.881
243.066
243.25
243.433
243.616
243.797
243.978
244.158
244.337
244.515
244.692
244.867
245.042
245.216
245.388
245.56
245.73
245.899
246.067
246.233
246.399
246.563
246.726
246.888
247.049
247.209
247.367
247.525
247.682
247.838
247.994
248.149
248.303
248.456
248.609
248.762
248.915
249.067
249.22
249.372
249.525
249.678
249.831
249.985
250.14
250.295
250.45
250.607
250.764
250.923
251.082
251.243
251.404
251.567
251.731
251.896
252.062
252.23
252.398
252.568
252.739
252.912
253.085
253.26
253.436
253.613
253.791
253.97
254.15
254.331
254.513
254.696
254.88
255.065
255.25
255.436
255.623
255.81
255.998
256.187
256.376
256.566
256.756
256.946
257.137
257.329
257.52
257.713
257.905
258.098
258.29
258.484
258.677
258.87
259.064
259.258
259.452
259.646
259.84
260.034
260.228
260.423
260.617
260.811
261.006
261.2
261.394
261.588
261.783
261.977
262.171
262.364
262.558
262.752
262.945
263.138
263.331
263.524
263.717
263.91
264.102
264.294
264.486
264.677
264.868
265.058
265.248
265.437
265.625
265.812
265.998
266.181
266.363
266.541
266.716
266.887
267.053
267.215
267.369
267.518
267.658
267.791
267.916
268.032
268.14
268.24
268.333
268.421
268.504
268.587
268.842
)
;

boundaryField
{
    sides
    {
        type            calculated;
        value           nonuniform List<scalar> 2(268.842 14.4989);
    }
    empty
    {
        type            empty;
    }
}


// ************************************************************************* //
