/*--------------------------------*- C++ -*----------------------------------*\
| =========                 |                                                 |
| \\      /  F ield         | OpenFOAM: The Open Source CFD Toolbox           |
|  \\    /   O peration     | Version:  2406                                  |
|   \\  /    A nd           | Website:  www.openfoam.com                      |
|    \\/     M anipulation  |                                                 |
\*---------------------------------------------------------------------------*/
FoamFile
{
    version     2.0;
    format      ascii;
    arch        "LSB;label=32;scalar=64";
    class       volScalarField;
    location    "0.033";
    object      p;
}
// * * * * * * * * * * * * * * * * * * * * * * * * * * * * * * * * * * * * * //

dimensions      [1 -1 -2 0 0 0 0];

internalField   nonuniform List<scalar> 
1000
(
16912.8
16910.3
16906.8
16903.7
16900.9
16898.2
16895.4
16892.6
16889.8
16887
16884.3
16881.5
16878.7
16875.9
16873.1
16870.3
16867.6
16864.8
16862
16859.2
16856.4
16853.7
16850.9
16848.1
16845.3
16842.6
16839.8
16837
16834.2
16831.5
16828.7
16825.9
16823.2
16820.4
16817.6
16814.9
16812.1
16809.3
16806.6
16803.8
16801
16798.3
16795.5
16792.7
16790
16787.2
16784.4
16781.7
16778.9
16776.1
16773.4
16770.6
16767.8
16765.1
16762.3
16759.6
16756.8
16754
16751.3
16748.5
16745.8
16743
16740.2
16737.5
16734.7
16732
16729.2
16726.5
16723.7
16720.9
16718.2
16715.4
16712.7
16709.9
16707.2
16704.4
16701.7
16698.9
16696.2
16693.4
16690.7
16687.9
16685.2
16682.4
16679.7
16676.9
16674.2
16671.4
16668.7
16665.9
16663.2
16660.4
16657.7
16654.9
16652.2
16649.5
16646.7
16644
16641.2
16638.5
16635.8
16633
16630.3
16627.5
16624.8
16622.1
16619.3
16616.6
16613.8
16611.1
16608.4
16605.6
16602.9
16600.2
16597.5
16594.7
16592
16589.3
16586.5
16583.8
16581.1
16578.4
16575.6
16572.9
16570.2
16567.5
16564.7
16562
16559.3
16556.6
16553.9
16551.1
16548.4
16545.7
16543
16540.3
16537.6
16534.9
16532.2
16529.5
16526.8
16524
16521.3
16518.6
16515.9
16513.2
16510.5
16507.8
16505.1
16502.5
16499.8
16497.1
16494.4
16491.7
16489
16486.3
16483.6
16481
16478.3
16475.6
16472.9
16470.2
16467.6
16464.9
16462.2
16459.6
16456.9
16454.2
16451.6
16448.9
16446.2
16443.6
16440.9
16438.3
16435.6
16433
16430.3
16427.7
16425.1
16422.4
16419.8
16417.2
16414.5
16411.9
16409.3
16406.7
16404.1
16401.4
16398.8
16396.2
16393.6
16391
16388.4
16385.8
16383.2
16380.6
16378
16375.5
16372.9
16370.3
16367.7
16365.2
16362.6
16360.1
16357.5
16354.9
16352.4
16349.9
16347.3
16344.8
16342.3
16339.7
16337.2
16334.7
16332.2
16329.7
16327.2
16324.7
16322.2
16319.7
16317.3
16314.8
16312.3
16309.9
16307.4
16305
16302.5
16300.1
16297.7
16295.2
16292.8
16290.4
16288
16285.6
16283.2
16280.9
16278.5
16276.1
16273.8
16271.4
16269.1
16266.8
16264.5
16262.1
16259.8
16257.6
16255.3
16253
16250.7
16248.5
16246.3
16244
16241.8
16239.6
16237.4
16235.2
16233
16230.9
16228.7
16226.6
16224.5
16222.4
16220.3
16218.2
16216.1
16214.1
16212.1
16210
16208
16206
16204.1
16202.1
16200.2
16198.3
16196.4
16194.5
16192.6
16190.8
16188.9
16187.1
16185.3
16183.6
16181.8
16180.1
16178.4
16176.7
16175.1
16173.4
16171.8
16170.2
16168.7
16167.2
16165.7
16164.2
16162.7
16161.3
16159.9
16158.6
16157.3
16156
16154.7
16153.5
16152.3
16151.1
16150
16148.9
16147.9
16146.9
16145.9
16145
16144.1
16143.2
16142.4
16141.7
16141
16140.3
16139.7
16139.1
16138.6
16138.2
16137.7
16137.4
16137.1
16136.8
16136.6
16136.5
16136.4
16136.4
16136.4
16136.5
16136.6
16136.8
16137.1
16137.5
16137.9
16138.5
16139.1
16139.8
16140.6
16141.4
16142.4
16143.4
16144.5
16145.8
16147.1
16148.5
16150
16151.5
16153.2
16155
16156.9
16158.9
16161.1
16163.3
16165.6
16168.1
16170.7
16173.4
16176.2
16179.1
16182.2
16185.4
16188.8
16192.3
16195.9
16199.6
16203.6
16207.6
16211.8
16216.2
16220.7
16225.3
16230.1
16235.1
16240.2
16245.5
16251
16256.6
16262.4
16268.4
16274.5
16280.8
16287.3
16294
16300.8
16307.9
16315.1
16322.4
16330
16337.7
16345.7
16353.8
16362
16370.5
16379.1
16388
16397
16406.1
16415.5
16425
16434.7
16444.6
16454.6
16464.8
16475.2
16485.7
16496.4
16507.2
16518.2
16529.4
16540.7
16552.1
16563.7
16575.4
16587.3
16599.3
16611.4
16623.6
16636
16648.5
16661
16673.7
16686.5
16699.4
16712.4
16725.5
16738.7
16751.9
16765.3
16778.7
16792.2
16805.8
16819.4
16833.1
16846.9
16860.7
16874.6
16888.5
16902.5
16916.6
16930.6
16944.8
16958.9
16973.2
16987.4
17001.7
17016
17030.4
17044.8
17059.2
17073.7
17088.1
17102.7
17117.2
17131.7
17146.3
17160.9
17175.6
17190.2
17204.9
17219.6
17234.3
17249
17263.8
17278.6
17293.4
17308.2
17323
17337.8
17352.7
17367.6
17382.5
17397.4
17412.3
17427.2
17442.2
17457.2
17472.2
17487.2
17502.2
17517.3
17532.3
17547.4
17562.5
17577.6
17592.7
17607.8
17623
17638.1
17653.3
17668.5
17683.7
17698.9
17714.2
17729.4
17744.7
17760
17775.3
17790.6
17806
17821.3
17836.7
17852.1
17867.5
17882.9
17898.3
17913.7
17929.2
17944.7
17960.2
17975.7
17991.2
18006.7
18022.3
18037.9
18053.4
18069
18084.7
18100.3
18115.9
18131.6
18147.3
18163
18178.7
18194.4
18210.1
18225.9
18241.7
18257.5
18273.3
18289.1
18304.9
18320.8
18336.7
18352.5
18368.4
18384.4
18400.3
18416.2
18432.2
18448.2
18464.2
18480.2
18496.2
18512.3
18528.3
18544.4
18560.5
18576.6
18592.7
18608.9
18625
18641.2
18657.4
18673.6
18689.8
18706
18722.3
18738.6
18754.9
18771.2
18787.5
18803.8
18820.2
18836.5
18852.9
18869.3
18885.7
18902.2
18918.6
18935.1
18951.5
18968
18984.6
19001.1
19017.6
19034.2
19050.8
19067.4
19084
19100.6
19117.3
19133.9
19150.6
19167.3
19184
19200.7
19217.5
19234.2
19251
19267.8
19284.6
19301.4
19318.3
19335.1
19352
19368.9
19385.8
19402.7
19419.7
19436.6
19453.6
19470.6
19487.6
19504.6
19521.7
19538.7
19555.8
19572.9
19590
19607.2
19624.3
19641.5
19658.6
19675.8
19693
19710.3
19727.5
19744.8
19762.1
19779.4
19796.7
19814
19831.3
19848.7
19866.1
19883.5
19900.9
19918.3
19935.8
19953.3
19970.7
19988.2
20005.8
20023.3
20040.8
20058.4
20076
20093.6
20111.2
20128.9
20146.5
20164.2
20181.9
20199.6
20217.3
20235
20252.8
20270.6
20288.4
20306.2
20324
20341.8
20359.7
20377.6
20395.5
20413.4
20431.3
20449.3
20467.2
20485.2
20503.2
20521.2
20539.3
20557.3
20575.4
20593.5
20611.6
20629.7
20647.9
20666
20684.2
20702.4
20720.6
20738.8
20757.1
20775.3
20793.6
20811.9
20830.2
20848.6
20866.9
20885.3
20903.7
20922.1
20940.5
20958.9
20977.4
20995.9
21014.4
21032.9
21051.4
21069.9
21088.5
21107.1
21125.7
21144.3
21162.9
21181.6
21200.3
21219
21237.7
21256.4
21275.1
21293.9
21312.7
21331.5
21350.3
21369.1
21387.9
21406.8
21425.7
21444.6
21463.5
21482.5
21501.4
21520.4
21539.4
21558.4
21577.4
21596.5
21615.5
21634.6
21653.7
21672.8
21692
21711.1
21730.3
21749.5
21768.7
21787.9
21807.2
21826.4
21845.7
21865
21884.3
21903.7
21923
21942.4
21961.8
21981.2
22000.6
22020.1
22039.5
22059
22078.5
22098
22117.6
22137.1
22156.7
22176.3
22195.9
22215.5
22235.1
22254.8
22274.5
22294.2
22313.9
22333.6
22353.4
22373.2
22393
22412.8
22432.6
22452.4
22472.3
22492.2
22512.1
22532
22551.9
22571.9
22591.9
22611.9
22631.9
22651.9
22671.9
22692
22712.1
22732.2
22752.3
22772.5
22792.6
22812.8
22833
22853.2
22873.4
22893.7
22913.9
22934.2
22954.5
22974.9
22995.2
23015.6
23035.9
23056.3
23076.7
23097.2
23117.6
23138.1
23158.6
23179.1
23199.6
23220.2
23240.7
23261.3
23281.9
23302.5
23323.2
23343.8
23364.5
23385.2
23405.9
23426.6
23447.4
23468.2
23489
23509.8
23530.6
23551.5
23572.3
23593.2
23614.2
23635.1
23656.1
23677.1
23698.1
23719.1
23740.2
23761.3
23782.4
23803.6
23824.8
23846
23867.3
23888.6
23910
23931.4
23952.8
23974.3
23995.8
24017.4
24039.1
24060.8
24082.5
24104.4
24126.3
24148.3
24170.4
24192.5
24214.8
24237.1
24259.5
24282.1
24304.7
24327.5
24350.4
24373.4
24396.5
24419.8
24443.2
24466.7
24490.4
24514.2
24538.2
24562.3
24586.6
24611.1
24635.7
24660.4
24685.3
24710.4
24735.6
24761
24786.6
24812.2
24838.1
24864
24890.1
24916.3
24942.6
24969.1
24995.6
25022.2
25048.9
25075.6
25102.4
25129.3
25156.2
25183.1
25210
25236.9
25263.8
25290.6
25317.5
25344.2
25371
25397.6
25424.2
25450.7
25477.1
25503.4
25529.6
25555.7
25581.7
25607.6
25633.3
25658.9
25684.5
25709.8
25735.1
25760.2
25785.3
25810.1
25834.9
25859.6
25884.2
25908.6
25933
25957.2
25981.4
26005.4
26029.4
26053.3
26077.1
26100.8
26124.5
26148.1
26171.6
26195.1
26218.6
26241.9
26265.3
26288.6
26311.8
26335.1
26358.2
26381.4
26404.5
26427.6
26450.7
26473.8
26496.8
26519.8
26542.8
26565.8
26588.8
26611.8
26634.8
26657.8
26680.7
26703.7
26726.7
26749.6
26772.6
26795.6
26818.6
26841.6
26864.6
26887.6
26910.6
26933.6
26956.7
26979.8
27002.9
27026
27049.1
27072.2
27095.4
27118.5
27141.8
27165
27188.2
27211.5
27234.9
27258.3
27281.7
27305.3
27328.9
27352.7
27376.6
27400.8
27425.2
27450
27475.1
27500.8
27526.9
27553.8
27581.3
27609.7
27639
27669.3
27700.5
27732.9
27766.2
27800.6
27835.8
27871.9
27908.1
27945.4
27981.8
)
;

boundaryField
{
    sides
    {
        type            zeroGradient;
    }
    empty
    {
        type            empty;
    }
}


// ************************************************************************* //
