/*--------------------------------*- C++ -*----------------------------------*\
| =========                 |                                                 |
| \\      /  F ield         | OpenFOAM: The Open Source CFD Toolbox           |
|  \\    /   O peration     | Version:  2406                                  |
|   \\  /    A nd           | Website:  www.openfoam.com                      |
|    \\/     M anipulation  |                                                 |
\*---------------------------------------------------------------------------*/
FoamFile
{
    version     2.0;
    format      ascii;
    arch        "LSB;label=32;scalar=64";
    class       surfaceScalarField;
    location    "0.033";
    object      phi;
}
// * * * * * * * * * * * * * * * * * * * * * * * * * * * * * * * * * * * * * //

dimensions      [1 0 -1 0 0 0 0];

oriented        oriented;

internalField   nonuniform List<scalar> 
999
(
16.7651
17.1826
17.5999
18.0168
18.4336
18.8502
19.2668
19.683
20.0989
20.5144
20.9297
21.3451
21.7605
22.176
22.5912
23.006
23.4203
23.834
24.2472
24.6603
25.0735
25.4869
25.9008
26.3152
26.7302
27.1457
27.5616
27.9776
28.3936
28.8096
29.2257
29.6421
30.0591
30.4762
30.8931
31.3101
31.727
32.1438
32.5606
32.9773
33.3939
33.8105
34.227
34.6434
35.0598
35.4761
35.8924
36.3086
36.7247
37.1407
37.5567
37.9727
38.3885
38.8044
39.2201
39.6358
40.0514
40.4669
40.8824
41.2978
41.7132
42.1285
42.5437
42.9588
43.3739
43.7889
44.2039
44.6188
45.0336
45.4484
45.8631
46.2777
46.6922
47.1067
47.5211
47.9355
48.3498
48.764
49.1781
49.5922
50.0062
50.4202
50.8339
51.2479
51.6615
52.0752
52.4888
52.9022
53.3158
53.7291
54.1424
54.5557
54.9688
55.3819
55.795
56.2078
56.6208
57.0336
57.4463
57.859
58.2715
58.684
59.0965
59.5088
59.9211
60.3334
60.7455
61.1575
61.5695
61.9814
62.3933
62.805
63.2167
63.6283
64.0399
64.4513
64.8627
65.274
65.6852
66.0963
66.5074
66.9184
67.3293
67.7401
68.1509
68.5616
68.9722
69.3827
69.7931
70.2035
70.6137
71.0239
71.434
71.8441
72.254
72.6639
73.0737
73.4834
73.893
74.3025
74.7119
75.1213
75.5306
75.9398
76.3489
76.7579
77.1669
77.5757
77.9845
78.3932
78.8018
79.2103
79.6187
80.027
80.4353
80.8434
81.2515
81.6595
82.0674
82.4752
82.8829
83.2905
83.698
84.1054
84.5128
84.92
85.3272
85.7343
86.1412
86.5481
86.9549
87.3616
87.7682
88.1747
88.5811
88.9874
89.3936
89.7997
90.2057
90.6116
91.0174
91.4232
91.8288
92.2343
92.6397
93.045
93.4503
93.8554
94.2604
94.6653
95.0701
95.4748
95.8794
96.2839
96.6883
97.0926
97.4968
97.9008
98.3048
98.7086
99.1124
99.516
99.9195
100.323
100.726
101.129
101.533
101.935
102.338
102.741
103.144
103.546
103.949
104.351
104.753
105.155
105.557
105.959
106.36
106.762
107.163
107.565
107.966
108.367
108.768
109.168
109.569
109.97
110.37
110.77
111.17
111.57
111.97
112.37
112.77
113.169
113.568
113.967
114.367
114.765
115.164
115.563
115.961
116.359
116.758
117.156
117.554
117.951
118.349
118.746
119.143
119.541
119.937
120.334
120.731
121.127
121.524
121.92
122.316
122.711
123.107
123.502
123.898
124.293
124.688
125.082
125.477
125.871
126.265
126.659
127.053
127.447
127.84
128.233
128.626
129.019
129.412
129.804
130.196
130.588
130.98
131.372
131.763
132.154
132.545
132.935
133.326
133.716
134.106
134.496
134.885
135.274
135.663
136.052
136.44
136.828
137.216
137.604
137.991
138.378
138.765
139.151
139.538
139.923
140.309
140.694
141.079
141.464
141.848
142.232
142.616
142.999
143.382
143.765
144.147
144.529
144.91
145.291
145.672
146.053
146.433
146.812
147.191
147.57
147.949
148.327
148.704
149.081
149.458
149.835
150.212
150.587
150.962
151.336
151.71
152.083
152.456
152.829
153.2
153.571
153.942
154.312
154.682
155.051
155.419
155.787
156.154
156.521
156.886
157.252
157.616
157.98
158.344
158.706
159.068
159.43
159.79
160.15
160.509
160.868
161.225
161.582
161.938
162.294
162.648
163.002
163.355
163.707
164.058
164.409
164.758
165.107
165.455
165.802
166.148
166.494
166.838
167.182
167.525
167.867
168.208
168.548
168.887
169.225
169.563
169.899
170.235
170.57
170.904
171.237
171.569
171.901
172.231
172.561
172.89
173.218
173.545
173.872
174.198
174.523
174.847
175.171
175.494
175.816
176.138
176.459
176.78
177.099
177.419
177.738
178.056
178.374
178.691
179.008
179.325
179.641
179.957
180.272
180.588
180.903
181.218
181.532
181.847
182.161
182.475
182.789
183.103
183.417
183.731
184.045
184.358
184.672
184.986
185.3
185.615
185.929
186.243
186.558
186.872
187.187
187.502
187.818
188.133
188.449
188.765
189.081
189.398
189.715
190.032
190.349
190.667
190.985
191.303
191.622
191.941
192.26
192.58
192.9
193.22
193.541
193.862
194.184
194.505
194.828
195.15
195.473
195.796
196.12
196.444
196.769
197.094
197.419
197.744
198.07
198.397
198.724
199.051
199.379
199.707
200.035
200.364
200.693
201.023
201.353
201.683
202.014
202.345
202.677
203.009
203.341
203.674
204.007
204.341
204.675
205.009
205.344
205.679
206.015
206.351
206.687
207.024
207.362
207.699
208.037
208.376
208.715
209.054
209.394
209.734
210.075
210.416
210.757
211.099
211.441
211.784
212.127
212.471
212.814
213.159
213.504
213.849
214.194
214.54
214.887
215.233
215.581
215.928
216.276
216.625
216.974
217.323
217.673
218.023
218.374
218.725
219.076
219.428
219.78
220.133
220.486
220.84
221.194
221.548
221.903
222.258
222.614
222.97
223.327
223.684
224.041
224.399
224.757
225.116
225.475
225.835
226.195
226.555
226.916
227.277
227.639
228.001
228.364
228.727
229.09
229.454
229.819
230.183
230.549
230.914
231.28
231.647
232.014
232.381
232.749
233.117
233.486
233.855
234.225
234.595
234.965
235.336
235.707
236.079
236.451
236.824
237.197
237.571
237.945
238.319
238.694
239.069
239.445
239.821
240.198
240.575
240.953
241.331
241.709
242.088
242.467
242.847
243.227
243.608
243.989
244.371
244.753
245.135
245.518
245.902
246.285
246.67
247.054
247.44
247.825
248.211
248.598
248.985
249.373
249.76
250.149
250.538
250.927
251.317
251.707
252.098
252.489
252.88
253.272
253.665
254.058
254.451
254.845
255.24
255.634
256.03
256.425
256.821
257.218
257.615
258.013
258.411
258.809
259.208
259.608
260.008
260.408
260.809
261.21
261.612
262.014
262.417
262.82
263.224
263.628
264.032
264.437
264.843
265.249
265.655
266.062
266.47
266.878
267.286
267.695
268.104
268.514
268.924
269.335
269.746
270.158
270.57
270.982
271.396
271.809
272.223
272.638
273.053
273.468
273.884
274.301
274.717
275.135
275.553
275.971
276.39
276.809
277.229
277.649
278.07
278.491
278.913
279.335
279.758
280.181
280.605
281.029
281.454
281.879
282.304
282.731
283.157
283.584
284.012
284.44
284.868
285.297
285.727
286.157
286.587
287.018
287.45
287.882
288.314
288.747
289.181
289.615
290.049
290.484
290.92
291.356
291.792
292.229
292.667
293.104
293.543
293.982
294.421
294.861
295.302
295.743
296.184
296.626
297.068
297.511
297.955
298.399
298.843
299.288
299.734
300.18
300.626
301.073
301.52
301.968
302.417
302.866
303.315
303.765
304.216
304.667
305.118
305.57
306.023
306.476
306.93
307.384
307.838
308.293
308.749
309.205
309.661
310.119
310.576
311.034
311.493
311.952
312.412
312.872
313.333
313.794
314.255
314.718
315.18
315.643
316.107
316.571
317.036
317.501
317.967
318.433
318.9
319.367
319.835
320.303
320.772
321.242
321.711
322.182
322.653
323.124
323.596
324.068
324.541
325.014
325.488
325.963
326.438
326.913
327.389
327.865
328.342
328.82
329.298
329.776
330.255
330.735
331.215
331.695
332.176
332.658
333.14
333.622
334.106
334.589
335.073
335.558
336.043
336.528
337.014
337.501
337.988
338.475
338.964
339.452
339.941
340.431
340.921
341.411
341.902
342.393
342.885
343.377
343.87
344.363
344.857
345.351
345.846
346.341
346.836
347.332
347.828
348.325
348.822
349.319
349.816
350.315
350.813
351.312
351.811
352.31
352.809
353.309
353.81
354.31
354.811
355.312
355.813
356.314
356.816
357.317
357.819
358.322
358.824
359.326
359.829
360.332
360.835
361.338
361.842
362.345
362.849
363.353
363.858
364.362
364.867
365.372
365.877
366.383
366.889
367.395
367.902
368.409
368.917
369.425
369.934
370.443
370.952
371.463
371.973
372.485
372.997
373.51
374.023
374.538
375.053
375.568
376.085
376.602
377.121
377.64
378.16
378.68
379.202
379.724
380.248
380.772
381.297
381.822
382.349
382.877
383.405
383.934
384.464
384.995
385.526
386.058
386.591
387.125
387.659
388.194
388.73
389.266
389.803
390.341
390.879
391.418
391.957
392.498
393.038
393.579
394.121
394.663
395.206
395.749
396.293
396.837
397.382
397.927
398.472
399.019
399.565
400.112
400.659
401.207
401.755
402.304
402.852
403.402
403.951
404.502
405.052
405.603
406.154
406.705
407.257
407.809
408.361
408.914
409.466
410.02
410.573
411.127
411.681
412.235
412.789
413.344
413.899
414.454
415.009
415.565
416.12
416.676
417.232
417.788
418.344
418.9
419.456
420.012
420.568
421.123
421.678
422.232
422.786
423.338
423.89
424.44
424.989
425.536
426.082
426.626
427.168
427.708
428.246
428.783
429.319
429.854
430.388
430.921
431.455
)
;

boundaryField
{
    sides
    {
        type            calculated;
        value           nonuniform List<scalar> 2(431.989 -16.3475);
    }
    empty
    {
        type            empty;
    }
}


// ************************************************************************* //
