/*--------------------------------*- C++ -*----------------------------------*\
| =========                 |                                                 |
| \\      /  F ield         | OpenFOAM: The Open Source CFD Toolbox           |
|  \\    /   O peration     | Version:  2406                                  |
|   \\  /    A nd           | Website:  www.openfoam.com                      |
|    \\/     M anipulation  |                                                 |
\*---------------------------------------------------------------------------*/
FoamFile
{
    version     2.0;
    format      ascii;
    arch        "LSB;label=32;scalar=64";
    class       volScalarField;
    location    "0.033";
    object      T;
}
// * * * * * * * * * * * * * * * * * * * * * * * * * * * * * * * * * * * * * //

dimensions      [0 0 0 1 0 0 0];

internalField   nonuniform List<scalar> 
1000
(
208.491
208.512
208.543
208.575
208.609
208.642
208.673
208.703
208.735
208.769
208.803
208.836
208.866
208.893
208.919
208.946
208.975
209.008
209.044
209.08
209.115
209.146
209.173
209.193
209.208
209.217
209.222
209.224
209.224
209.224
209.223
209.221
209.213
209.204
209.194
209.184
209.174
209.164
209.154
209.143
209.133
209.123
209.113
209.103
209.093
209.083
209.073
209.063
209.053
209.043
209.033
209.023
209.014
209.004
208.994
208.984
208.974
208.964
208.954
208.944
208.934
208.924
208.914
208.904
208.894
208.883
208.875
208.863
208.855
208.843
208.836
208.822
208.816
208.803
208.796
208.783
208.776
208.763
208.756
208.743
208.736
208.724
208.715
208.705
208.694
208.686
208.674
208.665
208.655
208.644
208.636
208.625
208.615
208.606
208.595
208.586
208.575
208.565
208.556
208.545
208.535
208.526
208.516
208.506
208.496
208.486
208.476
208.466
208.456
208.446
208.436
208.426
208.416
208.407
208.397
208.387
208.377
208.367
208.357
208.347
208.337
208.327
208.317
208.307
208.298
208.288
208.278
208.268
208.258
208.248
208.238
208.228
208.218
208.209
208.199
208.189
208.179
208.169
208.159
208.149
208.14
208.13
208.12
208.11
208.1
208.09
208.081
208.071
208.061
208.051
208.041
208.031
208.022
208.012
208.002
207.992
207.983
207.973
207.963
207.953
207.943
207.934
207.924
207.914
207.904
207.895
207.885
207.875
207.866
207.856
207.846
207.836
207.827
207.817
207.807
207.798
207.788
207.778
207.769
207.759
207.75
207.74
207.73
207.721
207.711
207.702
207.692
207.682
207.673
207.663
207.654
207.644
207.635
207.625
207.616
207.606
207.597
207.587
207.578
207.569
207.559
207.55
207.54
207.531
207.522
207.512
207.503
207.494
207.484
207.475
207.466
207.457
207.447
207.438
207.429
207.42
207.411
207.402
207.392
207.383
207.374
207.365
207.356
207.347
207.338
207.329
207.32
207.311
207.302
207.293
207.285
207.276
207.267
207.258
207.249
207.241
207.232
207.223
207.215
207.206
207.198
207.189
207.18
207.172
207.164
207.155
207.147
207.138
207.13
207.122
207.114
207.105
207.097
207.089
207.081
207.073
207.065
207.057
207.049
207.041
207.034
207.026
207.018
207.01
207.003
206.995
206.988
206.98
206.973
206.966
206.958
206.951
206.944
206.937
206.93
206.923
206.916
206.909
206.903
206.896
206.889
206.883
206.876
206.87
206.864
206.858
206.852
206.846
206.84
206.834
206.828
206.822
206.817
206.811
206.806
206.801
206.796
206.791
206.786
206.781
206.776
206.772
206.768
206.763
206.759
206.755
206.751
206.748
206.744
206.741
206.737
206.734
206.731
206.728
206.726
206.723
206.721
206.719
206.717
206.715
206.714
206.713
206.711
206.711
206.71
206.709
206.709
206.709
206.709
206.709
206.71
206.71
206.711
206.713
206.715
206.717
206.719
206.721
206.724
206.727
206.731
206.735
206.739
206.743
206.748
206.753
206.759
206.765
206.771
206.778
206.785
206.792
206.8
206.808
206.817
206.826
206.835
206.845
206.855
206.866
206.878
206.889
206.902
206.915
206.928
206.942
206.956
206.971
206.986
207.002
207.019
207.036
207.054
207.072
207.091
207.11
207.13
207.151
207.172
207.194
207.216
207.24
207.263
207.288
207.313
207.338
207.365
207.392
207.419
207.448
207.476
207.506
207.536
207.567
207.599
207.631
207.663
207.697
207.731
207.765
207.801
207.836
207.873
207.91
207.948
207.986
208.024
208.064
208.104
208.144
208.185
208.226
208.268
208.31
208.353
208.396
208.44
208.484
208.528
208.573
208.618
208.664
208.71
208.756
208.803
208.85
208.897
208.944
208.992
209.04
209.088
209.137
209.186
209.234
209.284
209.333
209.382
209.432
209.482
209.531
209.582
209.632
209.682
209.732
209.783
209.833
209.884
209.935
209.986
210.037
210.088
210.139
210.19
210.241
210.293
210.344
210.395
210.447
210.498
210.55
210.601
210.653
210.705
210.756
210.808
210.86
210.912
210.963
211.015
211.067
211.119
211.171
211.223
211.275
211.327
211.379
211.431
211.483
211.535
211.587
211.639
211.692
211.744
211.796
211.848
211.901
211.953
212.005
212.058
212.11
212.162
212.215
212.267
212.32
212.372
212.424
212.477
212.53
212.582
212.635
212.687
212.74
212.793
212.845
212.898
212.951
213.003
213.056
213.109
213.162
213.214
213.267
213.32
213.373
213.426
213.479
213.532
213.585
213.638
213.691
213.744
213.797
213.85
213.903
213.956
214.009
214.062
214.115
214.169
214.222
214.275
214.328
214.382
214.435
214.488
214.542
214.595
214.648
214.702
214.755
214.809
214.862
214.916
214.969
215.023
215.076
215.13
215.184
215.237
215.291
215.344
215.398
215.452
215.506
215.559
215.613
215.667
215.721
215.775
215.828
215.882
215.936
215.99
216.044
216.098
216.152
216.206
216.26
216.314
216.368
216.422
216.476
216.53
216.585
216.639
216.693
216.747
216.802
216.856
216.91
216.964
217.019
217.073
217.127
217.182
217.236
217.291
217.345
217.399
217.454
217.508
217.563
217.618
217.672
217.727
217.781
217.836
217.891
217.945
218
218.055
218.11
218.164
218.219
218.274
218.329
218.383
218.438
218.493
218.548
218.603
218.658
218.713
218.768
218.823
218.878
218.933
218.988
219.043
219.098
219.153
219.209
219.264
219.319
219.374
219.43
219.485
219.54
219.595
219.651
219.706
219.761
219.817
219.872
219.928
219.983
220.038
220.094
220.149
220.205
220.26
220.316
220.372
220.427
220.483
220.539
220.594
220.65
220.706
220.761
220.817
220.873
220.929
220.984
221.04
221.096
221.152
221.208
221.264
221.32
221.376
221.432
221.487
221.544
221.599
221.656
221.712
221.768
221.824
221.88
221.936
221.992
222.048
222.105
222.161
222.217
222.273
222.33
222.386
222.442
222.498
222.555
222.611
222.668
222.724
222.78
222.837
222.893
222.95
223.006
223.063
223.119
223.176
223.232
223.289
223.345
223.402
223.459
223.515
223.572
223.629
223.685
223.742
223.799
223.856
223.912
223.969
224.026
224.083
224.14
224.196
224.253
224.31
224.367
224.424
224.481
224.538
224.595
224.652
224.709
224.766
224.823
224.88
224.937
224.994
225.051
225.108
225.165
225.222
225.28
225.337
225.394
225.451
225.508
225.565
225.623
225.68
225.737
225.794
225.852
225.909
225.966
226.024
226.081
226.138
226.196
226.253
226.31
226.368
226.425
226.483
226.54
226.597
226.655
226.712
226.77
226.827
226.885
226.942
227
227.057
227.115
227.173
227.23
227.288
227.345
227.403
227.461
227.518
227.576
227.634
227.692
227.749
227.807
227.865
227.923
227.98
228.038
228.096
228.154
228.212
228.269
228.327
228.385
228.443
228.501
228.559
228.617
228.675
228.733
228.791
228.849
228.907
228.965
229.023
229.081
229.139
229.197
229.255
229.314
229.372
229.43
229.488
229.546
229.605
229.663
229.721
229.779
229.838
229.896
229.954
230.013
230.071
230.129
230.188
230.246
230.305
230.363
230.421
230.48
230.539
230.597
230.656
230.714
230.773
230.832
230.89
230.949
231.008
231.067
231.126
231.185
231.244
231.303
231.362
231.421
231.481
231.54
231.599
231.659
231.719
231.779
231.839
231.899
231.959
232.02
232.08
232.141
232.202
232.263
232.325
232.386
232.448
232.51
232.573
232.636
232.699
232.762
232.826
232.89
232.954
233.019
233.084
233.149
233.215
233.281
233.348
233.415
233.482
233.55
233.618
233.686
233.755
233.824
233.894
233.964
234.034
234.104
234.175
234.246
234.317
234.389
234.46
234.532
234.603
234.675
234.747
234.819
234.891
234.963
235.035
235.107
235.178
235.25
235.321
235.392
235.462
235.533
235.603
235.673
235.743
235.812
235.881
235.95
236.018
236.086
236.153
236.221
236.287
236.354
236.419
236.486
236.55
236.616
236.68
236.746
236.808
236.873
236.934
237
237.06
237.126
237.185
237.25
237.308
237.374
237.431
237.497
237.552
237.619
237.674
237.741
237.794
237.862
237.914
237.983
238.033
238.103
238.152
238.223
238.271
238.342
238.389
238.461
238.507
238.58
238.625
238.699
238.742
238.817
238.86
238.935
238.977
239.053
239.094
239.171
239.212
239.289
239.329
239.407
239.446
239.524
239.564
239.642
239.681
239.76
239.799
239.877
239.916
239.995
240.034
240.113
240.152
240.231
240.27
240.349
240.389
240.469
240.509
240.59
240.631
240.713
240.755
240.839
240.883
240.971
241.017
241.109
241.158
241.256
241.308
241.412
241.468
241.579
241.637
241.755
241.815
241.944
241.99
242.148
)
;

boundaryField
{
    sides
    {
        type            zeroGradient;
    }
    empty
    {
        type            empty;
    }
}


// ************************************************************************* //
