/*--------------------------------*- C++ -*----------------------------------*\
| =========                 |                                                 |
| \\      /  F ield         | OpenFOAM: The Open Source CFD Toolbox           |
|  \\    /   O peration     | Version:  2406                                  |
|   \\  /    A nd           | Website:  www.openfoam.com                      |
|    \\/     M anipulation  |                                                 |
\*---------------------------------------------------------------------------*/
FoamFile
{
    version     2.0;
    format      ascii;
    arch        "LSB;label=32;scalar=64";
    class       volVectorField;
    location    "0.033";
    object      U;
}
// * * * * * * * * * * * * * * * * * * * * * * * * * * * * * * * * * * * * * //

dimensions      [0 1 -1 0 0 0 0];

internalField   nonuniform List<vector> 
1000
(
(14.4989 0 0)
(14.931 0 0)
(15.4214 0 0)
(15.8236 0 0)
(16.187 0 0)
(16.5525 0 0)
(16.9264 0 0)
(17.303 0 0)
(17.6792 0 0)
(18.0547 0 0)
(18.43 0 0)
(18.8055 0 0)
(19.1811 0 0)
(19.5567 0 0)
(19.9323 0 0)
(20.3078 0 0)
(20.6834 0 0)
(21.0591 0 0)
(21.4349 0 0)
(21.8107 0 0)
(22.1866 0 0)
(22.5625 0 0)
(22.9385 0 0)
(23.3146 0 0)
(23.6906 0 0)
(24.0666 0 0)
(24.4427 0 0)
(24.8187 0 0)
(25.1948 0 0)
(25.5709 0 0)
(25.9471 0 0)
(26.3233 0 0)
(26.6995 0 0)
(27.0758 0 0)
(27.4521 0 0)
(27.8284 0 0)
(28.2047 0 0)
(28.5811 0 0)
(28.9575 0 0)
(29.3339 0 0)
(29.7104 0 0)
(30.0869 0 0)
(30.4634 0 0)
(30.84 0 0)
(31.2166 0 0)
(31.5932 0 0)
(31.9699 0 0)
(32.3465 0 0)
(32.7233 0 0)
(33.1 0 0)
(33.4768 0 0)
(33.8536 0 0)
(34.2304 0 0)
(34.6073 0 0)
(34.9842 0 0)
(35.3611 0 0)
(35.7381 0 0)
(36.1151 0 0)
(36.4921 0 0)
(36.8692 0 0)
(37.2463 0 0)
(37.6234 0 0)
(38.0005 0 0)
(38.3777 0 0)
(38.7549 0 0)
(39.1321 0 0)
(39.5093 0 0)
(39.8866 0 0)
(40.2639 0 0)
(40.6413 0 0)
(41.0186 0 0)
(41.396 0 0)
(41.7734 0 0)
(42.1509 0 0)
(42.5284 0 0)
(42.9059 0 0)
(43.2834 0 0)
(43.6609 0 0)
(44.0385 0 0)
(44.4161 0 0)
(44.7938 0 0)
(45.1714 0 0)
(45.5491 0 0)
(45.9268 0 0)
(46.3045 0 0)
(46.6823 0 0)
(47.0601 0 0)
(47.4379 0 0)
(47.8157 0 0)
(48.1936 0 0)
(48.5714 0 0)
(48.9493 0 0)
(49.3273 0 0)
(49.7052 0 0)
(50.0832 0 0)
(50.4612 0 0)
(50.8392 0 0)
(51.2172 0 0)
(51.5953 0 0)
(51.9734 0 0)
(52.3515 0 0)
(52.7296 0 0)
(53.1078 0 0)
(53.4859 0 0)
(53.8641 0 0)
(54.2423 0 0)
(54.6205 0 0)
(54.9988 0 0)
(55.3771 0 0)
(55.7553 0 0)
(56.1337 0 0)
(56.512 0 0)
(56.8903 0 0)
(57.2687 0 0)
(57.6471 0 0)
(58.0255 0 0)
(58.4039 0 0)
(58.7823 0 0)
(59.1608 0 0)
(59.5392 0 0)
(59.9177 0 0)
(60.2962 0 0)
(60.6747 0 0)
(61.0533 0 0)
(61.4318 0 0)
(61.8104 0 0)
(62.1889 0 0)
(62.5675 0 0)
(62.9461 0 0)
(63.3247 0 0)
(63.7034 0 0)
(64.082 0 0)
(64.4607 0 0)
(64.8393 0 0)
(65.218 0 0)
(65.5967 0 0)
(65.9754 0 0)
(66.3541 0 0)
(66.7328 0 0)
(67.1116 0 0)
(67.4903 0 0)
(67.869 0 0)
(68.2478 0 0)
(68.6266 0 0)
(69.0053 0 0)
(69.3841 0 0)
(69.7629 0 0)
(70.1417 0 0)
(70.5205 0 0)
(70.8993 0 0)
(71.2781 0 0)
(71.657 0 0)
(72.0358 0 0)
(72.4146 0 0)
(72.7934 0 0)
(73.1723 0 0)
(73.5511 0 0)
(73.9299 0 0)
(74.3088 0 0)
(74.6876 0 0)
(75.0665 0 0)
(75.4453 0 0)
(75.8241 0 0)
(76.203 0 0)
(76.5818 0 0)
(76.9607 0 0)
(77.3395 0 0)
(77.7183 0 0)
(78.0972 0 0)
(78.476 0 0)
(78.8548 0 0)
(79.2336 0 0)
(79.6124 0 0)
(79.9912 0 0)
(80.37 0 0)
(80.7488 0 0)
(81.1276 0 0)
(81.5063 0 0)
(81.8851 0 0)
(82.2638 0 0)
(82.6426 0 0)
(83.0213 0 0)
(83.4 0 0)
(83.7787 0 0)
(84.1574 0 0)
(84.536 0 0)
(84.9147 0 0)
(85.2933 0 0)
(85.6719 0 0)
(86.0505 0 0)
(86.4291 0 0)
(86.8077 0 0)
(87.1862 0 0)
(87.5647 0 0)
(87.9432 0 0)
(88.3217 0 0)
(88.7001 0 0)
(89.0785 0 0)
(89.4569 0 0)
(89.8353 0 0)
(90.2136 0 0)
(90.5919 0 0)
(90.9702 0 0)
(91.3484 0 0)
(91.7266 0 0)
(92.1048 0 0)
(92.4829 0 0)
(92.861 0 0)
(93.2391 0 0)
(93.6171 0 0)
(93.9951 0 0)
(94.373 0 0)
(94.7509 0 0)
(95.1287 0 0)
(95.5065 0 0)
(95.8843 0 0)
(96.262 0 0)
(96.6397 0 0)
(97.0173 0 0)
(97.3948 0 0)
(97.7723 0 0)
(98.1498 0 0)
(98.5272 0 0)
(98.9045 0 0)
(99.2817 0 0)
(99.6589 0 0)
(100.036 0 0)
(100.413 0 0)
(100.79 0 0)
(101.167 0 0)
(101.544 0 0)
(101.921 0 0)
(102.297 0 0)
(102.674 0 0)
(103.051 0 0)
(103.427 0 0)
(103.804 0 0)
(104.18 0 0)
(104.556 0 0)
(104.932 0 0)
(105.308 0 0)
(105.684 0 0)
(106.06 0 0)
(106.436 0 0)
(106.811 0 0)
(107.187 0 0)
(107.562 0 0)
(107.938 0 0)
(108.313 0 0)
(108.688 0 0)
(109.063 0 0)
(109.438 0 0)
(109.813 0 0)
(110.187 0 0)
(110.562 0 0)
(110.936 0 0)
(111.31 0 0)
(111.684 0 0)
(112.058 0 0)
(112.432 0 0)
(112.806 0 0)
(113.179 0 0)
(113.552 0 0)
(113.925 0 0)
(114.298 0 0)
(114.671 0 0)
(115.044 0 0)
(115.416 0 0)
(115.789 0 0)
(116.161 0 0)
(116.533 0 0)
(116.904 0 0)
(117.276 0 0)
(117.647 0 0)
(118.018 0 0)
(118.389 0 0)
(118.76 0 0)
(119.13 0 0)
(119.5 0 0)
(119.87 0 0)
(120.24 0 0)
(120.609 0 0)
(120.978 0 0)
(121.347 0 0)
(121.716 0 0)
(122.084 0 0)
(122.452 0 0)
(122.82 0 0)
(123.188 0 0)
(123.555 0 0)
(123.922 0 0)
(124.288 0 0)
(124.654 0 0)
(125.02 0 0)
(125.386 0 0)
(125.751 0 0)
(126.116 0 0)
(126.48 0 0)
(126.844 0 0)
(127.208 0 0)
(127.571 0 0)
(127.934 0 0)
(128.297 0 0)
(128.659 0 0)
(129.02 0 0)
(129.381 0 0)
(129.742 0 0)
(130.102 0 0)
(130.462 0 0)
(130.821 0 0)
(131.179 0 0)
(131.537 0 0)
(131.895 0 0)
(132.252 0 0)
(132.608 0 0)
(132.964 0 0)
(133.319 0 0)
(133.674 0 0)
(134.028 0 0)
(134.381 0 0)
(134.734 0 0)
(135.086 0 0)
(135.438 0 0)
(135.788 0 0)
(136.138 0 0)
(136.487 0 0)
(136.836 0 0)
(137.184 0 0)
(137.531 0 0)
(137.879 0 0)
(138.225 0 0)
(138.57 0 0)
(138.914 0 0)
(139.256 0 0)
(139.598 0 0)
(139.939 0 0)
(140.279 0 0)
(140.618 0 0)
(140.955 0 0)
(141.292 0 0)
(141.628 0 0)
(141.963 0 0)
(142.296 0 0)
(142.629 0 0)
(142.96 0 0)
(143.29 0 0)
(143.619 0 0)
(143.947 0 0)
(144.273 0 0)
(144.598 0 0)
(144.922 0 0)
(145.245 0 0)
(145.566 0 0)
(145.886 0 0)
(146.204 0 0)
(146.521 0 0)
(146.836 0 0)
(147.15 0 0)
(147.463 0 0)
(147.773 0 0)
(148.082 0 0)
(148.39 0 0)
(148.696 0 0)
(149 0 0)
(149.302 0 0)
(149.603 0 0)
(149.902 0 0)
(150.199 0 0)
(150.495 0 0)
(150.788 0 0)
(151.079 0 0)
(151.369 0 0)
(151.657 0 0)
(151.943 0 0)
(152.226 0 0)
(152.508 0 0)
(152.788 0 0)
(153.065 0 0)
(153.341 0 0)
(153.614 0 0)
(153.886 0 0)
(154.155 0 0)
(154.422 0 0)
(154.687 0 0)
(154.95 0 0)
(155.211 0 0)
(155.469 0 0)
(155.725 0 0)
(155.98 0 0)
(156.232 0 0)
(156.481 0 0)
(156.729 0 0)
(156.974 0 0)
(157.218 0 0)
(157.459 0 0)
(157.698 0 0)
(157.935 0 0)
(158.17 0 0)
(158.402 0 0)
(158.633 0 0)
(158.861 0 0)
(159.088 0 0)
(159.313 0 0)
(159.535 0 0)
(159.756 0 0)
(159.975 0 0)
(160.192 0 0)
(160.407 0 0)
(160.621 0 0)
(160.833 0 0)
(161.043 0 0)
(161.251 0 0)
(161.458 0 0)
(161.663 0 0)
(161.867 0 0)
(162.069 0 0)
(162.27 0 0)
(162.47 0 0)
(162.668 0 0)
(162.865 0 0)
(163.061 0 0)
(163.256 0 0)
(163.45 0 0)
(163.642 0 0)
(163.834 0 0)
(164.025 0 0)
(164.214 0 0)
(164.403 0 0)
(164.591 0 0)
(164.779 0 0)
(164.965 0 0)
(165.151 0 0)
(165.337 0 0)
(165.521 0 0)
(165.706 0 0)
(165.889 0 0)
(166.072 0 0)
(166.255 0 0)
(166.437 0 0)
(166.619 0 0)
(166.801 0 0)
(166.982 0 0)
(167.163 0 0)
(167.344 0 0)
(167.524 0 0)
(167.704 0 0)
(167.884 0 0)
(168.064 0 0)
(168.244 0 0)
(168.423 0 0)
(168.603 0 0)
(168.782 0 0)
(168.961 0 0)
(169.14 0 0)
(169.319 0 0)
(169.498 0 0)
(169.677 0 0)
(169.855 0 0)
(170.034 0 0)
(170.213 0 0)
(170.392 0 0)
(170.57 0 0)
(170.749 0 0)
(170.928 0 0)
(171.106 0 0)
(171.285 0 0)
(171.464 0 0)
(171.642 0 0)
(171.821 0 0)
(172 0 0)
(172.179 0 0)
(172.357 0 0)
(172.536 0 0)
(172.715 0 0)
(172.894 0 0)
(173.073 0 0)
(173.252 0 0)
(173.431 0 0)
(173.61 0 0)
(173.789 0 0)
(173.968 0 0)
(174.148 0 0)
(174.327 0 0)
(174.506 0 0)
(174.685 0 0)
(174.865 0 0)
(175.044 0 0)
(175.224 0 0)
(175.403 0 0)
(175.583 0 0)
(175.762 0 0)
(175.942 0 0)
(176.121 0 0)
(176.301 0 0)
(176.481 0 0)
(176.661 0 0)
(176.841 0 0)
(177.021 0 0)
(177.201 0 0)
(177.381 0 0)
(177.561 0 0)
(177.741 0 0)
(177.921 0 0)
(178.101 0 0)
(178.281 0 0)
(178.462 0 0)
(178.642 0 0)
(178.822 0 0)
(179.003 0 0)
(179.183 0 0)
(179.364 0 0)
(179.544 0 0)
(179.725 0 0)
(179.906 0 0)
(180.086 0 0)
(180.267 0 0)
(180.448 0 0)
(180.629 0 0)
(180.81 0 0)
(180.991 0 0)
(181.172 0 0)
(181.353 0 0)
(181.534 0 0)
(181.715 0 0)
(181.896 0 0)
(182.077 0 0)
(182.259 0 0)
(182.44 0 0)
(182.621 0 0)
(182.803 0 0)
(182.984 0 0)
(183.166 0 0)
(183.347 0 0)
(183.529 0 0)
(183.71 0 0)
(183.892 0 0)
(184.074 0 0)
(184.256 0 0)
(184.437 0 0)
(184.619 0 0)
(184.801 0 0)
(184.983 0 0)
(185.165 0 0)
(185.347 0 0)
(185.529 0 0)
(185.712 0 0)
(185.894 0 0)
(186.076 0 0)
(186.258 0 0)
(186.441 0 0)
(186.623 0 0)
(186.806 0 0)
(186.988 0 0)
(187.171 0 0)
(187.353 0 0)
(187.536 0 0)
(187.718 0 0)
(187.901 0 0)
(188.084 0 0)
(188.267 0 0)
(188.45 0 0)
(188.632 0 0)
(188.815 0 0)
(188.998 0 0)
(189.181 0 0)
(189.364 0 0)
(189.548 0 0)
(189.731 0 0)
(189.914 0 0)
(190.097 0 0)
(190.281 0 0)
(190.464 0 0)
(190.647 0 0)
(190.831 0 0)
(191.014 0 0)
(191.198 0 0)
(191.381 0 0)
(191.565 0 0)
(191.749 0 0)
(191.932 0 0)
(192.116 0 0)
(192.3 0 0)
(192.484 0 0)
(192.668 0 0)
(192.852 0 0)
(193.036 0 0)
(193.22 0 0)
(193.404 0 0)
(193.588 0 0)
(193.772 0 0)
(193.956 0 0)
(194.14 0 0)
(194.325 0 0)
(194.509 0 0)
(194.693 0 0)
(194.878 0 0)
(195.062 0 0)
(195.247 0 0)
(195.431 0 0)
(195.616 0 0)
(195.801 0 0)
(195.985 0 0)
(196.17 0 0)
(196.355 0 0)
(196.54 0 0)
(196.725 0 0)
(196.91 0 0)
(197.094 0 0)
(197.279 0 0)
(197.465 0 0)
(197.65 0 0)
(197.835 0 0)
(198.02 0 0)
(198.205 0 0)
(198.39 0 0)
(198.576 0 0)
(198.761 0 0)
(198.946 0 0)
(199.132 0 0)
(199.317 0 0)
(199.503 0 0)
(199.688 0 0)
(199.874 0 0)
(200.06 0 0)
(200.245 0 0)
(200.431 0 0)
(200.617 0 0)
(200.803 0 0)
(200.988 0 0)
(201.174 0 0)
(201.36 0 0)
(201.546 0 0)
(201.732 0 0)
(201.918 0 0)
(202.104 0 0)
(202.291 0 0)
(202.477 0 0)
(202.663 0 0)
(202.849 0 0)
(203.036 0 0)
(203.222 0 0)
(203.408 0 0)
(203.595 0 0)
(203.781 0 0)
(203.968 0 0)
(204.154 0 0)
(204.341 0 0)
(204.528 0 0)
(204.714 0 0)
(204.901 0 0)
(205.088 0 0)
(205.275 0 0)
(205.461 0 0)
(205.648 0 0)
(205.835 0 0)
(206.022 0 0)
(206.209 0 0)
(206.396 0 0)
(206.583 0 0)
(206.77 0 0)
(206.958 0 0)
(207.145 0 0)
(207.332 0 0)
(207.519 0 0)
(207.707 0 0)
(207.894 0 0)
(208.082 0 0)
(208.269 0 0)
(208.456 0 0)
(208.644 0 0)
(208.832 0 0)
(209.019 0 0)
(209.207 0 0)
(209.395 0 0)
(209.582 0 0)
(209.77 0 0)
(209.958 0 0)
(210.146 0 0)
(210.334 0 0)
(210.522 0 0)
(210.709 0 0)
(210.897 0 0)
(211.086 0 0)
(211.274 0 0)
(211.462 0 0)
(211.65 0 0)
(211.838 0 0)
(212.026 0 0)
(212.215 0 0)
(212.403 0 0)
(212.591 0 0)
(212.78 0 0)
(212.968 0 0)
(213.157 0 0)
(213.345 0 0)
(213.534 0 0)
(213.722 0 0)
(213.911 0 0)
(214.1 0 0)
(214.288 0 0)
(214.477 0 0)
(214.666 0 0)
(214.855 0 0)
(215.043 0 0)
(215.232 0 0)
(215.421 0 0)
(215.61 0 0)
(215.799 0 0)
(215.988 0 0)
(216.177 0 0)
(216.366 0 0)
(216.555 0 0)
(216.745 0 0)
(216.934 0 0)
(217.123 0 0)
(217.312 0 0)
(217.502 0 0)
(217.691 0 0)
(217.88 0 0)
(218.07 0 0)
(218.259 0 0)
(218.449 0 0)
(218.638 0 0)
(218.828 0 0)
(219.018 0 0)
(219.207 0 0)
(219.397 0 0)
(219.587 0 0)
(219.776 0 0)
(219.966 0 0)
(220.156 0 0)
(220.346 0 0)
(220.536 0 0)
(220.726 0 0)
(220.916 0 0)
(221.106 0 0)
(221.296 0 0)
(221.486 0 0)
(221.676 0 0)
(221.866 0 0)
(222.056 0 0)
(222.246 0 0)
(222.437 0 0)
(222.627 0 0)
(222.817 0 0)
(223.008 0 0)
(223.198 0 0)
(223.388 0 0)
(223.579 0 0)
(223.769 0 0)
(223.96 0 0)
(224.15 0 0)
(224.341 0 0)
(224.531 0 0)
(224.722 0 0)
(224.913 0 0)
(225.103 0 0)
(225.294 0 0)
(225.485 0 0)
(225.676 0 0)
(225.867 0 0)
(226.057 0 0)
(226.248 0 0)
(226.439 0 0)
(226.63 0 0)
(226.821 0 0)
(227.012 0 0)
(227.203 0 0)
(227.394 0 0)
(227.585 0 0)
(227.777 0 0)
(227.968 0 0)
(228.159 0 0)
(228.35 0 0)
(228.541 0 0)
(228.733 0 0)
(228.924 0 0)
(229.115 0 0)
(229.307 0 0)
(229.498 0 0)
(229.69 0 0)
(229.881 0 0)
(230.073 0 0)
(230.264 0 0)
(230.456 0 0)
(230.647 0 0)
(230.839 0 0)
(231.03 0 0)
(231.222 0 0)
(231.414 0 0)
(231.606 0 0)
(231.797 0 0)
(231.989 0 0)
(232.181 0 0)
(232.373 0 0)
(232.565 0 0)
(232.756 0 0)
(232.948 0 0)
(233.14 0 0)
(233.332 0 0)
(233.524 0 0)
(233.716 0 0)
(233.908 0 0)
(234.1 0 0)
(234.292 0 0)
(234.484 0 0)
(234.677 0 0)
(234.869 0 0)
(235.061 0 0)
(235.253 0 0)
(235.445 0 0)
(235.637 0 0)
(235.83 0 0)
(236.022 0 0)
(236.214 0 0)
(236.406 0 0)
(236.598 0 0)
(236.791 0 0)
(236.983 0 0)
(237.175 0 0)
(237.367 0 0)
(237.56 0 0)
(237.752 0 0)
(237.944 0 0)
(238.136 0 0)
(238.328 0 0)
(238.52 0 0)
(238.712 0 0)
(238.904 0 0)
(239.095 0 0)
(239.287 0 0)
(239.479 0 0)
(239.67 0 0)
(239.861 0 0)
(240.052 0 0)
(240.243 0 0)
(240.434 0 0)
(240.624 0 0)
(240.815 0 0)
(241.004 0 0)
(241.194 0 0)
(241.383 0 0)
(241.572 0 0)
(241.761 0 0)
(241.949 0 0)
(242.136 0 0)
(242.323 0 0)
(242.51 0 0)
(242.696 0 0)
(242.881 0 0)
(243.066 0 0)
(243.25 0 0)
(243.433 0 0)
(243.616 0 0)
(243.797 0 0)
(243.978 0 0)
(244.158 0 0)
(244.337 0 0)
(244.515 0 0)
(244.692 0 0)
(244.867 0 0)
(245.042 0 0)
(245.216 0 0)
(245.388 0 0)
(245.56 0 0)
(245.73 0 0)
(245.899 0 0)
(246.067 0 0)
(246.233 0 0)
(246.399 0 0)
(246.563 0 0)
(246.726 0 0)
(246.888 0 0)
(247.049 0 0)
(247.209 0 0)
(247.367 0 0)
(247.525 0 0)
(247.682 0 0)
(247.838 0 0)
(247.994 0 0)
(248.149 0 0)
(248.303 0 0)
(248.456 0 0)
(248.609 0 0)
(248.762 0 0)
(248.915 0 0)
(249.067 0 0)
(249.22 0 0)
(249.372 0 0)
(249.525 0 0)
(249.678 0 0)
(249.831 0 0)
(249.985 0 0)
(250.14 0 0)
(250.295 0 0)
(250.45 0 0)
(250.607 0 0)
(250.764 0 0)
(250.923 0 0)
(251.082 0 0)
(251.243 0 0)
(251.404 0 0)
(251.567 0 0)
(251.731 0 0)
(251.896 0 0)
(252.062 0 0)
(252.23 0 0)
(252.398 0 0)
(252.568 0 0)
(252.739 0 0)
(252.912 0 0)
(253.085 0 0)
(253.26 0 0)
(253.436 0 0)
(253.613 0 0)
(253.791 0 0)
(253.97 0 0)
(254.15 0 0)
(254.331 0 0)
(254.513 0 0)
(254.696 0 0)
(254.88 0 0)
(255.065 0 0)
(255.25 0 0)
(255.436 0 0)
(255.623 0 0)
(255.81 0 0)
(255.998 0 0)
(256.187 0 0)
(256.376 0 0)
(256.566 0 0)
(256.756 0 0)
(256.946 0 0)
(257.137 0 0)
(257.329 0 0)
(257.52 0 0)
(257.713 0 0)
(257.905 0 0)
(258.098 0 0)
(258.29 0 0)
(258.484 0 0)
(258.677 0 0)
(258.87 0 0)
(259.064 0 0)
(259.258 0 0)
(259.452 0 0)
(259.646 0 0)
(259.84 0 0)
(260.034 0 0)
(260.228 0 0)
(260.423 0 0)
(260.617 0 0)
(260.811 0 0)
(261.006 0 0)
(261.2 0 0)
(261.394 0 0)
(261.588 0 0)
(261.783 0 0)
(261.977 0 0)
(262.171 0 0)
(262.364 0 0)
(262.558 0 0)
(262.752 0 0)
(262.945 0 0)
(263.138 0 0)
(263.331 0 0)
(263.524 0 0)
(263.717 0 0)
(263.91 0 0)
(264.102 0 0)
(264.294 0 0)
(264.486 0 0)
(264.677 0 0)
(264.868 0 0)
(265.058 0 0)
(265.248 0 0)
(265.437 0 0)
(265.625 0 0)
(265.812 0 0)
(265.998 0 0)
(266.181 0 0)
(266.363 0 0)
(266.541 0 0)
(266.716 0 0)
(266.887 0 0)
(267.053 0 0)
(267.215 0 0)
(267.369 0 0)
(267.518 0 0)
(267.658 0 0)
(267.791 0 0)
(267.916 0 0)
(268.032 0 0)
(268.14 0 0)
(268.24 0 0)
(268.333 0 0)
(268.421 0 0)
(268.504 0 0)
(268.587 0 0)
(268.842 0 0)
)
;

boundaryField
{
    sides
    {
        type            zeroGradient;
    }
    empty
    {
        type            empty;
    }
}


// ************************************************************************* //
