/*--------------------------------*- C++ -*----------------------------------*\
| =========                 |                                                 |
| \\      /  F ield         | OpenFOAM: The Open Source CFD Toolbox           |
|  \\    /   O peration     | Version:  2406                                  |
|   \\  /    A nd           | Website:  www.openfoam.com                      |
|    \\/     M anipulation  |                                                 |
\*---------------------------------------------------------------------------*/
FoamFile
{
    version     2.0;
    format      ascii;
    arch        "LSB;label=32;scalar=64";
    class       volScalarField;
    location    "0.015";
    object      mag(U);
}
// * * * * * * * * * * * * * * * * * * * * * * * * * * * * * * * * * * * * * //

dimensions      [0 1 -1 0 0 0 0];

internalField   nonuniform List<scalar> 
1000
(
2.75065
4.41328
5.18851
6.17052
7.17739
8.16654
9.15177
10.1381
11.1248
12.1113
13.0975
14.0833
15.0689
16.054
17.0387
18.0229
19.0066
19.9896
20.9721
21.9538
22.9348
23.915
24.8943
25.8727
26.8501
27.8265
28.8017
29.7758
30.7486
31.7201
32.6902
33.6589
34.6259
35.5913
36.555
37.5169
38.4768
39.4347
40.3905
41.3441
42.2952
43.244
44.1901
45.1335
46.0741
47.0116
47.946
48.8772
49.8049
50.729
51.6493
52.5657
53.478
54.386
55.2895
56.1884
57.0824
57.9714
58.8551
59.7333
60.6059
61.4727
62.3334
63.1878
64.0357
64.8769
65.7113
66.5386
67.3587
68.1714
68.9764
69.7738
70.5632
71.3447
72.118
72.8831
73.6399
74.3884
75.1285
75.8602
76.5835
77.2984
78.0051
78.7035
79.3939
80.0763
80.7508
81.4177
82.0772
82.7294
83.3746
84.0131
84.645
85.2708
85.8906
86.5048
87.1137
87.7175
88.3166
88.9113
89.5018
90.0885
90.6716
91.2515
91.8283
92.4024
92.9739
93.5432
94.1104
94.6758
95.2394
95.8016
96.3624
96.9221
97.4807
98.0384
98.5952
99.1514
99.7069
100.262
100.816
101.371
101.924
102.478
103.031
103.584
104.137
104.69
105.243
105.795
106.348
106.9
107.453
108.005
108.558
109.11
109.662
110.215
110.767
111.319
111.872
112.424
112.977
113.529
114.082
114.634
115.186
115.739
116.292
116.844
117.397
117.949
118.502
119.054
119.607
120.16
120.712
121.265
121.818
122.371
122.923
123.476
124.029
124.582
125.135
125.687
126.24
126.793
127.346
127.899
128.452
129.005
129.558
130.111
130.664
131.217
131.769
132.322
132.875
133.428
133.981
134.534
135.087
135.641
136.194
136.747
137.3
137.853
138.406
138.959
139.512
140.065
140.618
141.171
141.724
142.277
142.83
143.383
143.937
144.49
145.043
145.596
146.149
146.702
147.255
147.808
148.361
148.914
149.467
150.021
150.574
151.127
151.68
152.233
152.786
153.339
153.892
154.445
154.998
155.551
156.104
156.657
157.21
157.763
158.316
158.869
159.422
159.975
160.528
161.081
161.634
162.187
162.74
163.293
163.846
164.399
164.951
165.504
166.057
166.61
167.163
167.716
168.268
168.821
169.374
169.927
170.479
171.032
171.585
172.137
172.69
173.243
173.795
174.348
174.9
175.453
176.006
176.558
177.111
177.663
178.215
178.768
179.32
179.873
180.425
180.977
181.53
182.082
182.634
183.186
183.738
184.291
184.843
185.395
185.947
186.499
187.051
187.603
188.155
188.707
189.258
189.81
190.362
190.914
191.466
192.017
192.569
193.12
193.672
194.223
194.775
195.326
195.878
196.429
196.98
197.532
198.083
198.634
199.185
199.736
200.287
200.838
201.389
201.94
202.491
203.041
203.592
204.143
204.693
205.244
205.794
206.344
206.895
207.445
207.995
208.545
209.095
209.645
210.195
210.745
211.295
211.844
212.394
212.943
213.493
214.042
214.591
215.14
215.69
216.238
216.787
217.336
217.885
218.433
218.982
219.53
220.079
220.627
221.175
221.723
222.271
222.818
223.366
223.913
224.461
225.008
225.555
226.102
226.649
227.195
227.742
228.288
228.834
229.38
229.926
230.472
231.017
231.563
232.108
232.653
233.198
233.742
234.287
234.831
235.375
235.919
236.462
237.006
237.549
238.092
238.634
239.177
239.719
240.261
240.802
241.344
241.885
242.425
242.966
243.506
244.046
244.585
245.124
245.663
246.202
246.74
247.277
247.814
248.351
248.888
249.424
249.959
250.494
251.029
251.563
252.097
252.63
253.162
253.694
254.225
254.756
255.286
255.816
256.345
256.873
257.4
257.927
258.453
258.978
259.503
260.026
260.549
261.07
261.591
262.111
262.63
263.147
263.664
264.179
264.694
265.207
265.719
266.229
266.738
267.246
267.752
268.257
268.76
269.261
269.761
270.259
270.755
271.249
271.741
272.23
272.718
273.203
273.686
274.167
274.645
275.12
275.592
276.061
276.528
276.991
277.451
277.907
278.36
278.809
279.254
279.695
280.132
280.564
280.992
281.415
281.833
282.246
282.654
283.056
283.452
283.843
284.227
284.605
284.976
285.341
285.698
286.048
286.391
286.726
287.053
287.372
287.682
287.985
288.278
288.563
288.838
289.104
289.361
289.609
289.847
290.075
290.294
290.503
290.702
290.892
291.072
291.243
291.404
291.556
291.699
291.832
291.957
292.074
292.182
292.283
292.375
292.461
292.539
292.611
292.676
292.736
292.79
292.838
292.882
292.921
292.957
292.988
293.016
293.04
293.062
293.081
293.098
293.112
293.125
293.136
293.146
293.154
293.161
293.167
293.172
293.176
293.18
293.183
293.186
293.188
293.19
293.192
293.193
293.194
293.195
293.196
293.197
293.197
293.198
293.198
293.198
293.199
293.199
293.199
293.199
293.199
293.199
293.2
293.2
293.2
293.2
293.2
293.2
293.2
293.2
293.2
293.2
293.2
293.2
293.2
293.201
293.201
293.201
293.201
293.201
293.201
293.201
293.201
293.201
293.201
293.201
293.201
293.201
293.201
293.201
293.201
293.201
293.201
293.201
293.201
293.202
293.202
293.202
293.202
293.202
293.202
293.202
293.202
293.202
293.202
293.202
293.202
293.202
293.202
293.202
293.202
293.202
293.202
293.202
293.203
293.203
293.203
293.203
293.203
293.203
293.203
293.203
293.203
293.203
293.203
293.203
293.203
293.203
293.203
293.203
293.203
293.203
293.203
293.203
293.203
293.203
293.203
293.203
293.203
293.203
293.203
293.203
293.203
293.203
293.203
293.203
293.203
293.203
293.203
293.203
293.203
293.203
293.203
293.203
293.203
293.203
293.203
293.203
293.203
293.203
293.203
293.203
293.203
293.203
293.203
293.203
293.203
293.203
293.203
293.203
293.203
293.203
293.203
293.203
293.203
293.203
293.203
293.203
293.203
293.203
293.203
293.203
293.203
293.203
293.203
293.204
293.204
293.204
293.204
293.204
293.204
293.204
293.204
293.204
293.204
293.204
293.204
293.204
293.204
293.204
293.204
293.204
293.204
293.204
293.204
293.204
293.204
293.204
293.204
293.204
293.204
293.204
293.204
293.204
293.204
293.204
293.204
293.204
293.204
293.204
293.204
293.204
293.204
293.204
293.204
293.204
293.204
293.204
293.204
293.204
293.204
293.204
293.204
293.204
293.204
293.204
293.204
293.204
293.204
293.204
293.204
293.204
293.204
293.204
293.204
293.204
293.204
293.204
293.204
293.204
293.204
293.204
293.204
293.204
293.204
293.204
293.204
293.204
293.204
293.204
293.204
293.204
293.204
293.204
293.204
293.204
293.204
293.204
293.204
293.204
293.204
293.204
293.204
293.204
293.204
293.204
293.204
293.204
293.204
293.204
293.204
293.204
293.204
293.204
293.204
293.204
293.205
293.205
293.205
293.205
293.205
293.205
293.205
293.205
293.205
293.205
293.205
293.205
293.205
293.205
293.205
293.205
293.205
293.205
293.205
293.205
293.205
293.205
293.205
293.205
293.205
293.205
293.205
293.205
293.205
293.205
293.205
293.205
293.205
293.205
293.205
293.205
293.205
293.205
293.205
293.205
293.205
293.205
293.205
293.205
293.205
293.205
293.205
293.205
293.205
293.205
293.205
293.205
293.205
293.205
293.205
293.205
293.205
293.205
293.205
293.205
293.205
293.205
293.205
293.205
293.205
293.205
293.205
293.205
293.205
293.205
293.205
293.205
293.205
293.205
293.205
293.205
293.205
293.205
293.205
293.205
293.205
293.205
293.205
293.205
293.205
293.205
293.205
293.205
293.205
293.205
293.205
293.205
293.205
293.205
293.205
293.205
293.205
293.205
293.205
293.205
293.205
293.205
293.205
293.205
293.205
293.205
293.205
293.205
293.205
293.205
293.205
293.205
293.205
293.205
293.205
293.205
293.205
293.205
293.205
293.205
293.205
293.205
293.205
293.205
293.205
293.205
293.205
293.205
293.205
293.205
293.205
293.204
293.204
293.204
293.204
293.204
293.204
293.204
293.204
293.204
293.204
293.203
293.203
293.202
293.201
293.2
293.199
293.197
293.194
293.19
293.185
293.179
293.17
293.159
293.144
293.127
293.105
293.079
293.047
293.01
292.967
292.917
292.861
292.797
292.727
292.65
292.567
292.479
292.386
292.29
292.191
292.092
291.992
291.893
291.797
291.704
291.616
291.532
291.455
291.383
291.317
291.257
291.204
291.157
291.115
291.078
291.047
291.019
290.996
290.976
290.959
290.945
290.933
290.923
290.915
290.908
290.902
290.896
290.892
290.887
290.884
290.881
290.878
290.875
290.873
290.87
290.868
290.866
290.864
290.862
290.861
290.859
290.857
290.856
290.854
290.853
290.852
290.85
290.849
290.848
290.847
290.846
290.845
290.844
290.843
290.843
290.842
290.841
290.841
290.84
290.84
290.839
290.839
290.838
)
;

boundaryField
{
    sides
    {
        type            calculated;
        value           nonuniform List<scalar> 2(290.838 2.75065);
    }
    empty
    {
        type            empty;
    }
}


// ************************************************************************* //
