/*--------------------------------*- C++ -*----------------------------------*\
| =========                 |                                                 |
| \\      /  F ield         | OpenFOAM: The Open Source CFD Toolbox           |
|  \\    /   O peration     | Version:  2406                                  |
|   \\  /    A nd           | Website:  www.openfoam.com                      |
|    \\/     M anipulation  |                                                 |
\*---------------------------------------------------------------------------*/
FoamFile
{
    version     2.0;
    format      ascii;
    arch        "LSB;label=32;scalar=64";
    class       volScalarField;
    location    "0.047";
    object      mag(U);
}
// * * * * * * * * * * * * * * * * * * * * * * * * * * * * * * * * * * * * * //

dimensions      [0 1 -1 0 0 0 0];

internalField   nonuniform List<scalar> 
1000
(
19.5108
19.7493
20.0587
20.314
20.5362
20.7558
20.981
21.2088
21.4366
21.6637
21.8906
22.1175
22.3443
22.5711
22.7978
23.0244
23.2509
23.4774
23.7037
23.93
24.1561
24.3822
24.6082
24.834
25.0598
25.2854
25.5109
25.7363
25.9615
26.1867
26.4117
26.6365
26.8612
27.0858
27.3102
27.5344
27.7585
27.9824
28.2061
28.4297
28.6531
28.8763
29.0993
29.3222
29.5448
29.7672
29.9894
30.2114
30.4332
30.6547
30.876
31.0971
31.3179
31.5385
31.7588
31.9789
32.1987
32.4182
32.6375
32.8564
33.0751
33.2935
33.5115
33.7293
33.9467
34.1637
34.3804
34.5968
34.8128
35.0284
35.2437
35.4585
35.673
35.8871
36.1007
36.3139
36.5267
36.7391
36.951
37.1626
37.3738
37.5845
37.7945
38.0039
38.2128
38.4212
38.6291
38.8365
39.0434
39.2497
39.4555
39.6607
39.8654
40.0695
40.2729
40.4758
40.6781
40.8797
41.0806
41.281
41.4806
41.6796
41.8778
42.0754
42.2723
42.4684
42.6638
42.8584
43.0523
43.2453
43.4376
43.6291
43.8198
44.0097
44.1987
44.3868
44.5741
44.7605
44.9461
45.1307
45.3144
45.4973
45.6791
45.8601
46.04
46.2191
46.3971
46.5742
46.7502
46.9253
47.0993
47.2723
47.4443
47.6153
47.7852
47.954
48.1218
48.2886
48.4542
48.6188
48.7823
48.9447
49.1061
49.2663
49.4254
49.5835
49.7405
49.8963
50.0511
50.2048
50.3574
50.5089
50.6594
50.8087
50.957
51.1042
51.2504
51.3955
51.5396
51.6827
51.8247
51.9657
52.1058
52.2448
52.3829
52.5201
52.6562
52.7915
52.9259
53.0593
53.1919
53.3237
53.4546
53.5847
53.714
53.8425
53.9702
54.0972
54.2235
54.3491
54.474
54.5983
54.7219
54.8449
54.9674
55.0892
55.2105
55.3313
55.4516
55.5714
55.6907
55.8096
55.928
56.0461
56.1637
56.281
56.398
56.5146
56.6309
56.7469
56.8626
56.9781
57.0933
57.2082
57.323
57.4376
57.5519
57.6661
57.7801
57.894
58.0077
58.1213
58.2348
58.3481
58.4614
58.5746
58.6876
58.8007
58.9136
59.0265
59.1393
59.2521
59.3648
59.4775
59.5902
59.7029
59.8155
59.9281
60.0407
60.1533
60.2659
60.3785
60.4911
60.6037
60.7163
60.829
60.9416
61.0543
61.1669
61.2796
61.3923
61.5051
61.6178
61.7306
61.8434
61.9562
62.0691
62.182
62.2949
62.4079
62.5209
62.6339
62.7469
62.86
62.9731
63.0863
63.1995
63.3127
63.4259
63.5392
63.6525
63.7659
63.8793
63.9927
64.1062
64.2197
64.3332
64.4468
64.5604
64.674
64.7877
64.9014
65.0152
65.129
65.2428
65.3567
65.4706
65.5845
65.6985
65.8125
65.9265
66.0406
66.1547
66.2689
66.3831
66.4973
66.6116
66.7259
66.8402
66.9546
67.069
67.1834
67.2979
67.4124
67.5269
67.6415
67.7561
67.8708
67.9855
68.1002
68.215
68.3298
68.4446
68.5595
68.6744
68.7893
68.9043
69.0193
69.1343
69.2494
69.3645
69.4797
69.5948
69.7101
69.8253
69.9406
70.0559
70.1713
70.2867
70.4021
70.5176
70.6331
70.7486
70.8642
70.9798
71.0954
71.2111
71.3268
71.4426
71.5584
71.6742
71.79
71.9059
72.0218
72.1378
72.2538
72.3698
72.4858
72.6019
72.7181
72.8342
72.9504
73.0666
73.1829
73.2992
73.4155
73.5319
73.6483
73.7647
73.8812
73.9977
74.1143
74.2308
74.3474
74.4641
74.5807
74.6975
74.8142
74.931
75.0478
75.1646
75.2815
75.3984
75.5154
75.6323
75.7493
75.8664
75.9835
76.1006
76.2177
76.3349
76.4521
76.5694
76.6866
76.804
76.9213
77.0387
77.1561
77.2735
77.391
77.5085
77.6261
77.7437
77.8613
77.9789
78.0966
78.2143
78.3321
78.4498
78.5676
78.6855
78.8034
78.9213
79.0392
79.1572
79.2752
79.3932
79.5113
79.6294
79.7475
79.8657
79.9839
80.1021
80.2204
80.3387
80.457
80.5754
80.6938
80.8122
80.9307
81.0492
81.1677
81.2863
81.4049
81.5235
81.6421
81.7608
81.8795
81.9983
82.1171
82.2359
82.3547
82.4736
82.5925
82.7115
82.8304
82.9494
83.0685
83.1876
83.3067
83.4258
83.545
83.6642
83.7834
83.9026
84.0219
84.1413
84.2606
84.38
84.4994
84.6189
84.7384
84.8579
84.9774
85.097
85.2166
85.3362
85.4559
85.5756
85.6953
85.8151
85.9349
86.0547
86.1746
86.2945
86.4144
86.5344
86.6543
86.7744
86.8944
87.0145
87.1346
87.2547
87.3749
87.4951
87.6153
87.7356
87.8559
87.9762
88.0966
88.217
88.3374
88.4578
88.5783
88.6988
88.8194
88.94
89.0606
89.1812
89.3019
89.4226
89.5433
89.664
89.7848
89.9056
90.0265
90.1474
90.2683
90.3892
90.5102
90.6312
90.7522
90.8733
90.9944
91.1155
91.2367
91.3579
91.4791
91.6003
91.7216
91.8429
91.9642
92.0856
92.207
92.3284
92.4499
92.5714
92.6929
92.8145
92.936
93.0576
93.1793
93.301
93.4227
93.5444
93.6661
93.7879
93.9098
94.0316
94.1535
94.2754
94.3973
94.5193
94.6413
94.7633
94.8854
95.0075
95.1296
95.2518
95.374
95.4962
95.6184
95.7407
95.863
95.9853
96.1077
96.2301
96.3525
96.4749
96.5974
96.7199
96.8424
96.965
97.0876
97.2102
97.3329
97.4556
97.5783
97.701
97.8238
97.9466
98.0694
98.1923
98.3152
98.4381
98.5611
98.6841
98.8071
98.9301
99.0532
99.1763
99.2994
99.4226
99.5457
99.669
99.7922
99.9155
100.039
100.162
100.285
100.409
100.532
100.656
100.779
100.903
101.026
101.15
101.273
101.397
101.521
101.644
101.768
101.892
102.016
102.139
102.263
102.387
102.511
102.635
102.759
102.883
103.007
103.131
103.255
103.379
103.503
103.627
103.751
103.876
104
104.124
104.248
104.373
104.497
104.621
104.746
104.87
104.995
105.119
105.244
105.368
105.493
105.617
105.742
105.866
105.991
106.116
106.241
106.365
106.49
106.615
106.74
106.865
106.989
107.114
107.239
107.364
107.489
107.614
107.739
107.864
107.989
108.114
108.239
108.364
108.489
108.614
108.739
108.865
108.99
109.115
109.24
109.365
109.49
109.615
109.74
109.865
109.99
110.115
110.24
110.365
110.49
110.614
110.739
110.864
110.988
111.113
111.237
111.362
111.486
111.61
111.734
111.858
111.981
112.105
112.228
112.351
112.474
112.597
112.719
112.842
112.964
113.085
113.207
113.328
113.449
113.569
113.689
113.809
113.928
114.047
114.166
114.284
114.401
114.518
114.635
114.751
114.867
114.982
115.096
115.21
115.323
115.436
115.548
115.66
115.771
115.881
115.99
116.099
116.208
116.315
116.422
116.528
116.634
116.739
116.844
116.947
117.051
117.153
117.255
117.357
117.458
117.558
117.658
117.757
117.857
117.955
118.054
118.152
118.249
118.347
118.444
118.541
118.638
118.735
118.832
118.929
119.026
119.124
119.221
119.319
119.416
119.514
119.613
119.711
119.81
119.91
120.01
120.111
120.212
120.313
120.415
120.518
120.622
120.726
120.831
120.936
121.042
121.149
121.257
121.365
121.474
121.584
121.695
121.806
121.918
122.031
122.144
122.259
122.374
122.489
122.605
122.722
122.84
122.958
123.077
123.197
123.317
123.437
123.559
123.68
123.803
123.926
124.049
124.173
124.297
124.422
124.547
124.672
124.798
124.924
125.051
125.178
125.305
125.433
125.561
125.689
125.817
125.946
126.075
126.204
126.333
126.463
126.592
126.722
126.852
126.982
127.112
127.243
127.373
127.503
127.634
127.764
127.895
128.026
128.156
128.287
128.417
128.547
128.677
128.807
128.937
129.067
129.196
129.325
129.454
129.582
129.71
129.837
129.964
130.09
130.215
130.34
130.464
130.587
130.709
130.83
130.949
131.068
131.185
131.301
131.415
131.527
131.638
131.747
131.855
131.96
132.063
132.165
132.264
132.361
132.456
132.548
132.638
132.726
132.812
132.896
132.977
133.056
133.133
133.208
133.281
133.352
133.421
133.489
133.555
133.621
133.685
133.748
133.81
133.871
133.932
133.993
134.054
134.115
134.175
134.237
134.299
134.361
134.424
134.489
134.554
134.62
134.687
134.756
134.826
134.898
134.97
135.045
135.12
135.197
135.276
135.356
135.438
135.521
135.605
135.691
135.779
135.867
135.957
136.049
136.141
136.235
136.331
136.427
136.525
136.624
136.724
136.825
136.927
137.03
137.134
137.239
137.346
137.453
137.561
137.67
137.78
137.891
138.003
138.115
138.229
138.343
138.458
138.574
138.69
138.808
138.926
139.045
139.164
139.285
139.406
139.527
139.65
139.773
139.897
140.021
140.146
140.272
140.398
140.525
140.652
140.781
140.909
141.038
141.168
141.299
141.43
141.561
141.693
141.826
141.959
142.093
142.227
142.361
142.497
142.632
142.768
142.905
143.042
143.18
143.318
143.456
143.595
143.735
143.875
144.015
144.156
144.297
144.439
144.581
144.724
144.867
145.01
145.154
145.298
145.442
145.587
145.733
145.879
146.025
146.171
146.318
146.466
146.613
146.761
146.91
147.059
147.208
147.357
147.507
147.657
147.808
147.959
148.11
148.262
148.414
148.566
148.718
148.871
149.025
149.178
149.332
149.486
149.641
149.796
149.952
150.108
150.266
150.535
)
;

boundaryField
{
    sides
    {
        type            calculated;
        value           nonuniform List<scalar> 2(150.535 19.5108);
    }
    empty
    {
        type            empty;
    }
}


// ************************************************************************* //
