/*--------------------------------*- C++ -*----------------------------------*\
| =========                 |                                                 |
| \\      /  F ield         | OpenFOAM: The Open Source CFD Toolbox           |
|  \\    /   O peration     | Version:  2406                                  |
|   \\  /    A nd           | Website:  www.openfoam.com                      |
|    \\/     M anipulation  |                                                 |
\*---------------------------------------------------------------------------*/
FoamFile
{
    version     2.0;
    format      ascii;
    arch        "LSB;label=32;scalar=64";
    class       volScalarField;
    location    "0.047";
    object      p;
}
// * * * * * * * * * * * * * * * * * * * * * * * * * * * * * * * * * * * * * //

dimensions      [1 -1 -2 0 0 0 0];

internalField   nonuniform List<scalar> 
1000
(
9489.46
9488.45
9486.73
9485.23
9483.94
9482.71
9481.47
9480.22
9478.98
9477.75
9476.54
9475.34
9474.15
9472.98
9471.81
9470.66
9469.53
9468.4
9467.29
9466.19
9465.1
9464.03
9462.97
9461.92
9460.89
9459.87
9458.86
9457.87
9456.89
9455.93
9454.98
9454.04
9453.12
9452.21
9451.32
9450.44
9449.58
9448.73
9447.9
9447.08
9446.28
9445.49
9444.72
9443.97
9443.23
9442.51
9441.81
9441.12
9440.45
9439.8
9439.16
9438.54
9437.94
9437.36
9436.8
9436.26
9435.73
9435.23
9434.74
9434.27
9433.83
9433.4
9433
9432.61
9432.25
9431.91
9431.6
9431.3
9431.03
9430.78
9430.56
9430.36
9430.18
9430.03
9429.91
9429.81
9429.73
9429.69
9429.67
9429.67
9429.7
9429.75
9429.85
9429.97
9430.13
9430.31
9430.53
9430.77
9431.05
9431.36
9431.69
9432.06
9432.47
9432.9
9433.37
9433.88
9434.42
9434.99
9435.6
9436.25
9436.94
9437.66
9438.43
9439.23
9440.07
9440.95
9441.87
9442.84
9443.84
9444.89
9445.99
9447.12
9448.3
9449.53
9450.8
9452.12
9453.49
9454.9
9456.36
9457.87
9459.43
9461.04
9462.7
9464.41
9466.18
9467.99
9469.86
9471.78
9473.75
9475.78
9477.86
9480
9482.2
9484.45
9486.75
9489.12
9491.54
9494.01
9496.55
9499.14
9501.8
9504.51
9507.28
9510.11
9512.99
9515.94
9518.95
9522.01
9525.14
9528.32
9531.57
9534.87
9538.23
9541.65
9545.13
9548.67
9552.26
9555.92
9559.63
9563.39
9567.22
9571.1
9575.03
9579.02
9583.07
9587.16
9591.31
9595.51
9599.77
9604.07
9608.43
9612.83
9617.28
9621.78
9626.32
9630.91
9635.54
9640.22
9644.94
9649.7
9654.5
9659.34
9664.22
9669.14
9674.09
9679.07
9684.1
9689.15
9694.24
9699.36
9704.5
9709.68
9714.89
9720.12
9725.38
9730.66
9735.97
9741.3
9746.66
9752.04
9757.44
9762.85
9768.29
9773.75
9779.22
9784.72
9790.22
9795.75
9801.29
9806.84
9812.41
9817.99
9823.59
9829.2
9834.82
9840.45
9846.09
9851.75
9857.41
9863.09
9868.77
9874.46
9880.17
9885.88
9891.6
9897.32
9903.06
9908.8
9914.56
9920.31
9926.08
9931.85
9937.63
9943.42
9949.21
9955.01
9960.82
9966.63
9972.45
9978.27
9984.1
9989.94
9995.78
10001.6
10007.5
10013.3
10019.2
10025.1
10030.9
10036.8
10042.7
10048.6
10054.5
10060.4
10066.3
10072.2
10078.1
10084.1
10090
10095.9
10101.8
10107.8
10113.7
10119.7
10125.6
10131.6
10137.6
10143.6
10149.5
10155.5
10161.5
10167.5
10173.5
10179.5
10185.5
10191.5
10197.5
10203.6
10209.6
10215.6
10221.7
10227.7
10233.7
10239.8
10245.9
10251.9
10258
10264.1
10270.1
10276.2
10282.3
10288.4
10294.5
10300.6
10306.7
10312.8
10319
10325.1
10331.2
10337.3
10343.5
10349.6
10355.8
10361.9
10368.1
10374.3
10380.4
10386.6
10392.8
10399
10405.2
10411.4
10417.6
10423.8
10430
10436.2
10442.4
10448.6
10454.9
10461.1
10467.3
10473.6
10479.8
10486.1
10492.4
10498.6
10504.9
10511.2
10517.5
10523.7
10530
10536.3
10542.6
10548.9
10555.3
10561.6
10567.9
10574.2
10580.6
10586.9
10593.2
10599.6
10605.9
10612.3
10618.7
10625
10631.4
10637.8
10644.2
10650.6
10657
10663.4
10669.8
10676.2
10682.6
10689
10695.4
10701.9
10708.3
10714.7
10721.2
10727.6
10734.1
10740.6
10747
10753.5
10760
10766.5
10772.9
10779.4
10785.9
10792.4
10799
10805.5
10812
10818.5
10825
10831.6
10838.1
10844.7
10851.2
10857.8
10864.3
10870.9
10877.5
10884
10890.6
10897.2
10903.8
10910.4
10917
10923.6
10930.2
10936.9
10943.5
10950.1
10956.7
10963.4
10970
10976.7
10983.3
10990
10996.7
11003.3
11010
11016.7
11023.4
11030.1
11036.8
11043.5
11050.2
11056.9
11063.6
11070.3
11077.1
11083.8
11090.6
11097.3
11104.1
11110.8
11117.6
11124.3
11131.1
11137.9
11144.7
11151.5
11158.3
11165.1
11171.9
11178.7
11185.5
11192.3
11199.1
11206
11212.8
11219.7
11226.5
11233.4
11240.2
11247.1
11254
11260.8
11267.7
11274.6
11281.5
11288.4
11295.3
11302.2
11309.1
11316
11323
11329.9
11336.8
11343.8
11350.7
11357.7
11364.6
11371.6
11378.6
11385.5
11392.5
11399.5
11406.5
11413.5
11420.5
11427.5
11434.5
11441.5
11448.5
11455.6
11462.6
11469.6
11476.7
11483.7
11490.8
11497.9
11504.9
11512
11519.1
11526.2
11533.3
11540.3
11547.5
11554.6
11561.7
11568.8
11575.9
11583
11590.2
11597.3
11604.5
11611.6
11618.8
11625.9
11633.1
11640.3
11647.4
11654.6
11661.8
11669
11676.2
11683.4
11690.6
11697.9
11705.1
11712.3
11719.5
11726.8
11734
11741.3
11748.5
11755.8
11763.1
11770.4
11777.6
11784.9
11792.2
11799.5
11806.8
11814.1
11821.4
11828.8
11836.1
11843.4
11850.7
11858.1
11865.4
11872.8
11880.2
11887.5
11894.9
11902.3
11909.7
11917
11924.4
11931.8
11939.2
11946.7
11954.1
11961.5
11968.9
11976.4
11983.8
11991.2
11998.7
12006.2
12013.6
12021.1
12028.6
12036
12043.5
12051
12058.5
12066
12073.5
12081
12088.6
12096.1
12103.6
12111.2
12118.7
12126.3
12133.8
12141.4
12148.9
12156.5
12164.1
12171.7
12179.3
12186.9
12194.5
12202.1
12209.7
12217.3
12224.9
12232.6
12240.2
12247.9
12255.5
12263.2
12270.8
12278.5
12286.2
12293.8
12301.5
12309.2
12316.9
12324.6
12332.3
12340.1
12347.8
12355.5
12363.2
12371
12378.7
12386.5
12394.2
12402
12409.8
12417.5
12425.3
12433.1
12440.9
12448.7
12456.5
12464.3
12472.1
12479.9
12487.8
12495.6
12503.4
12511.3
12519.1
12527
12534.9
12542.7
12550.6
12558.5
12566.4
12574.3
12582.2
12590.1
12598
12605.9
12613.9
12621.8
12629.7
12637.7
12645.7
12653.6
12661.6
12669.6
12677.5
12685.5
12693.5
12701.5
12709.5
12717.6
12725.6
12733.6
12741.7
12749.7
12757.8
12765.8
12773.9
12782
12790.1
12798.2
12806.3
12814.4
12822.6
12830.7
12838.9
12847
12855.2
12863.4
12871.6
12879.8
12888.1
12896.3
12904.6
12912.9
12921.2
12929.5
12937.8
12946.2
12954.6
12963
12971.4
12979.8
12988.3
12996.8
13005.3
13013.9
13022.4
13031
13039.7
13048.3
13057
13065.8
13074.6
13083.4
13092.2
13101.1
13110
13119
13128
13137
13146.1
13155.3
13164.5
13173.7
13183
13192.3
13201.7
13211.1
13220.6
13230.2
13239.8
13249.4
13259.1
13268.9
13278.7
13288.5
13298.4
13308.4
13318.4
13328.5
13338.6
13348.8
13359
13369.2
13379.6
13389.9
13400.3
13410.7
13421.2
13431.7
13442.2
13452.8
13463.4
13474
13484.6
13495.3
13506
13516.7
13527.4
13538.1
13548.8
13559.5
13570.2
13580.9
13591.6
13602.3
13613
13623.6
13634.3
13644.9
13655.5
13666.1
13676.6
13687.1
13697.6
13708.1
13718.5
13728.9
13739.3
13749.6
13759.9
13770.1
13780.3
13790.5
13800.6
13810.7
13820.7
13830.7
13840.7
13850.6
13860.5
13870.3
13880.1
13889.9
13899.6
13909.3
13919
13928.6
13938.2
13947.8
13957.3
13966.8
13976.3
13985.7
13995.2
14004.5
14013.9
14023.3
14032.6
14041.9
14051.2
14060.5
14069.7
14079
14088.2
14097.4
14106.6
14115.8
14125
14134.1
14143.3
14152.4
14161.6
14170.7
14179.8
14189
14198.1
14207.2
14216.4
14225.5
14234.6
14243.7
14252.9
14262
14271.2
14280.3
14289.5
14298.6
14307.8
14317
14326.2
14335.5
14344.7
14354
14363.3
14372.6
14382
14391.4
14400.8
14410.3
14419.8
14429.3
14438.9
14448.6
14458.4
14468.2
14478
14488
14498
14508.2
14518.4
14528.7
14539.2
14549.8
14560.5
14571.3
14582.2
14593.3
14604.6
14616
14627.6
14639.3
14651.2
14663.3
14675.5
14688
14700.6
14713.4
14726.3
14739.5
14752.8
14766.3
14779.9
14793.7
14807.7
14821.8
14836
14850.4
14864.8
14879.4
14894
14908.8
14923.6
14938.4
14953.3
14968.3
14983.2
14998.1
15013.1
15028
15042.9
15057.7
15072.5
15087.3
15102
15116.6
15131.1
15145.6
15159.9
15174.2
15188.4
15202.5
15216.6
15230.5
15244.3
15258
15271.7
15285.2
15298.7
15312
15325.3
15338.5
15351.6
15364.6
15377.6
15390.4
15403.2
15415.9
15428.5
15441.1
15453.6
15466
15478.3
15490.6
15502.9
15515
15527.1
15539.2
15551.1
15563.1
15574.9
15586.7
15598.5
15610.2
15621.9
15633.5
15645
15656.6
15668
15679.4
15690.8
15702.1
15713.4
15724.7
15735.9
15747
15758.1
15769.2
15780.3
15791.3
15802.2
15813.1
15824
15834.9
15845.7
15856.5
15867.2
15877.9
15888.6
15899.3
15909.9
15920.5
15931
15941.5
15952
15962.5
15972.9
15983.3
15993.6
16004
16014.3
16024.6
16034.8
16045.1
16055.3
16065.4
16075.6
16085.7
16095.8
16105.8
16115.9
16125.9
16135.9
16145.9
16155.8
16165.7
16175.6
16185.5
16195.3
16205.2
16215
16224.8
16234.5
16244.3
16254
16263.7
16273.3
16283
16292.6
16302.2
16311.8
16321.4
16331
16340.5
16350
16359.5
16369
16378.4
16387.8
16397.3
16406.7
16416
16425.4
16434.7
16444.1
16453.4
16462.7
16471.9
16481.2
16490.4
16499.6
16508.6
)
;

boundaryField
{
    sides
    {
        type            zeroGradient;
    }
    empty
    {
        type            empty;
    }
}


// ************************************************************************* //
