/*--------------------------------*- C++ -*----------------------------------*\
| =========                 |                                                 |
| \\      /  F ield         | OpenFOAM: The Open Source CFD Toolbox           |
|  \\    /   O peration     | Version:  2406                                  |
|   \\  /    A nd           | Website:  www.openfoam.com                      |
|    \\/     M anipulation  |                                                 |
\*---------------------------------------------------------------------------*/
FoamFile
{
    version     2.0;
    format      ascii;
    arch        "LSB;label=32;scalar=64";
    class       surfaceScalarField;
    location    "0.047";
    object      phi;
}
// * * * * * * * * * * * * * * * * * * * * * * * * * * * * * * * * * * * * * //

dimensions      [1 0 -1 0 0 0 0];

oriented        oriented;

internalField   nonuniform List<scalar> 
999
(
14.7909
14.9579
15.1248
15.2916
15.4582
15.6248
15.7913
15.9576
16.1239
16.29
16.456
16.6219
16.7877
16.9534
17.1189
17.2843
17.4496
17.6148
17.7799
17.9449
18.1097
18.2743
18.4388
18.6032
18.7675
18.9317
19.0958
19.2597
19.4234
19.5869
19.7502
19.9134
20.0765
20.2396
20.4025
20.5653
20.7279
20.8903
21.0524
21.2143
21.3759
21.5374
21.6988
21.86
22.0213
22.1824
22.3435
22.5044
22.6652
22.8257
22.986
23.1459
23.3055
23.4647
23.6236
23.7822
23.9406
24.0987
24.2567
24.4147
24.5726
24.7305
24.8885
25.0466
25.2046
25.3627
25.5208
25.6789
25.8368
25.9946
26.1522
26.3096
26.4668
26.6238
26.7807
26.9375
27.0942
27.2507
27.4071
27.5634
27.7195
27.8752
28.0305
28.1856
28.3403
28.4947
28.6488
28.8026
28.9561
29.1092
29.2621
29.4146
29.5667
29.7185
29.8699
30.021
30.1717
30.322
30.4719
30.6214
30.7706
30.9193
31.0676
31.2155
31.363
31.5101
31.6567
31.8029
31.9486
32.0939
32.2387
32.3831
32.527
32.6704
32.8133
32.9557
33.0976
33.2391
33.38
33.5204
33.6603
33.7996
33.9384
34.0767
34.2145
34.3516
34.4883
34.6244
34.7599
34.8948
35.0292
35.163
35.2963
35.4289
35.561
35.6925
35.8233
35.9536
36.0833
36.2124
36.3409
36.4688
36.5961
36.7229
36.849
36.9745
37.0994
37.2237
37.3474
37.4706
37.5931
37.7151
37.8364
37.9572
38.0775
38.1971
38.3162
38.4347
38.5527
38.6702
38.7871
38.9035
39.0193
39.1347
39.2495
39.3639
39.4778
39.5912
39.7041
39.8166
39.9287
40.0403
40.1515
40.2623
40.3727
40.4828
40.5924
40.7017
40.8107
40.9194
41.0277
41.1357
41.2435
41.3509
41.4581
41.5651
41.6718
41.7783
41.8846
41.9906
42.0965
42.2022
42.3078
42.4132
42.5185
42.6236
42.7287
42.8336
42.9384
43.0431
43.1478
43.2524
43.357
43.4615
43.5659
43.6704
43.7748
43.8792
43.9836
44.088
44.1924
44.2968
44.4012
44.5057
44.6102
44.7147
44.8193
44.9239
45.0286
45.1333
45.2381
45.343
45.4479
45.5529
45.658
45.7631
45.8684
45.9737
46.0791
46.1846
46.2902
46.3958
46.5016
46.6075
46.7134
46.8195
46.9257
47.0319
47.1383
47.2448
47.3514
47.458
47.5648
47.6717
47.7788
47.8859
47.9931
48.1004
48.2079
48.3155
48.4231
48.5309
48.6388
48.7468
48.855
48.9632
49.0716
49.1801
49.2887
49.3974
49.5062
49.6151
49.7242
49.8333
49.9426
50.052
50.1615
50.2712
50.3809
50.4908
50.6008
50.7109
50.8211
50.9315
51.0419
51.1525
51.2632
51.374
51.4849
51.596
51.7071
51.8184
51.9298
52.0413
52.153
52.2647
52.3766
52.4886
52.6007
52.713
52.8253
52.9378
53.0504
53.1631
53.2759
53.3889
53.5019
53.6151
53.7284
53.8418
53.9554
54.0691
54.1828
54.2967
54.4108
54.5249
54.6392
54.7536
54.8681
54.9827
55.0975
55.2123
55.3273
55.4424
55.5577
55.673
55.7885
55.9041
56.0198
56.1357
56.2516
56.3677
56.4839
56.6002
56.7167
56.8332
56.9499
57.0668
57.1837
57.3008
57.4179
57.5352
57.6527
57.7702
57.8879
58.0057
58.1236
58.2416
58.3598
58.4781
58.5965
58.715
58.8337
58.9525
59.0714
59.1904
59.3096
59.4289
59.5483
59.6678
59.7874
59.9072
60.0271
60.1471
60.2673
60.3876
60.508
60.6285
60.7491
60.8699
60.9908
61.1118
61.233
61.3543
61.4757
61.5972
61.7188
61.8406
61.9625
62.0845
62.2067
62.329
62.4514
62.5739
62.6966
62.8194
62.9423
63.0653
63.1885
63.3118
63.4352
63.5588
63.6824
63.8062
63.9302
64.0542
64.1784
64.3027
64.4272
64.5517
64.6764
64.8012
64.9262
65.0513
65.1765
65.3018
65.4273
65.5529
65.6786
65.8044
65.9304
66.0565
66.1828
66.3091
66.4356
66.5622
66.689
66.8159
66.9429
67.07
67.1973
67.3247
67.4522
67.5799
67.7077
67.8356
67.9637
68.0919
68.2202
68.3486
68.4772
68.6059
68.7347
68.8637
68.9928
69.122
69.2514
69.3809
69.5105
69.6403
69.7702
69.9002
70.0303
70.1606
70.291
70.4216
70.5523
70.6831
70.814
70.9451
71.0763
71.2076
71.3391
71.4707
71.6025
71.7343
71.8664
71.9985
72.1308
72.2632
72.3957
72.5284
72.6612
72.7942
72.9272
73.0605
73.1938
73.3273
73.4609
73.5947
73.7285
73.8626
73.9967
74.131
74.2654
74.4
74.5347
74.6695
74.8045
74.9396
75.0748
75.2102
75.3457
75.4814
75.6172
75.7531
75.8891
76.0253
76.1617
76.2981
76.4347
76.5715
76.7084
76.8454
76.9825
77.1198
77.2572
77.3948
77.5325
77.6704
77.8083
77.9464
78.0847
78.2231
78.3616
78.5003
78.6391
78.7781
78.9171
79.0564
79.1957
79.3352
79.4749
79.6147
79.7546
79.8946
80.0348
80.1752
80.3157
80.4563
80.597
80.7379
80.879
81.0202
81.1615
81.3029
81.4445
81.5863
81.7282
81.8702
82.0124
82.1547
82.2971
82.4397
82.5824
82.7253
82.8683
83.0115
83.1548
83.2982
83.4418
83.5855
83.7294
83.8734
84.0176
84.1619
84.3063
84.4509
84.5956
84.7405
84.8855
85.0307
85.176
85.3214
85.467
85.6127
85.7586
85.9046
86.0508
86.1971
86.3436
86.4902
86.6369
86.7838
86.9308
87.078
87.2253
87.3728
87.5204
87.6682
87.8161
87.9641
88.1123
88.2607
88.4092
88.5578
88.7066
88.8555
89.0046
89.1538
89.3032
89.4527
89.6023
89.7521
89.9021
90.0522
90.2025
90.3529
90.5034
90.6541
90.8049
90.9559
91.1071
91.2583
91.4098
91.5614
91.7131
91.865
92.017
92.1692
92.3215
92.474
92.6266
92.7794
92.9323
93.0854
93.2386
93.392
93.5455
93.6992
93.853
94.007
94.1611
94.3153
94.4698
94.6243
94.7791
94.9339
95.089
95.2441
95.3995
95.5549
95.7106
95.8664
96.0223
96.1784
96.3346
96.491
96.6475
96.8042
96.961
97.118
97.2751
97.4324
97.5898
97.7474
97.9052
98.063
98.2211
98.3792
98.5376
98.696
98.8547
99.0134
99.1723
99.3314
99.4906
99.6499
99.8094
99.969
100.129
100.289
100.449
100.609
100.769
100.929
101.09
101.251
101.411
101.572
101.733
101.895
102.056
102.217
102.379
102.54
102.702
102.863
103.025
103.187
103.349
103.511
103.673
103.835
103.998
104.16
104.322
104.484
104.647
104.809
104.971
105.134
105.296
105.458
105.621
105.783
105.945
106.107
106.269
106.431
106.593
106.755
106.917
107.078
107.24
107.401
107.562
107.723
107.884
108.045
108.206
108.366
108.526
108.686
108.846
109.006
109.165
109.324
109.483
109.642
109.801
109.959
110.117
110.275
110.433
110.591
110.748
110.905
111.062
111.219
111.376
111.533
111.689
111.846
112.002
112.158
112.315
112.471
112.627
112.783
112.94
113.096
113.252
113.409
113.566
113.723
113.88
114.037
114.194
114.352
114.51
114.668
114.827
114.986
115.145
115.305
115.465
115.626
115.787
115.949
116.111
116.273
116.436
116.6
116.764
116.928
117.094
117.259
117.426
117.592
117.76
117.928
118.096
118.265
118.435
118.605
118.776
118.948
119.12
119.292
119.465
119.639
119.813
119.987
120.162
120.338
120.514
120.691
120.868
121.045
121.223
121.402
121.58
121.76
121.939
122.12
122.3
122.481
122.662
122.844
123.026
123.208
123.391
123.574
123.757
123.941
124.125
124.309
124.494
124.679
124.864
125.049
125.235
125.421
125.607
125.793
125.98
126.167
126.354
126.541
126.728
126.916
127.104
127.292
127.48
127.668
127.856
128.045
128.233
128.422
128.611
128.8
128.988
129.177
129.366
129.555
129.743
129.932
130.12
130.309
130.497
130.685
130.872
131.06
131.247
131.433
131.619
131.805
131.99
132.174
132.358
132.541
132.724
132.906
133.087
133.267
133.446
133.624
133.801
133.978
134.153
134.327
134.5
134.672
134.843
135.013
135.182
135.35
135.517
135.683
135.849
136.013
136.176
136.339
136.501
136.663
136.824
136.985
137.146
137.306
137.466
137.626
137.787
137.947
138.108
138.269
138.43
138.592
138.755
138.918
139.082
139.247
139.412
139.579
139.746
139.914
140.084
140.254
140.425
140.597
140.77
140.944
141.119
141.295
141.472
141.65
141.829
142.009
142.19
142.372
142.555
142.739
142.923
143.109
143.295
143.482
143.67
143.859
144.048
144.239
144.43
144.621
144.814
145.007
145.201
145.396
145.592
145.788
145.984
146.182
146.38
146.579
146.778
146.978
147.179
147.38
147.582
147.784
147.987
148.191
148.395
148.6
148.805
149.011
149.218
149.425
149.632
149.84
150.049
150.258
150.468
150.678
150.889
151.1
151.311
151.524
151.736
151.95
152.163
152.377
152.592
152.807
153.023
153.239
153.455
153.672
153.89
154.108
154.326
154.545
154.764
154.984
155.204
155.424
155.645
155.867
156.089
156.311
156.534
156.757
156.98
157.204
157.428
157.653
157.878
158.104
158.33
158.556
158.783
159.01
159.238
159.466
159.694
159.923
160.152
160.381
160.611
160.841
161.072
161.303
161.534
161.766
161.998
162.231
162.464
162.697
162.93
163.164
163.399
163.633
163.868
164.104
164.34
164.576
164.812
165.049
165.286
165.523
165.761
)
;

boundaryField
{
    sides
    {
        type            calculated;
        value           nonuniform List<scalar> 2(165.999 -14.6237);
    }
    empty
    {
        type            empty;
    }
}


// ************************************************************************* //
