/*--------------------------------*- C++ -*----------------------------------*\
| =========                 |                                                 |
| \\      /  F ield         | OpenFOAM: The Open Source CFD Toolbox           |
|  \\    /   O peration     | Version:  2406                                  |
|   \\  /    A nd           | Website:  www.openfoam.com                      |
|    \\/     M anipulation  |                                                 |
\*---------------------------------------------------------------------------*/
FoamFile
{
    version     2.0;
    format      ascii;
    arch        "LSB;label=32;scalar=64";
    class       volScalarField;
    location    "0.047";
    object      T;
}
// * * * * * * * * * * * * * * * * * * * * * * * * * * * * * * * * * * * * * //

dimensions      [0 0 0 1 0 0 0];

internalField   nonuniform List<scalar> 
1000
(
176.004
176.013
176.028
176.043
176.06
176.077
176.094
176.111
176.128
176.145
176.163
176.18
176.198
176.215
176.233
176.252
176.27
176.288
176.305
176.323
176.342
176.36
176.379
176.398
176.416
176.434
176.452
176.471
176.489
176.509
176.529
176.548
176.568
176.586
176.604
176.622
176.64
176.658
176.677
176.697
176.718
176.739
176.76
176.78
176.799
176.818
176.835
176.852
176.869
176.885
176.903
176.921
176.941
176.962
176.983
177.006
177.029
177.052
177.075
177.097
177.118
177.137
177.154
177.17
177.183
177.194
177.204
177.213
177.22
177.227
177.233
177.239
177.245
177.25
177.255
177.259
177.262
177.264
177.265
177.265
177.266
177.266
177.267
177.267
177.268
177.269
177.27
177.271
177.272
177.274
177.276
177.278
177.28
177.282
177.284
177.287
177.29
177.293
177.296
177.299
177.303
177.307
177.311
177.315
177.319
177.324
177.329
177.334
177.339
177.345
177.351
177.357
177.363
177.37
177.376
177.383
177.391
177.398
177.406
177.414
177.422
177.431
177.44
177.449
177.458
177.468
177.478
177.488
177.499
177.509
177.521
177.532
177.544
177.556
177.568
177.581
177.593
177.607
177.62
177.634
177.648
177.663
177.677
177.692
177.708
177.723
177.739
177.756
177.772
177.789
177.807
177.824
177.842
177.86
177.879
177.898
177.917
177.936
177.956
177.976
177.996
178.017
178.038
178.059
178.08
178.102
178.124
178.146
178.169
178.192
178.215
178.238
178.262
178.285
178.309
178.334
178.358
178.383
178.408
178.433
178.458
178.484
178.51
178.535
178.562
178.588
178.614
178.641
178.668
178.695
178.722
178.749
178.776
178.804
178.831
178.859
178.887
178.915
178.943
178.971
179
179.028
179.057
179.085
179.114
179.143
179.171
179.2
179.229
179.258
179.287
179.316
179.346
179.375
179.404
179.433
179.463
179.492
179.522
179.551
179.581
179.61
179.64
179.67
179.699
179.729
179.759
179.789
179.819
179.848
179.878
179.908
179.938
179.968
179.998
180.028
180.058
180.088
180.118
180.148
180.178
180.208
180.238
180.268
180.298
180.329
180.359
180.389
180.419
180.449
180.48
180.51
180.54
180.57
180.601
180.631
180.661
180.692
180.722
180.752
180.783
180.813
180.844
180.874
180.904
180.935
180.965
180.996
181.026
181.057
181.087
181.118
181.148
181.179
181.209
181.24
181.271
181.301
181.332
181.362
181.393
181.424
181.454
181.485
181.516
181.546
181.577
181.608
181.639
181.669
181.7
181.731
181.762
181.792
181.823
181.854
181.885
181.916
181.947
181.978
182.008
182.039
182.07
182.101
182.132
182.163
182.194
182.225
182.256
182.287
182.318
182.349
182.38
182.411
182.442
182.473
182.504
182.535
182.567
182.598
182.629
182.66
182.691
182.722
182.754
182.785
182.816
182.847
182.878
182.91
182.941
182.972
183.004
183.035
183.066
183.097
183.129
183.16
183.192
183.223
183.254
183.286
183.317
183.349
183.38
183.411
183.443
183.474
183.506
183.537
183.569
183.6
183.632
183.663
183.695
183.727
183.758
183.79
183.821
183.853
183.885
183.916
183.948
183.98
184.011
184.043
184.075
184.106
184.138
184.17
184.202
184.233
184.265
184.297
184.329
184.361
184.392
184.424
184.456
184.488
184.52
184.552
184.583
184.615
184.647
184.679
184.711
184.743
184.775
184.807
184.839
184.871
184.903
184.935
184.967
184.999
185.031
185.063
185.095
185.128
185.16
185.192
185.224
185.256
185.288
185.32
185.353
185.385
185.417
185.449
185.481
185.514
185.546
185.578
185.61
185.643
185.675
185.707
185.74
185.772
185.804
185.837
185.869
185.902
185.934
185.966
185.999
186.031
186.064
186.096
186.129
186.161
186.193
186.226
186.259
186.291
186.324
186.356
186.389
186.421
186.454
186.487
186.519
186.552
186.584
186.617
186.65
186.682
186.715
186.748
186.78
186.813
186.846
186.879
186.911
186.944
186.977
187.01
187.042
187.075
187.108
187.141
187.174
187.207
187.239
187.272
187.305
187.338
187.371
187.404
187.437
187.47
187.503
187.536
187.569
187.602
187.635
187.668
187.701
187.734
187.767
187.8
187.833
187.866
187.899
187.932
187.966
187.999
188.032
188.065
188.098
188.131
188.165
188.198
188.231
188.264
188.297
188.331
188.364
188.397
188.431
188.464
188.497
188.53
188.564
188.597
188.631
188.664
188.697
188.731
188.764
188.797
188.831
188.864
188.898
188.931
188.965
188.998
189.032
189.065
189.099
189.132
189.166
189.199
189.233
189.267
189.3
189.334
189.367
189.401
189.435
189.468
189.502
189.536
189.569
189.603
189.637
189.67
189.704
189.738
189.772
189.805
189.839
189.873
189.907
189.941
189.974
190.008
190.042
190.076
190.11
190.144
190.178
190.211
190.245
190.279
190.313
190.347
190.381
190.415
190.449
190.483
190.517
190.551
190.585
190.619
190.653
190.687
190.721
190.755
190.79
190.824
190.858
190.892
190.926
190.96
190.994
191.029
191.063
191.097
191.131
191.165
191.2
191.234
191.268
191.302
191.337
191.371
191.405
191.44
191.474
191.508
191.543
191.577
191.611
191.646
191.68
191.715
191.749
191.783
191.818
191.852
191.887
191.921
191.956
191.99
192.025
192.059
192.094
192.128
192.163
192.198
192.232
192.267
192.301
192.336
192.371
192.405
192.44
192.475
192.509
192.544
192.579
192.613
192.648
192.683
192.718
192.752
192.787
192.822
192.857
192.892
192.926
192.961
192.996
193.031
193.066
193.101
193.136
193.171
193.206
193.241
193.276
193.311
193.346
193.381
193.416
193.451
193.486
193.522
193.557
193.592
193.627
193.663
193.698
193.734
193.769
193.805
193.84
193.876
193.911
193.947
193.983
194.019
194.054
194.091
194.126
194.163
194.198
194.236
194.271
194.309
194.343
194.383
194.416
194.457
194.49
194.531
194.564
194.606
194.638
194.682
194.713
194.758
194.788
194.835
194.864
194.912
194.941
194.991
195.019
195.07
195.097
195.149
195.176
195.229
195.256
195.31
195.337
195.392
195.419
195.474
195.502
195.557
195.585
195.641
195.669
195.726
195.754
195.812
195.84
195.898
195.927
195.985
196.014
196.072
196.101
196.16
196.19
196.249
196.278
196.337
196.367
196.426
196.456
196.516
196.545
196.605
196.635
196.694
196.724
196.783
196.813
196.872
196.902
196.961
196.99
197.049
197.078
197.136
197.166
197.224
197.252
197.31
197.339
197.396
197.424
197.481
197.509
197.566
197.594
197.649
197.677
197.732
197.76
197.815
197.842
197.896
197.923
197.977
198.004
198.057
198.084
198.137
198.163
198.215
198.242
198.294
198.32
198.371
198.397
198.448
198.474
198.525
198.55
198.601
198.626
198.677
198.702
198.752
198.777
198.827
198.852
198.902
198.927
198.977
199.001
199.051
199.076
199.125
199.15
199.199
199.223
199.273
199.297
199.346
199.371
199.42
199.444
199.493
199.518
199.567
199.591
199.641
199.665
199.714
199.739
199.788
199.813
199.862
199.887
199.936
199.961
200.011
200.036
200.086
200.111
200.161
200.187
200.238
200.263
200.315
200.341
200.393
200.419
200.472
200.499
200.552
200.58
200.634
200.662
200.718
200.746
200.803
200.833
200.891
200.921
200.981
201.012
201.073
201.105
201.168
201.201
201.266
201.299
201.366
201.401
201.469
201.504
201.575
201.611
201.683
201.719
201.793
201.83
201.905
201.943
202.018
202.057
202.133
202.172
202.249
202.287
202.365
202.403
202.481
202.519
202.596
202.635
202.711
202.749
202.825
202.863
202.938
202.975
203.05
203.087
203.16
203.196
203.269
203.304
203.376
203.411
203.481
203.516
203.585
203.619
203.688
203.721
203.789
203.822
203.888
203.921
203.986
204.019
204.083
204.115
204.179
204.21
204.273
204.304
204.367
204.397
204.459
204.489
204.55
204.58
204.641
204.67
204.73
204.76
204.819
204.848
204.906
204.935
204.993
205.022
205.079
205.108
205.165
205.193
205.249
205.277
205.333
205.361
205.416
205.444
205.499
205.526
205.581
205.608
205.662
205.689
205.742
205.769
205.822
205.849
205.902
205.928
205.981
206.007
206.059
206.085
206.137
206.163
206.214
206.24
206.291
206.316
206.367
206.392
206.443
206.468
206.518
206.543
206.593
206.618
206.668
206.692
206.742
206.766
206.815
206.84
206.888
206.913
206.961
206.985
207.033
207.057
207.105
207.129
207.177
207.201
207.248
207.272
207.319
207.342
207.389
207.412
207.459
207.482
207.529
207.552
207.598
207.621
207.667
207.69
207.736
207.759
207.804
207.827
207.872
207.895
207.94
207.962
208.007
208.029
208.079
208.091
208.165
)
;

boundaryField
{
    sides
    {
        type            zeroGradient;
    }
    empty
    {
        type            empty;
    }
}


// ************************************************************************* //
