/*--------------------------------*- C++ -*----------------------------------*\
| =========                 |                                                 |
| \\      /  F ield         | OpenFOAM: The Open Source CFD Toolbox           |
|  \\    /   O peration     | Version:  2406                                  |
|   \\  /    A nd           | Website:  www.openfoam.com                      |
|    \\/     M anipulation  |                                                 |
\*---------------------------------------------------------------------------*/
FoamFile
{
    version     2.0;
    format      ascii;
    arch        "LSB;label=32;scalar=64";
    class       volVectorField;
    location    "0.047";
    object      U;
}
// * * * * * * * * * * * * * * * * * * * * * * * * * * * * * * * * * * * * * //

dimensions      [0 1 -1 0 0 0 0];

internalField   nonuniform List<vector> 
1000
(
(19.5108 0 0)
(19.7493 0 0)
(20.0587 0 0)
(20.314 0 0)
(20.5362 0 0)
(20.7558 0 0)
(20.981 0 0)
(21.2088 0 0)
(21.4366 0 0)
(21.6637 0 0)
(21.8906 0 0)
(22.1175 0 0)
(22.3443 0 0)
(22.5711 0 0)
(22.7978 0 0)
(23.0244 0 0)
(23.2509 0 0)
(23.4774 0 0)
(23.7037 0 0)
(23.93 0 0)
(24.1561 0 0)
(24.3822 0 0)
(24.6082 0 0)
(24.834 0 0)
(25.0598 0 0)
(25.2854 0 0)
(25.5109 0 0)
(25.7363 0 0)
(25.9615 0 0)
(26.1867 0 0)
(26.4117 0 0)
(26.6365 0 0)
(26.8612 0 0)
(27.0858 0 0)
(27.3102 0 0)
(27.5344 0 0)
(27.7585 0 0)
(27.9824 0 0)
(28.2061 0 0)
(28.4297 0 0)
(28.6531 0 0)
(28.8763 0 0)
(29.0993 0 0)
(29.3222 0 0)
(29.5448 0 0)
(29.7672 0 0)
(29.9894 0 0)
(30.2114 0 0)
(30.4332 0 0)
(30.6547 0 0)
(30.876 0 0)
(31.0971 0 0)
(31.3179 0 0)
(31.5385 0 0)
(31.7588 0 0)
(31.9789 0 0)
(32.1987 0 0)
(32.4182 0 0)
(32.6375 0 0)
(32.8564 0 0)
(33.0751 0 0)
(33.2935 0 0)
(33.5115 0 0)
(33.7293 0 0)
(33.9467 0 0)
(34.1637 0 0)
(34.3804 0 0)
(34.5968 0 0)
(34.8128 0 0)
(35.0284 0 0)
(35.2437 0 0)
(35.4585 0 0)
(35.673 0 0)
(35.8871 0 0)
(36.1007 0 0)
(36.3139 0 0)
(36.5267 0 0)
(36.7391 0 0)
(36.951 0 0)
(37.1626 0 0)
(37.3738 0 0)
(37.5845 0 0)
(37.7945 0 0)
(38.0039 0 0)
(38.2128 0 0)
(38.4212 0 0)
(38.6291 0 0)
(38.8365 0 0)
(39.0434 0 0)
(39.2497 0 0)
(39.4555 0 0)
(39.6607 0 0)
(39.8654 0 0)
(40.0695 0 0)
(40.2729 0 0)
(40.4758 0 0)
(40.6781 0 0)
(40.8797 0 0)
(41.0806 0 0)
(41.281 0 0)
(41.4806 0 0)
(41.6796 0 0)
(41.8778 0 0)
(42.0754 0 0)
(42.2723 0 0)
(42.4684 0 0)
(42.6638 0 0)
(42.8584 0 0)
(43.0523 0 0)
(43.2453 0 0)
(43.4376 0 0)
(43.6291 0 0)
(43.8198 0 0)
(44.0097 0 0)
(44.1987 0 0)
(44.3868 0 0)
(44.5741 0 0)
(44.7605 0 0)
(44.9461 0 0)
(45.1307 0 0)
(45.3144 0 0)
(45.4973 0 0)
(45.6791 0 0)
(45.8601 0 0)
(46.04 0 0)
(46.2191 0 0)
(46.3971 0 0)
(46.5742 0 0)
(46.7502 0 0)
(46.9253 0 0)
(47.0993 0 0)
(47.2723 0 0)
(47.4443 0 0)
(47.6153 0 0)
(47.7852 0 0)
(47.954 0 0)
(48.1218 0 0)
(48.2886 0 0)
(48.4542 0 0)
(48.6188 0 0)
(48.7823 0 0)
(48.9447 0 0)
(49.1061 0 0)
(49.2663 0 0)
(49.4254 0 0)
(49.5835 0 0)
(49.7405 0 0)
(49.8963 0 0)
(50.0511 0 0)
(50.2048 0 0)
(50.3574 0 0)
(50.5089 0 0)
(50.6594 0 0)
(50.8087 0 0)
(50.957 0 0)
(51.1042 0 0)
(51.2504 0 0)
(51.3955 0 0)
(51.5396 0 0)
(51.6827 0 0)
(51.8247 0 0)
(51.9657 0 0)
(52.1058 0 0)
(52.2448 0 0)
(52.3829 0 0)
(52.5201 0 0)
(52.6562 0 0)
(52.7915 0 0)
(52.9259 0 0)
(53.0593 0 0)
(53.1919 0 0)
(53.3237 0 0)
(53.4546 0 0)
(53.5847 0 0)
(53.714 0 0)
(53.8425 0 0)
(53.9702 0 0)
(54.0972 0 0)
(54.2235 0 0)
(54.3491 0 0)
(54.474 0 0)
(54.5983 0 0)
(54.7219 0 0)
(54.8449 0 0)
(54.9674 0 0)
(55.0892 0 0)
(55.2105 0 0)
(55.3313 0 0)
(55.4516 0 0)
(55.5714 0 0)
(55.6907 0 0)
(55.8096 0 0)
(55.928 0 0)
(56.0461 0 0)
(56.1637 0 0)
(56.281 0 0)
(56.398 0 0)
(56.5146 0 0)
(56.6309 0 0)
(56.7469 0 0)
(56.8626 0 0)
(56.9781 0 0)
(57.0933 0 0)
(57.2082 0 0)
(57.323 0 0)
(57.4376 0 0)
(57.5519 0 0)
(57.6661 0 0)
(57.7801 0 0)
(57.894 0 0)
(58.0077 0 0)
(58.1213 0 0)
(58.2348 0 0)
(58.3481 0 0)
(58.4614 0 0)
(58.5746 0 0)
(58.6876 0 0)
(58.8007 0 0)
(58.9136 0 0)
(59.0265 0 0)
(59.1393 0 0)
(59.2521 0 0)
(59.3648 0 0)
(59.4775 0 0)
(59.5902 0 0)
(59.7029 0 0)
(59.8155 0 0)
(59.9281 0 0)
(60.0407 0 0)
(60.1533 0 0)
(60.2659 0 0)
(60.3785 0 0)
(60.4911 0 0)
(60.6037 0 0)
(60.7163 0 0)
(60.829 0 0)
(60.9416 0 0)
(61.0543 0 0)
(61.1669 0 0)
(61.2796 0 0)
(61.3923 0 0)
(61.5051 0 0)
(61.6178 0 0)
(61.7306 0 0)
(61.8434 0 0)
(61.9562 0 0)
(62.0691 0 0)
(62.182 0 0)
(62.2949 0 0)
(62.4079 0 0)
(62.5209 0 0)
(62.6339 0 0)
(62.7469 0 0)
(62.86 0 0)
(62.9731 0 0)
(63.0863 0 0)
(63.1995 0 0)
(63.3127 0 0)
(63.4259 0 0)
(63.5392 0 0)
(63.6525 0 0)
(63.7659 0 0)
(63.8793 0 0)
(63.9927 0 0)
(64.1062 0 0)
(64.2197 0 0)
(64.3332 0 0)
(64.4468 0 0)
(64.5604 0 0)
(64.674 0 0)
(64.7877 0 0)
(64.9014 0 0)
(65.0152 0 0)
(65.129 0 0)
(65.2428 0 0)
(65.3567 0 0)
(65.4706 0 0)
(65.5845 0 0)
(65.6985 0 0)
(65.8125 0 0)
(65.9265 0 0)
(66.0406 0 0)
(66.1547 0 0)
(66.2689 0 0)
(66.3831 0 0)
(66.4973 0 0)
(66.6116 0 0)
(66.7259 0 0)
(66.8402 0 0)
(66.9546 0 0)
(67.069 0 0)
(67.1834 0 0)
(67.2979 0 0)
(67.4124 0 0)
(67.5269 0 0)
(67.6415 0 0)
(67.7561 0 0)
(67.8708 0 0)
(67.9855 0 0)
(68.1002 0 0)
(68.215 0 0)
(68.3298 0 0)
(68.4446 0 0)
(68.5595 0 0)
(68.6744 0 0)
(68.7893 0 0)
(68.9043 0 0)
(69.0193 0 0)
(69.1343 0 0)
(69.2494 0 0)
(69.3645 0 0)
(69.4797 0 0)
(69.5948 0 0)
(69.7101 0 0)
(69.8253 0 0)
(69.9406 0 0)
(70.0559 0 0)
(70.1713 0 0)
(70.2867 0 0)
(70.4021 0 0)
(70.5176 0 0)
(70.6331 0 0)
(70.7486 0 0)
(70.8642 0 0)
(70.9798 0 0)
(71.0954 0 0)
(71.2111 0 0)
(71.3268 0 0)
(71.4426 0 0)
(71.5584 0 0)
(71.6742 0 0)
(71.79 0 0)
(71.9059 0 0)
(72.0218 0 0)
(72.1378 0 0)
(72.2538 0 0)
(72.3698 0 0)
(72.4858 0 0)
(72.6019 0 0)
(72.7181 0 0)
(72.8342 0 0)
(72.9504 0 0)
(73.0666 0 0)
(73.1829 0 0)
(73.2992 0 0)
(73.4155 0 0)
(73.5319 0 0)
(73.6483 0 0)
(73.7647 0 0)
(73.8812 0 0)
(73.9977 0 0)
(74.1143 0 0)
(74.2308 0 0)
(74.3474 0 0)
(74.4641 0 0)
(74.5807 0 0)
(74.6975 0 0)
(74.8142 0 0)
(74.931 0 0)
(75.0478 0 0)
(75.1646 0 0)
(75.2815 0 0)
(75.3984 0 0)
(75.5154 0 0)
(75.6323 0 0)
(75.7493 0 0)
(75.8664 0 0)
(75.9835 0 0)
(76.1006 0 0)
(76.2177 0 0)
(76.3349 0 0)
(76.4521 0 0)
(76.5694 0 0)
(76.6866 0 0)
(76.804 0 0)
(76.9213 0 0)
(77.0387 0 0)
(77.1561 0 0)
(77.2735 0 0)
(77.391 0 0)
(77.5085 0 0)
(77.6261 0 0)
(77.7437 0 0)
(77.8613 0 0)
(77.9789 0 0)
(78.0966 0 0)
(78.2143 0 0)
(78.3321 0 0)
(78.4498 0 0)
(78.5676 0 0)
(78.6855 0 0)
(78.8034 0 0)
(78.9213 0 0)
(79.0392 0 0)
(79.1572 0 0)
(79.2752 0 0)
(79.3932 0 0)
(79.5113 0 0)
(79.6294 0 0)
(79.7475 0 0)
(79.8657 0 0)
(79.9839 0 0)
(80.1021 0 0)
(80.2204 0 0)
(80.3387 0 0)
(80.457 0 0)
(80.5754 0 0)
(80.6938 0 0)
(80.8122 0 0)
(80.9307 0 0)
(81.0492 0 0)
(81.1677 0 0)
(81.2863 0 0)
(81.4049 0 0)
(81.5235 0 0)
(81.6421 0 0)
(81.7608 0 0)
(81.8795 0 0)
(81.9983 0 0)
(82.1171 0 0)
(82.2359 0 0)
(82.3547 0 0)
(82.4736 0 0)
(82.5925 0 0)
(82.7115 0 0)
(82.8304 0 0)
(82.9494 0 0)
(83.0685 0 0)
(83.1876 0 0)
(83.3067 0 0)
(83.4258 0 0)
(83.545 0 0)
(83.6642 0 0)
(83.7834 0 0)
(83.9026 0 0)
(84.0219 0 0)
(84.1413 0 0)
(84.2606 0 0)
(84.38 0 0)
(84.4994 0 0)
(84.6189 0 0)
(84.7384 0 0)
(84.8579 0 0)
(84.9774 0 0)
(85.097 0 0)
(85.2166 0 0)
(85.3362 0 0)
(85.4559 0 0)
(85.5756 0 0)
(85.6953 0 0)
(85.8151 0 0)
(85.9349 0 0)
(86.0547 0 0)
(86.1746 0 0)
(86.2945 0 0)
(86.4144 0 0)
(86.5344 0 0)
(86.6543 0 0)
(86.7744 0 0)
(86.8944 0 0)
(87.0145 0 0)
(87.1346 0 0)
(87.2547 0 0)
(87.3749 0 0)
(87.4951 0 0)
(87.6153 0 0)
(87.7356 0 0)
(87.8559 0 0)
(87.9762 0 0)
(88.0966 0 0)
(88.217 0 0)
(88.3374 0 0)
(88.4578 0 0)
(88.5783 0 0)
(88.6988 0 0)
(88.8194 0 0)
(88.94 0 0)
(89.0606 0 0)
(89.1812 0 0)
(89.3019 0 0)
(89.4226 0 0)
(89.5433 0 0)
(89.664 0 0)
(89.7848 0 0)
(89.9056 0 0)
(90.0265 0 0)
(90.1474 0 0)
(90.2683 0 0)
(90.3892 0 0)
(90.5102 0 0)
(90.6312 0 0)
(90.7522 0 0)
(90.8733 0 0)
(90.9944 0 0)
(91.1155 0 0)
(91.2367 0 0)
(91.3579 0 0)
(91.4791 0 0)
(91.6003 0 0)
(91.7216 0 0)
(91.8429 0 0)
(91.9642 0 0)
(92.0856 0 0)
(92.207 0 0)
(92.3284 0 0)
(92.4499 0 0)
(92.5714 0 0)
(92.6929 0 0)
(92.8145 0 0)
(92.936 0 0)
(93.0576 0 0)
(93.1793 0 0)
(93.301 0 0)
(93.4227 0 0)
(93.5444 0 0)
(93.6661 0 0)
(93.7879 0 0)
(93.9098 0 0)
(94.0316 0 0)
(94.1535 0 0)
(94.2754 0 0)
(94.3973 0 0)
(94.5193 0 0)
(94.6413 0 0)
(94.7633 0 0)
(94.8854 0 0)
(95.0075 0 0)
(95.1296 0 0)
(95.2518 0 0)
(95.374 0 0)
(95.4962 0 0)
(95.6184 0 0)
(95.7407 0 0)
(95.863 0 0)
(95.9853 0 0)
(96.1077 0 0)
(96.2301 0 0)
(96.3525 0 0)
(96.4749 0 0)
(96.5974 0 0)
(96.7199 0 0)
(96.8424 0 0)
(96.965 0 0)
(97.0876 0 0)
(97.2102 0 0)
(97.3329 0 0)
(97.4556 0 0)
(97.5783 0 0)
(97.701 0 0)
(97.8238 0 0)
(97.9466 0 0)
(98.0694 0 0)
(98.1923 0 0)
(98.3152 0 0)
(98.4381 0 0)
(98.5611 0 0)
(98.6841 0 0)
(98.8071 0 0)
(98.9301 0 0)
(99.0532 0 0)
(99.1763 0 0)
(99.2994 0 0)
(99.4226 0 0)
(99.5457 0 0)
(99.669 0 0)
(99.7922 0 0)
(99.9155 0 0)
(100.039 0 0)
(100.162 0 0)
(100.285 0 0)
(100.409 0 0)
(100.532 0 0)
(100.656 0 0)
(100.779 0 0)
(100.903 0 0)
(101.026 0 0)
(101.15 0 0)
(101.273 0 0)
(101.397 0 0)
(101.521 0 0)
(101.644 0 0)
(101.768 0 0)
(101.892 0 0)
(102.016 0 0)
(102.139 0 0)
(102.263 0 0)
(102.387 0 0)
(102.511 0 0)
(102.635 0 0)
(102.759 0 0)
(102.883 0 0)
(103.007 0 0)
(103.131 0 0)
(103.255 0 0)
(103.379 0 0)
(103.503 0 0)
(103.627 0 0)
(103.751 0 0)
(103.876 0 0)
(104 0 0)
(104.124 0 0)
(104.248 0 0)
(104.373 0 0)
(104.497 0 0)
(104.621 0 0)
(104.746 0 0)
(104.87 0 0)
(104.995 0 0)
(105.119 0 0)
(105.244 0 0)
(105.368 0 0)
(105.493 0 0)
(105.617 0 0)
(105.742 0 0)
(105.866 0 0)
(105.991 0 0)
(106.116 0 0)
(106.241 0 0)
(106.365 0 0)
(106.49 0 0)
(106.615 0 0)
(106.74 0 0)
(106.865 0 0)
(106.989 0 0)
(107.114 0 0)
(107.239 0 0)
(107.364 0 0)
(107.489 0 0)
(107.614 0 0)
(107.739 0 0)
(107.864 0 0)
(107.989 0 0)
(108.114 0 0)
(108.239 0 0)
(108.364 0 0)
(108.489 0 0)
(108.614 0 0)
(108.739 0 0)
(108.865 0 0)
(108.99 0 0)
(109.115 0 0)
(109.24 0 0)
(109.365 0 0)
(109.49 0 0)
(109.615 0 0)
(109.74 0 0)
(109.865 0 0)
(109.99 0 0)
(110.115 0 0)
(110.24 0 0)
(110.365 0 0)
(110.49 0 0)
(110.614 0 0)
(110.739 0 0)
(110.864 0 0)
(110.988 0 0)
(111.113 0 0)
(111.237 0 0)
(111.362 0 0)
(111.486 0 0)
(111.61 0 0)
(111.734 0 0)
(111.858 0 0)
(111.981 0 0)
(112.105 0 0)
(112.228 0 0)
(112.351 0 0)
(112.474 0 0)
(112.597 0 0)
(112.719 0 0)
(112.842 0 0)
(112.964 0 0)
(113.085 0 0)
(113.207 0 0)
(113.328 0 0)
(113.449 0 0)
(113.569 0 0)
(113.689 0 0)
(113.809 0 0)
(113.928 0 0)
(114.047 0 0)
(114.166 0 0)
(114.284 0 0)
(114.401 0 0)
(114.518 0 0)
(114.635 0 0)
(114.751 0 0)
(114.867 0 0)
(114.982 0 0)
(115.096 0 0)
(115.21 0 0)
(115.323 0 0)
(115.436 0 0)
(115.548 0 0)
(115.66 0 0)
(115.771 0 0)
(115.881 0 0)
(115.99 0 0)
(116.099 0 0)
(116.208 0 0)
(116.315 0 0)
(116.422 0 0)
(116.528 0 0)
(116.634 0 0)
(116.739 0 0)
(116.844 0 0)
(116.947 0 0)
(117.051 0 0)
(117.153 0 0)
(117.255 0 0)
(117.357 0 0)
(117.458 0 0)
(117.558 0 0)
(117.658 0 0)
(117.757 0 0)
(117.857 0 0)
(117.955 0 0)
(118.054 0 0)
(118.152 0 0)
(118.249 0 0)
(118.347 0 0)
(118.444 0 0)
(118.541 0 0)
(118.638 0 0)
(118.735 0 0)
(118.832 0 0)
(118.929 0 0)
(119.026 0 0)
(119.124 0 0)
(119.221 0 0)
(119.319 0 0)
(119.416 0 0)
(119.514 0 0)
(119.613 0 0)
(119.711 0 0)
(119.81 0 0)
(119.91 0 0)
(120.01 0 0)
(120.111 0 0)
(120.212 0 0)
(120.313 0 0)
(120.415 0 0)
(120.518 0 0)
(120.622 0 0)
(120.726 0 0)
(120.831 0 0)
(120.936 0 0)
(121.042 0 0)
(121.149 0 0)
(121.257 0 0)
(121.365 0 0)
(121.474 0 0)
(121.584 0 0)
(121.695 0 0)
(121.806 0 0)
(121.918 0 0)
(122.031 0 0)
(122.144 0 0)
(122.259 0 0)
(122.374 0 0)
(122.489 0 0)
(122.605 0 0)
(122.722 0 0)
(122.84 0 0)
(122.958 0 0)
(123.077 0 0)
(123.197 0 0)
(123.317 0 0)
(123.437 0 0)
(123.559 0 0)
(123.68 0 0)
(123.803 0 0)
(123.926 0 0)
(124.049 0 0)
(124.173 0 0)
(124.297 0 0)
(124.422 0 0)
(124.547 0 0)
(124.672 0 0)
(124.798 0 0)
(124.924 0 0)
(125.051 0 0)
(125.178 0 0)
(125.305 0 0)
(125.433 0 0)
(125.561 0 0)
(125.689 0 0)
(125.817 0 0)
(125.946 0 0)
(126.075 0 0)
(126.204 0 0)
(126.333 0 0)
(126.463 0 0)
(126.592 0 0)
(126.722 0 0)
(126.852 0 0)
(126.982 0 0)
(127.112 0 0)
(127.243 0 0)
(127.373 0 0)
(127.503 0 0)
(127.634 0 0)
(127.764 0 0)
(127.895 0 0)
(128.026 0 0)
(128.156 0 0)
(128.287 0 0)
(128.417 0 0)
(128.547 0 0)
(128.677 0 0)
(128.807 0 0)
(128.937 0 0)
(129.067 0 0)
(129.196 0 0)
(129.325 0 0)
(129.454 0 0)
(129.582 0 0)
(129.71 0 0)
(129.837 0 0)
(129.964 0 0)
(130.09 0 0)
(130.215 0 0)
(130.34 0 0)
(130.464 0 0)
(130.587 0 0)
(130.709 0 0)
(130.83 0 0)
(130.949 0 0)
(131.068 0 0)
(131.185 0 0)
(131.301 0 0)
(131.415 0 0)
(131.527 0 0)
(131.638 0 0)
(131.747 0 0)
(131.855 0 0)
(131.96 0 0)
(132.063 0 0)
(132.165 0 0)
(132.264 0 0)
(132.361 0 0)
(132.456 0 0)
(132.548 0 0)
(132.638 0 0)
(132.726 0 0)
(132.812 0 0)
(132.896 0 0)
(132.977 0 0)
(133.056 0 0)
(133.133 0 0)
(133.208 0 0)
(133.281 0 0)
(133.352 0 0)
(133.421 0 0)
(133.489 0 0)
(133.555 0 0)
(133.621 0 0)
(133.685 0 0)
(133.748 0 0)
(133.81 0 0)
(133.871 0 0)
(133.932 0 0)
(133.993 0 0)
(134.054 0 0)
(134.115 0 0)
(134.175 0 0)
(134.237 0 0)
(134.299 0 0)
(134.361 0 0)
(134.424 0 0)
(134.489 0 0)
(134.554 0 0)
(134.62 0 0)
(134.687 0 0)
(134.756 0 0)
(134.826 0 0)
(134.898 0 0)
(134.97 0 0)
(135.045 0 0)
(135.12 0 0)
(135.197 0 0)
(135.276 0 0)
(135.356 0 0)
(135.438 0 0)
(135.521 0 0)
(135.605 0 0)
(135.691 0 0)
(135.779 0 0)
(135.867 0 0)
(135.957 0 0)
(136.049 0 0)
(136.141 0 0)
(136.235 0 0)
(136.331 0 0)
(136.427 0 0)
(136.525 0 0)
(136.624 0 0)
(136.724 0 0)
(136.825 0 0)
(136.927 0 0)
(137.03 0 0)
(137.134 0 0)
(137.239 0 0)
(137.346 0 0)
(137.453 0 0)
(137.561 0 0)
(137.67 0 0)
(137.78 0 0)
(137.891 0 0)
(138.003 0 0)
(138.115 0 0)
(138.229 0 0)
(138.343 0 0)
(138.458 0 0)
(138.574 0 0)
(138.69 0 0)
(138.808 0 0)
(138.926 0 0)
(139.045 0 0)
(139.164 0 0)
(139.285 0 0)
(139.406 0 0)
(139.527 0 0)
(139.65 0 0)
(139.773 0 0)
(139.897 0 0)
(140.021 0 0)
(140.146 0 0)
(140.272 0 0)
(140.398 0 0)
(140.525 0 0)
(140.652 0 0)
(140.781 0 0)
(140.909 0 0)
(141.038 0 0)
(141.168 0 0)
(141.299 0 0)
(141.43 0 0)
(141.561 0 0)
(141.693 0 0)
(141.826 0 0)
(141.959 0 0)
(142.093 0 0)
(142.227 0 0)
(142.361 0 0)
(142.497 0 0)
(142.632 0 0)
(142.768 0 0)
(142.905 0 0)
(143.042 0 0)
(143.18 0 0)
(143.318 0 0)
(143.456 0 0)
(143.595 0 0)
(143.735 0 0)
(143.875 0 0)
(144.015 0 0)
(144.156 0 0)
(144.297 0 0)
(144.439 0 0)
(144.581 0 0)
(144.724 0 0)
(144.867 0 0)
(145.01 0 0)
(145.154 0 0)
(145.298 0 0)
(145.442 0 0)
(145.587 0 0)
(145.733 0 0)
(145.879 0 0)
(146.025 0 0)
(146.171 0 0)
(146.318 0 0)
(146.466 0 0)
(146.613 0 0)
(146.761 0 0)
(146.91 0 0)
(147.059 0 0)
(147.208 0 0)
(147.357 0 0)
(147.507 0 0)
(147.657 0 0)
(147.808 0 0)
(147.959 0 0)
(148.11 0 0)
(148.262 0 0)
(148.414 0 0)
(148.566 0 0)
(148.718 0 0)
(148.871 0 0)
(149.025 0 0)
(149.178 0 0)
(149.332 0 0)
(149.486 0 0)
(149.641 0 0)
(149.796 0 0)
(149.952 0 0)
(150.108 0 0)
(150.266 0 0)
(150.535 0 0)
)
;

boundaryField
{
    sides
    {
        type            zeroGradient;
    }
    empty
    {
        type            empty;
    }
}


// ************************************************************************* //
