/*--------------------------------*- C++ -*----------------------------------*\
| =========                 |                                                 |
| \\      /  F ield         | OpenFOAM: The Open Source CFD Toolbox           |
|  \\    /   O peration     | Version:  2406                                  |
|   \\  /    A nd           | Website:  www.openfoam.com                      |
|    \\/     M anipulation  |                                                 |
\*---------------------------------------------------------------------------*/
FoamFile
{
    version     2.0;
    format      ascii;
    arch        "LSB;label=32;scalar=64";
    class       volScalarField;
    location    "0.025";
    object      mag(U);
}
// * * * * * * * * * * * * * * * * * * * * * * * * * * * * * * * * * * * * * //

dimensions      [0 1 -1 0 0 0 0];

internalField   nonuniform List<scalar> 
1000
(
10.2054
10.89
11.5371
12.0752
12.5874
13.1111
13.644
14.1781
14.7109
15.243
15.7749
16.3069
16.8389
17.371
17.9032
18.4354
18.9676
19.4999
20.0322
20.5646
21.097
21.6295
22.1621
22.6948
23.2275
23.7602
24.2931
24.826
25.3589
25.892
26.425
26.9582
27.4914
28.0247
28.558
29.0915
29.6249
30.1585
30.6921
31.2258
31.7595
32.2933
32.8272
33.3611
33.8951
34.4292
34.9633
35.4975
36.0318
36.5661
37.1005
37.635
38.1695
38.7041
39.2388
39.7735
40.3083
40.8432
41.3781
41.9131
42.4481
42.9832
43.5184
44.0536
44.5889
45.1242
45.6597
46.1951
46.7307
47.2663
47.8019
48.3376
48.8734
49.4093
49.9452
50.4811
51.0172
51.5532
52.0894
52.6256
53.1619
53.6982
54.2346
54.771
55.3075
55.8441
56.3808
56.9174
57.4542
57.991
58.5279
59.0648
59.6018
60.1388
60.676
61.2131
61.7504
62.2876
62.825
63.3624
63.8999
64.4374
64.975
65.5126
66.0503
66.5881
67.1259
67.6637
68.2017
68.7397
69.2777
69.8158
70.354
70.8922
71.4305
71.9688
72.5072
73.0456
73.5841
74.1227
74.6613
75.2
75.7387
76.2775
76.8164
77.3553
77.8942
78.4332
78.9723
79.5114
80.0506
80.5898
81.1291
81.6684
82.2078
82.7473
83.2868
83.8263
84.3659
84.9056
85.4453
85.9851
86.5249
87.0648
87.6047
88.1447
88.6848
89.2249
89.765
90.3052
90.8454
91.3857
91.9261
92.4665
93.0069
93.5474
94.088
94.6286
95.1692
95.7099
96.2507
96.7915
97.3323
97.8732
98.4142
98.9551
99.4962
100.037
100.578
101.12
101.661
102.202
102.743
103.285
103.826
104.368
104.909
105.451
105.992
106.534
107.076
107.617
108.159
108.701
109.243
109.785
110.327
110.869
111.411
111.953
112.495
113.037
113.579
114.122
114.664
115.206
115.749
116.291
116.833
117.376
117.918
118.461
119.003
119.546
120.089
120.631
121.174
121.717
122.26
122.803
123.346
123.888
124.431
124.974
125.517
126.06
126.604
127.147
127.69
128.233
128.776
129.319
129.863
130.406
130.949
131.493
132.036
132.579
133.123
133.666
134.21
134.753
135.297
135.84
136.384
136.928
137.471
138.015
138.559
139.102
139.646
140.19
140.734
141.277
141.821
142.365
142.909
143.453
143.996
144.54
145.084
145.628
146.172
146.716
147.26
147.804
148.348
148.892
149.436
149.98
150.524
151.068
151.612
152.156
152.7
153.244
153.788
154.332
154.876
155.42
155.964
156.508
157.052
157.596
158.14
158.684
159.228
159.772
160.316
160.859
161.403
161.947
162.491
163.035
163.579
164.123
164.667
165.21
165.754
166.298
166.842
167.385
167.929
168.472
169.016
169.56
170.103
170.647
171.19
171.733
172.277
172.82
173.363
173.907
174.45
174.993
175.536
176.079
176.622
177.165
177.707
178.25
178.793
179.335
179.878
180.42
180.963
181.505
182.047
182.589
183.131
183.673
184.215
184.757
185.298
185.84
186.381
186.923
187.464
188.005
188.546
189.087
189.627
190.168
190.708
191.248
191.789
192.328
192.868
193.408
193.947
194.487
195.026
195.565
196.103
196.642
197.18
197.718
198.256
198.794
199.331
199.868
200.405
200.942
201.478
202.015
202.551
203.086
203.622
204.157
204.691
205.226
205.76
206.294
206.827
207.36
207.893
208.425
208.957
209.489
210.02
210.551
211.081
211.611
212.14
212.669
213.197
213.725
214.253
214.779
215.306
215.831
216.357
216.881
217.405
217.928
218.451
218.973
219.494
220.014
220.534
221.053
221.571
222.088
222.605
223.12
223.635
224.149
224.662
225.173
225.684
226.194
226.703
227.21
227.716
228.222
228.726
229.228
229.73
230.23
230.728
231.226
231.721
232.215
232.708
233.199
233.688
234.175
234.661
235.144
235.626
236.106
236.586
237.063
237.538
238.01
238.48
238.948
239.413
239.875
240.336
240.793
241.248
241.701
242.15
242.597
243.041
243.482
243.92
244.355
244.787
245.215
245.641
246.062
246.481
246.896
247.307
247.715
248.119
248.52
248.916
249.309
249.698
250.083
250.464
250.841
251.214
251.583
251.948
252.309
252.666
253.019
253.367
253.712
254.052
254.389
254.721
255.049
255.374
255.694
256.011
256.324
256.633
256.939
257.24
257.539
257.834
258.126
258.414
258.699
258.982
259.261
259.538
259.811
260.083
260.351
260.618
260.882
261.144
261.403
261.661
261.917
262.172
262.424
262.675
262.925
263.173
263.42
263.666
263.911
264.155
264.397
264.639
264.88
265.12
265.36
265.598
265.836
266.074
266.311
266.547
266.784
267.019
267.254
267.489
267.723
267.957
268.191
268.424
268.657
268.89
269.122
269.354
269.586
269.818
270.049
270.28
270.511
270.741
270.971
271.201
271.43
271.659
271.888
272.117
272.345
272.573
272.801
273.028
273.255
273.482
273.708
273.934
274.159
274.385
274.609
274.834
275.057
275.281
275.504
275.727
275.949
276.17
276.391
276.612
276.832
277.052
277.271
277.489
277.707
277.924
278.141
278.357
278.572
278.787
279
279.214
279.426
279.638
279.849
280.059
280.269
280.477
280.685
280.892
281.098
281.303
281.507
281.71
281.912
282.113
282.313
282.512
282.71
282.906
283.102
283.296
283.49
283.681
283.872
284.061
284.249
284.436
284.621
284.805
284.987
285.168
285.347
285.525
285.701
285.876
286.048
286.22
286.389
286.557
286.723
286.887
287.049
287.209
287.367
287.524
287.678
287.831
287.981
288.129
288.276
288.42
288.562
288.701
288.839
288.974
289.107
289.238
289.366
289.492
289.616
289.738
289.857
289.973
290.087
290.199
290.309
290.416
290.52
290.622
290.722
290.819
290.914
291.006
291.096
291.183
291.268
291.351
291.431
291.509
291.584
291.657
291.728
291.796
291.863
291.927
291.988
292.048
292.105
292.161
292.214
292.265
292.314
292.362
292.407
292.451
292.492
292.532
292.57
292.606
292.641
292.674
292.706
292.736
292.765
292.792
292.818
292.842
292.865
292.887
292.908
292.928
292.946
292.964
292.98
292.996
293.011
293.024
293.037
293.049
293.061
293.071
293.081
293.091
293.099
293.108
293.115
293.122
293.129
293.135
293.141
293.146
293.151
293.155
293.159
293.163
293.167
293.17
293.173
293.176
293.179
293.181
293.183
293.185
293.187
293.189
293.19
293.192
293.193
293.194
293.195
293.196
293.197
293.198
293.199
293.199
293.2
293.201
293.201
293.202
293.202
293.202
293.203
293.203
293.203
293.203
293.204
293.204
293.204
293.204
293.204
293.205
293.205
293.205
293.205
293.205
293.205
293.205
293.205
293.205
293.205
293.205
293.205
293.205
293.205
293.205
293.205
293.205
293.206
293.206
293.206
293.206
293.206
293.206
293.206
293.206
293.206
293.206
293.206
293.206
293.206
293.206
293.206
293.206
293.206
293.206
293.206
293.206
293.206
293.206
293.206
293.206
293.206
293.206
293.206
293.206
293.206
293.206
293.206
293.206
293.206
293.206
293.206
293.206
293.206
293.206
293.206
293.206
293.206
293.206
293.206
293.206
293.206
293.206
293.206
293.206
293.206
293.206
293.206
293.206
293.206
293.206
293.206
293.206
293.206
293.206
293.206
293.206
293.206
293.206
293.206
293.206
293.206
293.206
293.206
293.206
293.206
293.206
293.206
293.206
293.206
293.206
293.206
293.206
293.206
293.206
293.206
293.206
293.206
293.206
293.206
293.206
293.206
293.206
293.206
293.206
293.206
293.206
293.206
293.206
293.206
293.206
293.206
293.206
293.206
293.206
293.206
293.206
293.206
293.206
293.206
293.206
293.205
293.205
293.205
293.205
293.205
293.204
293.204
293.203
293.202
293.201
293.2
293.199
293.198
293.196
293.194
293.192
293.189
293.186
293.183
293.179
293.174
293.169
293.163
293.157
293.149
293.14
293.131
293.12
293.108
293.095
293.08
293.064
293.047
293.027
293.006
292.983
292.958
292.931
292.903
292.872
292.839
292.804
292.767
292.728
292.687
292.645
292.6
292.554
292.506
292.457
292.407
292.356
292.304
292.251
292.198
292.144
292.091
292.037
291.984
291.932
291.881
291.831
291.782
291.734
291.688
291.644
291.601
291.561
291.522
291.486
291.451
291.419
291.389
291.36
291.334
291.31
291.288
291.267
291.249
291.232
291.216
291.202
291.19
291.179
291.169
291.16
291.152
291.145
291.138
291.133
291.128
291.124
291.12
291.117
291.115
291.112
291.111
291.109
291.108
291.107
291.107
291.106
291.106
291.106
291.107
291.108
291.109
291.11
291.112
291.114
291.116
291.119
291.122
291.125
291.128
291.132
291.135
291.139
291.143
291.147
291.151
291.155
291.159
291.162
291.166
291.169
291.173
291.176
291.179
291.181
291.183
291.185
291.187
291.189
291.19
291.191
291.192
291.193
291.193
291.194
291.194
291.194
291.195
)
;

boundaryField
{
    sides
    {
        type            calculated;
        value           nonuniform List<scalar> 2(291.195 10.2054);
    }
    empty
    {
        type            empty;
    }
}


// ************************************************************************* //
