/*--------------------------------*- C++ -*----------------------------------*\
| =========                 |                                                 |
| \\      /  F ield         | OpenFOAM: The Open Source CFD Toolbox           |
|  \\    /   O peration     | Version:  2406                                  |
|   \\  /    A nd           | Website:  www.openfoam.com                      |
|    \\/     M anipulation  |                                                 |
\*---------------------------------------------------------------------------*/
FoamFile
{
    version     2.0;
    format      ascii;
    arch        "LSB;label=32;scalar=64";
    class       volScalarField;
    location    "0.025";
    object      p;
}
// * * * * * * * * * * * * * * * * * * * * * * * * * * * * * * * * * * * * * //

dimensions      [1 -1 -2 0 0 0 0];

internalField   nonuniform List<scalar> 
1000
(
27788.4
27783.4
27777.9
27773
27768.4
27763.8
27759.2
27754.5
27749.8
27745.1
27740.4
27735.7
27731
27726.3
27721.6
27716.9
27712.1
27707.4
27702.7
27697.9
27693.2
27688.5
27683.7
27678.9
27674.2
27669.4
27664.6
27659.9
27655.1
27650.3
27645.5
27640.7
27635.9
27631.1
27626.3
27621.5
27616.7
27611.8
27607
27602.2
27597.3
27592.5
27587.6
27582.8
27577.9
27573
27568.2
27563.3
27558.4
27553.5
27548.6
27543.7
27538.8
27533.9
27528.9
27524
27519.1
27514.1
27509.2
27504.2
27499.3
27494.3
27489.4
27484.4
27479.4
27474.4
27469.4
27464.4
27459.4
27454.4
27449.4
27444.4
27439.4
27434.3
27429.3
27424.3
27419.2
27414.2
27409.1
27404.1
27399
27393.9
27388.8
27383.7
27378.6
27373.6
27368.4
27363.3
27358.2
27353.1
27348
27342.8
27337.7
27332.6
27327.4
27322.2
27317.1
27311.9
27306.7
27301.6
27296.4
27291.2
27286
27280.8
27275.6
27270.3
27265.1
27259.9
27254.7
27249.4
27244.2
27238.9
27233.7
27228.4
27223.1
27217.8
27212.6
27207.3
27202
27196.7
27191.4
27186.1
27180.7
27175.4
27170.1
27164.7
27159.4
27154
27148.7
27143.3
27138
27132.6
27127.2
27121.8
27116.4
27111
27105.6
27100.2
27094.8
27089.4
27083.9
27078.5
27073.1
27067.6
27062.2
27056.7
27051.2
27045.8
27040.3
27034.8
27029.3
27023.8
27018.3
27012.8
27007.3
27001.7
26996.2
26990.7
26985.1
26979.6
26974
26968.5
26962.9
26957.3
26951.8
26946.2
26940.6
26935
26929.4
26923.8
26918.1
26912.5
26906.9
26901.2
26895.6
26890
26884.3
26878.6
26873
26867.3
26861.6
26855.9
26850.2
26844.5
26838.8
26833.1
26827.4
26821.7
26815.9
26810.2
26804.5
26798.7
26792.9
26787.2
26781.4
26775.6
26769.9
26764.1
26758.3
26752.5
26746.7
26740.8
26735
26729.2
26723.4
26717.5
26711.7
26705.8
26700
26694.1
26688.2
26682.4
26676.5
26670.6
26664.7
26658.8
26652.9
26647
26641.1
26635.2
26629.2
26623.3
26617.3
26611.4
26605.4
26599.5
26593.5
26587.6
26581.6
26575.6
26569.6
26563.6
26557.6
26551.6
26545.6
26539.6
26533.6
26527.5
26521.5
26515.5
26509.4
26503.4
26497.3
26491.3
26485.2
26479.1
26473
26467
26460.9
26454.8
26448.7
26442.6
26436.5
26430.4
26424.3
26418.1
26412
26405.9
26399.7
26393.6
26387.5
26381.3
26375.2
26369
26362.9
26356.7
26350.5
26344.3
26338.2
26332
26325.8
26319.6
26313.4
26307.2
26301
26294.8
26288.6
26282.4
26276.2
26270
26263.8
26257.6
26251.3
26245.1
26238.9
26232.7
26226.4
26220.2
26214
26207.7
26201.5
26195.2
26189
26182.8
26176.5
26170.3
26164
26157.8
26151.5
26145.3
26139
26132.8
26126.5
26120.3
26114.1
26107.8
26101.6
26095.3
26089.1
26082.8
26076.6
26070.4
26064.1
26057.9
26051.7
26045.5
26039.2
26033
26026.8
26020.6
26014.4
26008.2
26002
25995.8
25989.6
25983.4
25977.3
25971.1
25965
25958.8
25952.7
25946.5
25940.4
25934.3
25928.2
25922.1
25916
25909.9
25903.9
25897.8
25891.8
25885.8
25879.8
25873.8
25867.8
25861.8
25855.9
25849.9
25844
25838.1
25832.3
25826.4
25820.6
25814.7
25809
25803.2
25797.4
25791.7
25786
25780.3
25774.7
25769.1
25763.5
25757.9
25752.4
25746.9
25741.5
25736
25730.6
25725.3
25720
25714.7
25709.5
25704.3
25699.1
25694
25689
25684
25679
25674.1
25669.3
25664.5
25659.8
25655.1
25650.5
25646
25641.5
25637.1
25632.8
25628.5
25624.3
25620.2
25616.2
25612.3
25608.4
25604.6
25601
25597.4
25593.9
25590.6
25587.3
25584.2
25581.1
25578.2
25575.4
25572.7
25570.2
25567.8
25565.5
25563.4
25561.4
25559.6
25558
25556.5
25555.1
25554
25553
25552.3
25551.7
25551.4
25551.3
25551.3
25551.4
25551.7
25552.3
25553.2
25554.3
25555.7
25557.4
25559.4
25561.6
25564.1
25566.9
25569.9
25573.3
25577
25581
25585.4
25590.1
25595.1
25600.5
25606.2
25612.4
25618.9
25625.7
25633
25640.7
25648.7
25657.2
25666.2
25675.5
25685.3
25695.5
25706.2
25717.3
25728.9
25740.9
25753.4
25766.4
25779.8
25793.7
25808.1
25822.9
25838.2
25854
25870.3
25887
25904.2
25921.9
25940
25958.5
25977.5
25997
26016.8
26037.1
26057.8
26078.9
26100.4
26122.3
26144.5
26167.2
26190.1
26213.4
26237
26261
26285.2
26309.7
26334.5
26359.6
26384.9
26410.4
26436.2
26462.1
26488.3
26514.6
26541.2
26567.8
26594.7
26621.7
26648.8
26676
26703.4
26730.8
26758.4
26786
26813.8
26841.6
26869.4
26897.4
26925.3
26953.4
26981.5
27009.6
27037.8
27066
27094.2
27122.4
27150.7
27179
27207.3
27235.7
27264
27292.4
27320.7
27349.1
27377.5
27405.9
27434.2
27462.6
27491
27519.4
27547.7
27576.1
27604.4
27632.8
27661.1
27689.4
27717.7
27746
27774.3
27802.5
27830.8
27859
27887.2
27915.3
27943.5
27971.6
27999.7
28027.7
28055.7
28083.7
28111.7
28139.6
28167.5
28195.3
28223.1
28250.8
28278.5
28306.2
28333.8
28361.3
28388.8
28416.3
28443.6
28470.9
28498.2
28525.3
28552.4
28579.5
28606.4
28633.3
28660.1
28686.8
28713.4
28739.9
28766.3
28792.6
28818.9
28845
28871
28896.9
28922.7
28948.3
28973.8
28999.3
29024.5
29049.7
29074.7
29099.5
29124.2
29148.8
29173.1
29197.4
29221.4
29245.3
29269
29292.6
29315.9
29339.1
29362.1
29384.8
29407.4
29429.8
29451.9
29473.8
29495.5
29517
29538.2
29559.3
29580
29600.5
29620.8
29640.8
29660.6
29680.1
29699.3
29718.2
29736.9
29755.3
29773.4
29791.2
29808.7
29826
29842.9
29859.5
29875.8
29891.9
29907.6
29923
29938.1
29952.8
29967.3
29981.4
29995.2
30008.7
30021.9
30034.7
30047.2
30059.4
30071.3
30082.9
30094.1
30105.1
30115.7
30126
30136
30145.6
30155
30164.1
30172.8
30181.3
30189.5
30197.4
30205
30212.3
30219.4
30226.1
30232.6
30238.9
30244.9
30250.6
30256.1
30261.4
30266.4
30271.3
30275.8
30280.2
30284.4
30288.4
30292.1
30295.7
30299.1
30302.4
30305.4
30308.3
30311.1
30313.7
30316.1
30318.4
30320.6
30322.6
30324.6
30326.4
30328.1
30329.7
30331.2
30332.6
30333.9
30335.1
30336.2
30337.3
30338.3
30339.2
30340.1
30340.9
30341.6
30342.3
30343
30343.6
30344.1
30344.6
30345.1
30345.5
30345.9
30346.3
30346.6
30346.9
30347.2
30347.4
30347.7
30347.9
30348.1
30348.3
30348.5
30348.6
30348.7
30348.9
30349
30349.1
30349.2
30349.3
30349.3
30349.4
30349.5
30349.5
30349.6
30349.6
30349.7
30349.7
30349.7
30349.8
30349.8
30349.8
30349.8
30349.9
30349.9
30349.9
30349.9
30349.9
30349.9
30349.9
30350
30350
30350
30350
30350
30350
30350
30350
30350
30350
30350
30350
30350
30350
30350
30350
30350
30350
30350
30350
30350
30350
30350
30350
30350
30350
30350
30350
30350
30350
30350
30350
30350
30350
30350
30350
30350
30350
30350
30350
30350
30350
30350
30350
30350
30350
30350
30350
30350
30350
30350
30350
30350
30350
30350
30350
30350
30350
30350
30350
30350
30350
30350
30350
30350
30350
30350
30350
30350
30350
30350
30350
30350
30350
30350
30350
30349.9
30349.9
30349.9
30349.9
30349.9
30349.9
30349.9
30349.9
30349.9
30349.9
30349.9
30350
30350
30350
30350
30350
30350
30350
30350
30350
30350
30350
30350
30350
30350
30350
30350
30350
30350
30350
30350
30350
30350
30350
30350
30350
30350
30350
30350
30350
30350
30350
30350.1
30350.1
30350.1
30350.2
30350.2
30350.3
30350.4
30350.5
30350.7
30350.8
30351
30351.2
30351.5
30351.8
30352.1
30352.5
30353
30353.5
30354.1
30354.8
30355.6
30356.4
30357.4
30358.6
30359.8
30361.3
30362.8
30364.6
30366.5
30368.7
30371
30373.6
30376.4
30379.5
30382.8
30386.4
30390.2
30394.3
30398.7
30403.3
30408.3
30413.5
30419
30424.7
30430.6
30436.8
30443.2
30449.8
30456.6
30463.5
30470.5
30477.6
30484.8
30492
30499.3
30506.5
30513.6
30520.7
30527.6
30534.5
30541.1
30547.6
30553.8
30559.8
30565.6
30571.2
30576.4
30581.4
30586.1
30590.5
30594.7
30598.6
30602.1
30605.5
30608.5
30611.3
30613.9
30616.2
30618.3
30620.3
30622
30623.5
30624.9
30626.1
30627.2
30628.2
30629.1
30629.8
30630.5
30631.1
30631.6
30632
30632.4
30632.7
30632.9
30633.1
30633.3
30633.4
30633.5
30633.5
30633.5
30633.5
30633.5
30633.4
30633.2
30633
30632.8
30632.5
30632.2
30631.9
30631.5
30631.1
30630.6
30630.1
30629.6
30629.1
30628.6
30628.1
30627.6
30627
30626.5
30626
30625.5
30625
30624.6
30624.2
30623.8
30623.4
30623.1
30622.8
30622.6
30622.4
30622.2
30622
30621.9
30621.8
30621.7
30621.7
30621.6
30621.6
30621.6
)
;

boundaryField
{
    sides
    {
        type            zeroGradient;
    }
    empty
    {
        type            empty;
    }
}


// ************************************************************************* //
