/*--------------------------------*- C++ -*----------------------------------*\
| =========                 |                                                 |
| \\      /  F ield         | OpenFOAM: The Open Source CFD Toolbox           |
|  \\    /   O peration     | Version:  2406                                  |
|   \\  /    A nd           | Website:  www.openfoam.com                      |
|    \\/     M anipulation  |                                                 |
\*---------------------------------------------------------------------------*/
FoamFile
{
    version     2.0;
    format      ascii;
    arch        "LSB;label=32;scalar=64";
    class       surfaceScalarField;
    location    "0.025";
    object      phi;
}
// * * * * * * * * * * * * * * * * * * * * * * * * * * * * * * * * * * * * * //

dimensions      [1 0 -1 0 0 0 0];

oriented        oriented;

internalField   nonuniform List<scalar> 
999
(
17.2013
18.0458
18.8902
19.7341
20.5769
21.4187
22.2601
23.1019
23.9445
24.7881
25.6327
26.4776
27.3227
28.1679
29.0135
29.8597
30.7057
31.5516
32.3974
33.2431
34.0887
34.9341
35.7795
36.6247
37.4698
38.3149
39.1598
40.0046
40.8492
41.6938
42.5383
43.3826
44.2268
45.071
45.915
46.7589
47.6027
48.4463
49.2899
50.1333
50.9766
51.8199
52.663
53.5059
54.3488
55.1916
56.0342
56.8767
57.7191
58.5614
59.4036
60.2456
61.0876
61.9294
62.771
63.6126
64.454
65.2953
66.1365
66.9776
67.8185
68.6593
69.4999
70.3405
71.1809
72.0211
72.8613
73.7013
74.5411
75.3808
76.2204
77.0599
77.8992
78.7384
79.5775
80.4164
81.2552
82.0938
82.9323
83.7706
84.6089
85.4469
86.2849
87.1227
87.9603
88.7978
89.6352
90.4724
91.3095
92.1464
92.9831
93.8198
94.6563
95.4926
96.3288
97.1648
98.0007
98.8364
99.672
100.507
101.343
102.178
103.013
103.848
104.682
105.517
106.351
107.185
108.019
108.853
109.687
110.52
111.354
112.187
113.02
113.853
114.686
115.518
116.351
117.183
118.015
118.847
119.679
120.51
121.341
122.173
123.004
123.835
124.665
125.496
126.326
127.156
127.987
128.816
129.646
130.475
131.305
132.134
132.963
133.792
134.62
135.448
136.277
137.105
137.933
138.76
139.588
140.415
141.242
142.069
142.896
143.722
144.549
145.375
146.201
147.027
147.852
148.678
149.503
150.328
151.153
151.977
152.802
153.626
154.45
155.274
156.097
156.92
157.744
158.567
159.389
160.212
161.034
161.856
162.678
163.5
164.322
165.143
165.964
166.785
167.605
168.426
169.246
170.066
170.886
171.705
172.525
173.344
174.163
174.981
175.8
176.618
177.436
178.254
179.071
179.889
180.706
181.523
182.339
183.155
183.972
184.788
185.603
186.419
187.234
188.049
188.863
189.678
190.492
191.306
192.12
192.933
193.747
194.56
195.372
196.185
196.997
197.809
198.621
199.432
200.244
201.054
201.865
202.676
203.486
204.296
205.105
205.915
206.724
207.533
208.342
209.15
209.958
210.766
211.573
212.381
213.188
213.994
214.801
215.607
216.413
217.219
218.024
218.829
219.634
220.438
221.243
222.046
222.85
223.653
224.457
225.259
226.062
226.864
227.666
228.468
229.269
230.07
230.871
231.671
232.471
233.271
234.071
234.87
235.669
236.467
237.266
238.064
238.861
239.659
240.456
241.252
242.049
242.845
243.641
244.436
245.231
246.026
246.821
247.615
248.409
249.202
249.995
250.788
251.581
252.373
253.165
253.956
254.748
255.538
256.329
257.119
257.909
258.698
259.487
260.276
261.065
261.853
262.64
263.428
264.215
265.002
265.788
266.574
267.359
268.144
268.929
269.714
270.498
271.282
272.065
272.848
273.631
274.413
275.195
275.976
276.757
277.538
278.318
279.098
279.878
280.657
281.435
282.214
282.992
283.769
284.546
285.323
286.099
286.875
287.651
288.426
289.2
289.975
290.748
291.522
292.295
293.067
293.839
294.611
295.382
296.153
296.923
297.693
298.463
299.232
300
300.769
301.536
302.303
303.07
303.836
304.602
305.368
306.132
306.897
307.661
308.424
309.187
309.95
310.712
311.473
312.234
312.995
313.755
314.514
315.273
316.031
316.789
317.547
318.304
319.06
319.816
320.571
321.326
322.08
322.833
323.587
324.339
325.091
325.842
326.593
327.343
328.093
328.842
329.59
330.338
331.085
331.832
332.578
333.323
334.068
334.812
335.556
336.298
337.041
337.782
338.523
339.263
340.003
340.742
341.48
342.217
342.954
343.69
344.425
345.16
345.894
346.627
347.359
348.091
348.821
349.551
350.281
351.009
351.737
352.464
353.19
353.915
354.639
355.362
356.085
356.807
357.529
358.25
358.969
359.687
360.405
361.122
361.837
362.552
363.266
363.979
364.691
365.402
366.112
366.822
367.53
368.237
368.944
369.649
370.353
371.057
371.759
372.461
373.161
373.861
374.56
375.257
375.954
376.65
377.345
378.039
378.731
379.424
380.115
380.805
381.494
382.183
382.87
383.557
384.243
384.928
385.613
386.297
386.98
387.662
388.344
389.025
389.705
390.385
391.064
391.743
392.421
393.099
393.776
394.453
395.13
395.806
396.482
397.158
397.834
398.509
399.185
399.86
400.535
401.21
401.885
402.56
403.235
403.91
404.585
405.261
405.936
406.611
407.287
407.963
408.639
409.315
409.992
410.668
411.345
412.022
412.7
413.377
414.055
414.733
415.411
416.09
416.769
417.448
418.127
418.806
419.486
420.166
420.846
421.526
422.206
422.887
423.568
424.249
424.93
425.611
426.292
426.973
427.654
428.336
429.017
429.698
430.379
431.06
431.742
432.423
433.103
433.784
434.465
435.145
435.825
436.505
437.184
437.863
438.542
439.22
439.898
440.576
441.253
441.929
442.605
443.28
443.955
444.629
445.302
445.974
446.646
447.316
447.986
448.655
449.322
449.989
450.654
451.319
451.981
452.643
453.303
453.962
454.62
455.275
455.929
456.582
457.232
457.881
458.528
459.173
459.816
460.456
461.095
461.731
462.365
462.996
463.624
464.25
464.873
465.494
466.111
466.726
467.337
467.945
468.549
469.151
469.748
470.342
470.932
471.519
472.101
472.679
473.253
473.823
474.388
474.949
475.505
476.056
476.603
477.144
477.68
478.211
478.737
479.257
479.771
480.28
480.783
481.28
481.771
482.255
482.734
483.206
483.671
484.13
484.582
485.028
485.466
485.898
486.322
486.739
487.149
487.552
487.947
488.335
488.716
489.088
489.453
489.811
490.161
490.503
490.837
491.163
491.482
491.793
492.096
492.391
492.679
492.958
493.23
493.494
493.751
494
494.241
494.475
494.701
494.92
495.132
495.336
495.534
495.724
495.908
496.084
496.255
496.418
496.575
496.726
496.87
497.009
497.141
497.268
497.39
497.505
497.616
497.721
497.821
497.917
498.008
498.094
498.176
498.253
498.327
498.396
498.462
498.524
498.583
498.638
498.69
498.739
498.785
498.829
498.869
498.907
498.943
498.977
499.008
499.037
499.064
499.089
499.113
499.135
499.155
499.174
499.192
499.208
499.223
499.237
499.25
499.262
499.273
499.283
499.292
499.301
499.308
499.315
499.322
499.328
499.333
499.338
499.343
499.347
499.351
499.354
499.357
499.36
499.362
499.364
499.366
499.368
499.37
499.371
499.372
499.373
499.374
499.375
499.376
499.376
499.377
499.377
499.378
499.378
499.378
499.378
499.379
499.379
499.379
499.379
499.379
499.378
499.378
499.378
499.378
499.378
499.378
499.377
499.377
499.377
499.377
499.376
499.376
499.376
499.376
499.375
499.375
499.375
499.374
499.374
499.374
499.373
499.373
499.373
499.372
499.372
499.372
499.371
499.371
499.37
499.37
499.37
499.369
499.369
499.369
499.368
499.368
499.367
499.367
499.367
499.366
499.366
499.365
499.365
499.365
499.364
499.364
499.364
499.363
499.363
499.362
499.362
499.361
499.361
499.361
499.36
499.36
499.359
499.359
499.359
499.358
499.358
499.357
499.357
499.356
499.356
499.356
499.355
499.355
499.354
499.354
499.353
499.353
499.352
499.352
499.351
499.351
499.351
499.35
499.35
499.349
499.349
499.348
499.348
499.347
499.347
499.346
499.346
499.345
499.345
499.344
499.344
499.343
499.343
499.342
499.342
499.341
499.341
499.34
499.34
499.339
499.339
499.338
499.338
499.337
499.337
499.336
499.336
499.335
499.334
499.334
499.333
499.333
499.332
499.332
499.331
499.331
499.33
499.329
499.329
499.328
499.328
499.327
499.326
499.326
499.325
499.324
499.323
499.322
499.322
499.321
499.32
499.319
499.318
499.316
499.315
499.314
499.312
499.311
499.309
499.307
499.305
499.303
499.301
499.299
499.296
499.293
499.29
499.287
499.283
499.279
499.275
499.271
499.266
499.261
499.256
499.251
499.245
499.239
499.233
499.226
499.22
499.213
499.206
499.198
499.191
499.183
499.175
499.168
499.16
499.152
499.144
499.136
499.128
499.121
499.113
499.106
499.099
499.092
499.085
499.078
499.072
499.066
499.06
499.055
499.05
499.045
499.04
499.036
499.032
499.028
499.024
499.021
499.018
499.015
499.013
499.01
499.008
499.006
499.004
499.002
499
498.998
498.997
498.995
498.994
498.992
498.991
498.99
498.988
498.987
498.986
498.985
498.984
498.983
498.982
498.981
498.98
498.979
498.978
498.977
498.976
498.975
498.974
498.974
498.973
498.972
498.971
498.971
498.97
498.97
498.969
498.968
498.968
498.967
498.967
498.966
498.965
498.965
498.964
498.963
498.962
498.961
498.961
498.96
498.959
498.958
498.956
498.955
498.954
498.953
498.952
498.95
498.949
498.948
498.946
498.945
498.943
498.942
498.94
)
;

boundaryField
{
    sides
    {
        type            calculated;
        value           nonuniform List<scalar> 2(498.939 -16.3564);
    }
    empty
    {
        type            empty;
    }
}


// ************************************************************************* //
