/*--------------------------------*- C++ -*----------------------------------*\
| =========                 |                                                 |
| \\      /  F ield         | OpenFOAM: The Open Source CFD Toolbox           |
|  \\    /   O peration     | Version:  2406                                  |
|   \\  /    A nd           | Website:  www.openfoam.com                      |
|    \\/     M anipulation  |                                                 |
\*---------------------------------------------------------------------------*/
FoamFile
{
    version     2.0;
    format      ascii;
    arch        "LSB;label=32;scalar=64";
    class       volScalarField;
    location    "0.025";
    object      T;
}
// * * * * * * * * * * * * * * * * * * * * * * * * * * * * * * * * * * * * * //

dimensions      [0 0 0 1 0 0 0];

internalField   nonuniform List<scalar> 
1000
(
240.913
240.95
241.002
241.049
241.101
241.161
241.223
241.279
241.322
241.349
241.363
241.368
241.369
241.369
241.365
241.354
241.341
241.329
241.317
241.305
241.292
241.28
241.268
241.256
241.244
241.232
241.22
241.208
241.196
241.184
241.172
241.16
241.148
241.135
241.123
241.111
241.099
241.087
241.075
241.062
241.05
241.038
241.026
241.013
241.001
240.989
240.976
240.964
240.952
240.939
240.927
240.914
240.902
240.89
240.877
240.865
240.852
240.84
240.827
240.815
240.802
240.789
240.777
240.764
240.752
240.739
240.726
240.714
240.701
240.688
240.676
240.663
240.65
240.637
240.625
240.612
240.599
240.586
240.574
240.561
240.548
240.535
240.522
240.509
240.496
240.483
240.47
240.457
240.444
240.431
240.418
240.405
240.392
240.379
240.366
240.353
240.34
240.327
240.314
240.301
240.287
240.274
240.261
240.248
240.235
240.221
240.208
240.194
240.182
240.167
240.156
240.14
240.13
240.112
240.104
240.086
240.077
240.059
240.05
240.032
240.023
240.005
239.996
239.978
239.968
239.951
239.941
239.925
239.912
239.899
239.883
239.872
239.856
239.844
239.83
239.815
239.803
239.788
239.775
239.761
239.746
239.733
239.719
239.705
239.692
239.677
239.663
239.65
239.635
239.621
239.608
239.593
239.579
239.566
239.551
239.537
239.523
239.509
239.495
239.481
239.467
239.452
239.438
239.424
239.41
239.395
239.381
239.367
239.352
239.338
239.324
239.309
239.295
239.281
239.266
239.252
239.237
239.223
239.208
239.194
239.179
239.165
239.15
239.135
239.121
239.106
239.092
239.077
239.062
239.048
239.033
239.018
239.003
238.989
238.974
238.959
238.944
238.929
238.914
238.9
238.885
238.87
238.855
238.84
238.825
238.81
238.795
238.78
238.765
238.75
238.735
238.72
238.705
238.69
238.674
238.659
238.644
238.629
238.614
238.598
238.583
238.568
238.553
238.537
238.522
238.507
238.491
238.476
238.461
238.445
238.43
238.415
238.399
238.384
238.368
238.353
238.337
238.322
238.306
238.291
238.275
238.259
238.244
238.228
238.213
238.197
238.181
238.166
238.15
238.134
238.119
238.103
238.087
238.071
238.056
238.04
238.024
238.008
237.992
237.976
237.961
237.945
237.929
237.913
237.897
237.881
237.865
237.849
237.833
237.817
237.801
237.785
237.769
237.753
237.737
237.721
237.705
237.689
237.673
237.657
237.641
237.625
237.609
237.593
237.576
237.56
237.544
237.528
237.512
237.496
237.48
237.463
237.447
237.431
237.415
237.399
237.382
237.366
237.35
237.334
237.318
237.301
237.285
237.269
237.253
237.237
237.22
237.204
237.188
237.172
237.156
237.139
237.123
237.107
237.091
237.075
237.058
237.042
237.026
237.01
236.994
236.978
236.962
236.946
236.93
236.913
236.897
236.881
236.865
236.849
236.833
236.817
236.802
236.786
236.77
236.754
236.738
236.722
236.706
236.691
236.675
236.659
236.644
236.628
236.612
236.597
236.581
236.566
236.551
236.535
236.52
236.505
236.489
236.474
236.459
236.444
236.429
236.414
236.399
236.384
236.37
236.355
236.34
236.326
236.312
236.297
236.283
236.269
236.255
236.241
236.227
236.213
236.2
236.186
236.173
236.159
236.146
236.133
236.12
236.107
236.095
236.082
236.07
236.058
236.046
236.034
236.023
236.011
236
235.989
235.978
235.967
235.957
235.947
235.937
235.927
235.917
235.908
235.899
235.891
235.882
235.874
235.866
235.859
235.852
235.845
235.838
235.832
235.826
235.821
235.816
235.812
235.808
235.804
235.801
235.798
235.796
235.794
235.793
235.792
235.792
235.793
235.793
235.794
235.796
235.799
235.802
235.807
235.811
235.817
235.823
235.83
235.838
235.847
235.856
235.866
235.877
235.889
235.902
235.916
235.931
235.946
235.963
235.981
235.999
236.019
236.04
236.062
236.085
236.109
236.134
236.16
236.188
236.217
236.247
236.278
236.31
236.343
236.378
236.414
236.451
236.49
236.529
236.57
236.612
236.656
236.7
236.746
236.793
236.841
236.89
236.94
236.992
237.044
237.098
237.153
237.208
237.265
237.322
237.381
237.44
237.501
237.562
237.624
237.686
237.75
237.814
237.878
237.944
238.01
238.076
238.143
238.211
238.278
238.347
238.416
238.485
238.554
238.624
238.694
238.764
238.835
238.905
238.976
239.047
239.118
239.19
239.261
239.333
239.405
239.476
239.548
239.62
239.692
239.764
239.836
239.907
239.979
240.051
240.123
240.195
240.267
240.339
240.41
240.482
240.554
240.625
240.697
240.769
240.84
240.911
240.983
241.054
241.125
241.196
241.267
241.338
241.409
241.48
241.55
241.621
241.691
241.761
241.832
241.902
241.972
242.041
242.111
242.181
242.25
242.319
242.388
242.457
242.526
242.595
242.663
242.732
242.8
242.868
242.936
243.003
243.071
243.138
243.205
243.272
243.338
243.405
243.471
243.537
243.603
243.668
243.733
243.798
243.863
243.927
243.992
244.055
244.119
244.182
244.245
244.308
244.37
244.432
244.494
244.555
244.616
244.676
244.737
244.796
244.856
244.915
244.973
245.031
245.089
245.146
245.203
245.259
245.315
245.37
245.425
245.48
245.533
245.587
245.639
245.692
245.743
245.794
245.845
245.895
245.944
245.993
246.041
246.088
246.135
246.181
246.226
246.271
246.315
246.358
246.401
246.443
246.484
246.525
246.565
246.604
246.642
246.68
246.717
246.753
246.788
246.823
246.857
246.89
246.922
246.954
246.985
247.015
247.044
247.072
247.1
247.127
247.153
247.179
247.204
247.227
247.251
247.273
247.295
247.316
247.337
247.356
247.375
247.394
247.411
247.428
247.445
247.46
247.475
247.49
247.504
247.517
247.53
247.542
247.554
247.565
247.576
247.586
247.596
247.605
247.613
247.622
247.63
247.637
247.644
247.651
247.657
247.664
247.669
247.675
247.68
247.685
247.689
247.693
247.697
247.701
247.705
247.708
247.711
247.714
247.717
247.719
247.722
247.724
247.726
247.728
247.73
247.731
247.733
247.734
247.736
247.737
247.738
247.739
247.74
247.741
247.742
247.743
247.744
247.745
247.745
247.746
247.747
247.747
247.748
247.748
247.749
247.749
247.749
247.75
247.75
247.75
247.751
247.751
247.751
247.752
247.752
247.752
247.752
247.753
247.753
247.753
247.753
247.754
247.754
247.754
247.754
247.754
247.755
247.755
247.755
247.755
247.755
247.755
247.756
247.756
247.756
247.756
247.756
247.756
247.757
247.757
247.757
247.757
247.757
247.758
247.758
247.758
247.758
247.758
247.758
247.759
247.759
247.759
247.759
247.759
247.76
247.76
247.76
247.76
247.76
247.76
247.761
247.761
247.761
247.761
247.761
247.761
247.762
247.762
247.762
247.762
247.763
247.763
247.763
247.763
247.763
247.763
247.764
247.764
247.764
247.764
247.764
247.765
247.765
247.765
247.765
247.765
247.766
247.766
247.766
247.766
247.767
247.767
247.767
247.767
247.767
247.768
247.768
247.768
247.768
247.768
247.769
247.769
247.769
247.769
247.77
247.77
247.77
247.77
247.77
247.771
247.771
247.771
247.771
247.772
247.772
247.772
247.772
247.773
247.773
247.773
247.773
247.773
247.774
247.774
247.774
247.774
247.775
247.775
247.775
247.776
247.776
247.776
247.776
247.777
247.777
247.777
247.778
247.778
247.778
247.778
247.779
247.779
247.779
247.779
247.78
247.78
247.78
247.781
247.781
247.781
247.782
247.782
247.783
247.783
247.784
247.784
247.785
247.785
247.786
247.787
247.788
247.789
247.79
247.791
247.793
247.795
247.796
247.798
247.801
247.803
247.806
247.809
247.812
247.816
247.82
247.825
247.83
247.836
247.842
247.848
247.855
247.863
247.871
247.88
247.89
247.9
247.911
247.922
247.935
247.947
247.961
247.975
247.989
248.004
248.02
248.036
248.052
248.069
248.085
248.102
248.12
248.137
248.154
248.171
248.188
248.205
248.221
248.237
248.253
248.268
248.283
248.297
248.311
248.324
248.336
248.348
248.359
248.37
248.379
248.389
248.397
248.405
248.412
248.419
248.425
248.431
248.436
248.441
248.445
248.449
248.452
248.455
248.458
248.461
248.463
248.465
248.467
248.469
248.471
248.472
248.473
248.475
248.476
248.477
248.477
248.478
248.479
248.479
248.48
248.48
248.481
248.481
248.481
248.481
248.481
248.481
248.481
248.481
248.48
248.48
248.479
248.479
248.478
248.478
248.477
248.476
248.476
248.475
248.474
248.474
248.473
248.473
248.473
248.472
248.472
248.472
248.472
248.472
248.472
248.472
248.472
248.473
248.473
248.474
248.474
248.475
248.476
248.476
248.477
)
;

boundaryField
{
    sides
    {
        type            zeroGradient;
    }
    empty
    {
        type            empty;
    }
}


// ************************************************************************* //
