/*--------------------------------*- C++ -*----------------------------------*\
| =========                 |                                                 |
| \\      /  F ield         | OpenFOAM: The Open Source CFD Toolbox           |
|  \\    /   O peration     | Version:  2406                                  |
|   \\  /    A nd           | Website:  www.openfoam.com                      |
|    \\/     M anipulation  |                                                 |
\*---------------------------------------------------------------------------*/
FoamFile
{
    version     2.0;
    format      ascii;
    arch        "LSB;label=32;scalar=64";
    class       volVectorField;
    location    "0.025";
    object      U;
}
// * * * * * * * * * * * * * * * * * * * * * * * * * * * * * * * * * * * * * //

dimensions      [0 1 -1 0 0 0 0];

internalField   nonuniform List<vector> 
1000
(
(10.2054 0 0)
(10.89 0 0)
(11.5371 0 0)
(12.0752 0 0)
(12.5874 0 0)
(13.1111 0 0)
(13.644 0 0)
(14.1781 0 0)
(14.7109 0 0)
(15.243 0 0)
(15.7749 0 0)
(16.3069 0 0)
(16.8389 0 0)
(17.371 0 0)
(17.9032 0 0)
(18.4354 0 0)
(18.9676 0 0)
(19.4999 0 0)
(20.0322 0 0)
(20.5646 0 0)
(21.097 0 0)
(21.6295 0 0)
(22.1621 0 0)
(22.6948 0 0)
(23.2275 0 0)
(23.7602 0 0)
(24.2931 0 0)
(24.826 0 0)
(25.3589 0 0)
(25.892 0 0)
(26.425 0 0)
(26.9582 0 0)
(27.4914 0 0)
(28.0247 0 0)
(28.558 0 0)
(29.0915 0 0)
(29.6249 0 0)
(30.1585 0 0)
(30.6921 0 0)
(31.2258 0 0)
(31.7595 0 0)
(32.2933 0 0)
(32.8272 0 0)
(33.3611 0 0)
(33.8951 0 0)
(34.4292 0 0)
(34.9633 0 0)
(35.4975 0 0)
(36.0318 0 0)
(36.5661 0 0)
(37.1005 0 0)
(37.635 0 0)
(38.1695 0 0)
(38.7041 0 0)
(39.2388 0 0)
(39.7735 0 0)
(40.3083 0 0)
(40.8432 0 0)
(41.3781 0 0)
(41.9131 0 0)
(42.4481 0 0)
(42.9832 0 0)
(43.5184 0 0)
(44.0536 0 0)
(44.5889 0 0)
(45.1242 0 0)
(45.6597 0 0)
(46.1951 0 0)
(46.7307 0 0)
(47.2663 0 0)
(47.8019 0 0)
(48.3376 0 0)
(48.8734 0 0)
(49.4093 0 0)
(49.9452 0 0)
(50.4811 0 0)
(51.0172 0 0)
(51.5532 0 0)
(52.0894 0 0)
(52.6256 0 0)
(53.1619 0 0)
(53.6982 0 0)
(54.2346 0 0)
(54.771 0 0)
(55.3075 0 0)
(55.8441 0 0)
(56.3808 0 0)
(56.9174 0 0)
(57.4542 0 0)
(57.991 0 0)
(58.5279 0 0)
(59.0648 0 0)
(59.6018 0 0)
(60.1388 0 0)
(60.676 0 0)
(61.2131 0 0)
(61.7504 0 0)
(62.2876 0 0)
(62.825 0 0)
(63.3624 0 0)
(63.8999 0 0)
(64.4374 0 0)
(64.975 0 0)
(65.5126 0 0)
(66.0503 0 0)
(66.5881 0 0)
(67.1259 0 0)
(67.6637 0 0)
(68.2017 0 0)
(68.7397 0 0)
(69.2777 0 0)
(69.8158 0 0)
(70.354 0 0)
(70.8922 0 0)
(71.4305 0 0)
(71.9688 0 0)
(72.5072 0 0)
(73.0456 0 0)
(73.5841 0 0)
(74.1227 0 0)
(74.6613 0 0)
(75.2 0 0)
(75.7387 0 0)
(76.2775 0 0)
(76.8164 0 0)
(77.3553 0 0)
(77.8942 0 0)
(78.4332 0 0)
(78.9723 0 0)
(79.5114 0 0)
(80.0506 0 0)
(80.5898 0 0)
(81.1291 0 0)
(81.6684 0 0)
(82.2078 0 0)
(82.7473 0 0)
(83.2868 0 0)
(83.8263 0 0)
(84.3659 0 0)
(84.9056 0 0)
(85.4453 0 0)
(85.9851 0 0)
(86.5249 0 0)
(87.0648 0 0)
(87.6047 0 0)
(88.1447 0 0)
(88.6848 0 0)
(89.2249 0 0)
(89.765 0 0)
(90.3052 0 0)
(90.8454 0 0)
(91.3857 0 0)
(91.9261 0 0)
(92.4665 0 0)
(93.0069 0 0)
(93.5474 0 0)
(94.088 0 0)
(94.6286 0 0)
(95.1692 0 0)
(95.7099 0 0)
(96.2507 0 0)
(96.7915 0 0)
(97.3323 0 0)
(97.8732 0 0)
(98.4142 0 0)
(98.9551 0 0)
(99.4962 0 0)
(100.037 0 0)
(100.578 0 0)
(101.12 0 0)
(101.661 0 0)
(102.202 0 0)
(102.743 0 0)
(103.285 0 0)
(103.826 0 0)
(104.368 0 0)
(104.909 0 0)
(105.451 0 0)
(105.992 0 0)
(106.534 0 0)
(107.076 0 0)
(107.617 0 0)
(108.159 0 0)
(108.701 0 0)
(109.243 0 0)
(109.785 0 0)
(110.327 0 0)
(110.869 0 0)
(111.411 0 0)
(111.953 0 0)
(112.495 0 0)
(113.037 0 0)
(113.579 0 0)
(114.122 0 0)
(114.664 0 0)
(115.206 0 0)
(115.749 0 0)
(116.291 0 0)
(116.833 0 0)
(117.376 0 0)
(117.918 0 0)
(118.461 0 0)
(119.003 0 0)
(119.546 0 0)
(120.089 0 0)
(120.631 0 0)
(121.174 0 0)
(121.717 0 0)
(122.26 0 0)
(122.803 0 0)
(123.346 0 0)
(123.888 0 0)
(124.431 0 0)
(124.974 0 0)
(125.517 0 0)
(126.06 0 0)
(126.604 0 0)
(127.147 0 0)
(127.69 0 0)
(128.233 0 0)
(128.776 0 0)
(129.319 0 0)
(129.863 0 0)
(130.406 0 0)
(130.949 0 0)
(131.493 0 0)
(132.036 0 0)
(132.579 0 0)
(133.123 0 0)
(133.666 0 0)
(134.21 0 0)
(134.753 0 0)
(135.297 0 0)
(135.84 0 0)
(136.384 0 0)
(136.928 0 0)
(137.471 0 0)
(138.015 0 0)
(138.559 0 0)
(139.102 0 0)
(139.646 0 0)
(140.19 0 0)
(140.734 0 0)
(141.277 0 0)
(141.821 0 0)
(142.365 0 0)
(142.909 0 0)
(143.453 0 0)
(143.996 0 0)
(144.54 0 0)
(145.084 0 0)
(145.628 0 0)
(146.172 0 0)
(146.716 0 0)
(147.26 0 0)
(147.804 0 0)
(148.348 0 0)
(148.892 0 0)
(149.436 0 0)
(149.98 0 0)
(150.524 0 0)
(151.068 0 0)
(151.612 0 0)
(152.156 0 0)
(152.7 0 0)
(153.244 0 0)
(153.788 0 0)
(154.332 0 0)
(154.876 0 0)
(155.42 0 0)
(155.964 0 0)
(156.508 0 0)
(157.052 0 0)
(157.596 0 0)
(158.14 0 0)
(158.684 0 0)
(159.228 0 0)
(159.772 0 0)
(160.316 0 0)
(160.859 0 0)
(161.403 0 0)
(161.947 0 0)
(162.491 0 0)
(163.035 0 0)
(163.579 0 0)
(164.123 0 0)
(164.667 0 0)
(165.21 0 0)
(165.754 0 0)
(166.298 0 0)
(166.842 0 0)
(167.385 0 0)
(167.929 0 0)
(168.472 0 0)
(169.016 0 0)
(169.56 0 0)
(170.103 0 0)
(170.647 0 0)
(171.19 0 0)
(171.733 0 0)
(172.277 0 0)
(172.82 0 0)
(173.363 0 0)
(173.907 0 0)
(174.45 0 0)
(174.993 0 0)
(175.536 0 0)
(176.079 0 0)
(176.622 0 0)
(177.165 0 0)
(177.707 0 0)
(178.25 0 0)
(178.793 0 0)
(179.335 0 0)
(179.878 0 0)
(180.42 0 0)
(180.963 0 0)
(181.505 0 0)
(182.047 0 0)
(182.589 0 0)
(183.131 0 0)
(183.673 0 0)
(184.215 0 0)
(184.757 0 0)
(185.298 0 0)
(185.84 0 0)
(186.381 0 0)
(186.923 0 0)
(187.464 0 0)
(188.005 0 0)
(188.546 0 0)
(189.087 0 0)
(189.627 0 0)
(190.168 0 0)
(190.708 0 0)
(191.248 0 0)
(191.789 0 0)
(192.328 0 0)
(192.868 0 0)
(193.408 0 0)
(193.947 0 0)
(194.487 0 0)
(195.026 0 0)
(195.565 0 0)
(196.103 0 0)
(196.642 0 0)
(197.18 0 0)
(197.718 0 0)
(198.256 0 0)
(198.794 0 0)
(199.331 0 0)
(199.868 0 0)
(200.405 0 0)
(200.942 0 0)
(201.478 0 0)
(202.015 0 0)
(202.551 0 0)
(203.086 0 0)
(203.622 0 0)
(204.157 0 0)
(204.691 0 0)
(205.226 0 0)
(205.76 0 0)
(206.294 0 0)
(206.827 0 0)
(207.36 0 0)
(207.893 0 0)
(208.425 0 0)
(208.957 0 0)
(209.489 0 0)
(210.02 0 0)
(210.551 0 0)
(211.081 0 0)
(211.611 0 0)
(212.14 0 0)
(212.669 0 0)
(213.197 0 0)
(213.725 0 0)
(214.253 0 0)
(214.779 0 0)
(215.306 0 0)
(215.831 0 0)
(216.357 0 0)
(216.881 0 0)
(217.405 0 0)
(217.928 0 0)
(218.451 0 0)
(218.973 0 0)
(219.494 0 0)
(220.014 0 0)
(220.534 0 0)
(221.053 0 0)
(221.571 0 0)
(222.088 0 0)
(222.605 0 0)
(223.12 0 0)
(223.635 0 0)
(224.149 0 0)
(224.662 0 0)
(225.173 0 0)
(225.684 0 0)
(226.194 0 0)
(226.703 0 0)
(227.21 0 0)
(227.716 0 0)
(228.222 0 0)
(228.726 0 0)
(229.228 0 0)
(229.73 0 0)
(230.23 0 0)
(230.728 0 0)
(231.226 0 0)
(231.721 0 0)
(232.215 0 0)
(232.708 0 0)
(233.199 0 0)
(233.688 0 0)
(234.175 0 0)
(234.661 0 0)
(235.144 0 0)
(235.626 0 0)
(236.106 0 0)
(236.586 0 0)
(237.063 0 0)
(237.538 0 0)
(238.01 0 0)
(238.48 0 0)
(238.948 0 0)
(239.413 0 0)
(239.875 0 0)
(240.336 0 0)
(240.793 0 0)
(241.248 0 0)
(241.701 0 0)
(242.15 0 0)
(242.597 0 0)
(243.041 0 0)
(243.482 0 0)
(243.92 0 0)
(244.355 0 0)
(244.787 0 0)
(245.215 0 0)
(245.641 0 0)
(246.062 0 0)
(246.481 0 0)
(246.896 0 0)
(247.307 0 0)
(247.715 0 0)
(248.119 0 0)
(248.52 0 0)
(248.916 0 0)
(249.309 0 0)
(249.698 0 0)
(250.083 0 0)
(250.464 0 0)
(250.841 0 0)
(251.214 0 0)
(251.583 0 0)
(251.948 0 0)
(252.309 0 0)
(252.666 0 0)
(253.019 0 0)
(253.367 0 0)
(253.712 0 0)
(254.052 0 0)
(254.389 0 0)
(254.721 0 0)
(255.049 0 0)
(255.374 0 0)
(255.694 0 0)
(256.011 0 0)
(256.324 0 0)
(256.633 0 0)
(256.939 0 0)
(257.24 0 0)
(257.539 0 0)
(257.834 0 0)
(258.126 0 0)
(258.414 0 0)
(258.699 0 0)
(258.982 0 0)
(259.261 0 0)
(259.538 0 0)
(259.811 0 0)
(260.083 0 0)
(260.351 0 0)
(260.618 0 0)
(260.882 0 0)
(261.144 0 0)
(261.403 0 0)
(261.661 0 0)
(261.917 0 0)
(262.172 0 0)
(262.424 0 0)
(262.675 0 0)
(262.925 0 0)
(263.173 0 0)
(263.42 0 0)
(263.666 0 0)
(263.911 0 0)
(264.155 0 0)
(264.397 0 0)
(264.639 0 0)
(264.88 0 0)
(265.12 0 0)
(265.36 0 0)
(265.598 0 0)
(265.836 0 0)
(266.074 0 0)
(266.311 0 0)
(266.547 0 0)
(266.784 0 0)
(267.019 0 0)
(267.254 0 0)
(267.489 0 0)
(267.723 0 0)
(267.957 0 0)
(268.191 0 0)
(268.424 0 0)
(268.657 0 0)
(268.89 0 0)
(269.122 0 0)
(269.354 0 0)
(269.586 0 0)
(269.818 0 0)
(270.049 0 0)
(270.28 0 0)
(270.511 0 0)
(270.741 0 0)
(270.971 0 0)
(271.201 0 0)
(271.43 0 0)
(271.659 0 0)
(271.888 0 0)
(272.117 0 0)
(272.345 0 0)
(272.573 0 0)
(272.801 0 0)
(273.028 0 0)
(273.255 0 0)
(273.482 0 0)
(273.708 0 0)
(273.934 0 0)
(274.159 0 0)
(274.385 0 0)
(274.609 0 0)
(274.834 0 0)
(275.057 0 0)
(275.281 0 0)
(275.504 0 0)
(275.727 0 0)
(275.949 0 0)
(276.17 0 0)
(276.391 0 0)
(276.612 0 0)
(276.832 0 0)
(277.052 0 0)
(277.271 0 0)
(277.489 0 0)
(277.707 0 0)
(277.924 0 0)
(278.141 0 0)
(278.357 0 0)
(278.572 0 0)
(278.787 0 0)
(279 0 0)
(279.214 0 0)
(279.426 0 0)
(279.638 0 0)
(279.849 0 0)
(280.059 0 0)
(280.269 0 0)
(280.477 0 0)
(280.685 0 0)
(280.892 0 0)
(281.098 0 0)
(281.303 0 0)
(281.507 0 0)
(281.71 0 0)
(281.912 0 0)
(282.113 0 0)
(282.313 0 0)
(282.512 0 0)
(282.71 0 0)
(282.906 0 0)
(283.102 0 0)
(283.296 0 0)
(283.49 0 0)
(283.681 0 0)
(283.872 0 0)
(284.061 0 0)
(284.249 0 0)
(284.436 0 0)
(284.621 0 0)
(284.805 0 0)
(284.987 0 0)
(285.168 0 0)
(285.347 0 0)
(285.525 0 0)
(285.701 0 0)
(285.876 0 0)
(286.048 0 0)
(286.22 0 0)
(286.389 0 0)
(286.557 0 0)
(286.723 0 0)
(286.887 0 0)
(287.049 0 0)
(287.209 0 0)
(287.367 0 0)
(287.524 0 0)
(287.678 0 0)
(287.831 0 0)
(287.981 0 0)
(288.129 0 0)
(288.276 0 0)
(288.42 0 0)
(288.562 0 0)
(288.701 0 0)
(288.839 0 0)
(288.974 0 0)
(289.107 0 0)
(289.238 0 0)
(289.366 0 0)
(289.492 0 0)
(289.616 0 0)
(289.738 0 0)
(289.857 0 0)
(289.973 0 0)
(290.087 0 0)
(290.199 0 0)
(290.309 0 0)
(290.416 0 0)
(290.52 0 0)
(290.622 0 0)
(290.722 0 0)
(290.819 0 0)
(290.914 0 0)
(291.006 0 0)
(291.096 0 0)
(291.183 0 0)
(291.268 0 0)
(291.351 0 0)
(291.431 0 0)
(291.509 0 0)
(291.584 0 0)
(291.657 0 0)
(291.728 0 0)
(291.796 0 0)
(291.863 0 0)
(291.927 0 0)
(291.988 0 0)
(292.048 0 0)
(292.105 0 0)
(292.161 0 0)
(292.214 0 0)
(292.265 0 0)
(292.314 0 0)
(292.362 0 0)
(292.407 0 0)
(292.451 0 0)
(292.492 0 0)
(292.532 0 0)
(292.57 0 0)
(292.606 0 0)
(292.641 0 0)
(292.674 0 0)
(292.706 0 0)
(292.736 0 0)
(292.765 0 0)
(292.792 0 0)
(292.818 0 0)
(292.842 0 0)
(292.865 0 0)
(292.887 0 0)
(292.908 0 0)
(292.928 0 0)
(292.946 0 0)
(292.964 0 0)
(292.98 0 0)
(292.996 0 0)
(293.011 0 0)
(293.024 0 0)
(293.037 0 0)
(293.049 0 0)
(293.061 0 0)
(293.071 0 0)
(293.081 0 0)
(293.091 0 0)
(293.099 0 0)
(293.108 0 0)
(293.115 0 0)
(293.122 0 0)
(293.129 0 0)
(293.135 0 0)
(293.141 0 0)
(293.146 0 0)
(293.151 0 0)
(293.155 0 0)
(293.159 0 0)
(293.163 0 0)
(293.167 0 0)
(293.17 0 0)
(293.173 0 0)
(293.176 0 0)
(293.179 0 0)
(293.181 0 0)
(293.183 0 0)
(293.185 0 0)
(293.187 0 0)
(293.189 0 0)
(293.19 0 0)
(293.192 0 0)
(293.193 0 0)
(293.194 0 0)
(293.195 0 0)
(293.196 0 0)
(293.197 0 0)
(293.198 0 0)
(293.199 0 0)
(293.199 0 0)
(293.2 0 0)
(293.201 0 0)
(293.201 0 0)
(293.202 0 0)
(293.202 0 0)
(293.202 0 0)
(293.203 0 0)
(293.203 0 0)
(293.203 0 0)
(293.203 0 0)
(293.204 0 0)
(293.204 0 0)
(293.204 0 0)
(293.204 0 0)
(293.204 0 0)
(293.205 0 0)
(293.205 0 0)
(293.205 0 0)
(293.205 0 0)
(293.205 0 0)
(293.205 0 0)
(293.205 0 0)
(293.205 0 0)
(293.205 0 0)
(293.205 0 0)
(293.205 0 0)
(293.205 0 0)
(293.205 0 0)
(293.205 0 0)
(293.205 0 0)
(293.205 0 0)
(293.205 0 0)
(293.206 0 0)
(293.206 0 0)
(293.206 0 0)
(293.206 0 0)
(293.206 0 0)
(293.206 0 0)
(293.206 0 0)
(293.206 0 0)
(293.206 0 0)
(293.206 0 0)
(293.206 0 0)
(293.206 0 0)
(293.206 0 0)
(293.206 0 0)
(293.206 0 0)
(293.206 0 0)
(293.206 0 0)
(293.206 0 0)
(293.206 0 0)
(293.206 0 0)
(293.206 0 0)
(293.206 0 0)
(293.206 0 0)
(293.206 0 0)
(293.206 0 0)
(293.206 0 0)
(293.206 0 0)
(293.206 0 0)
(293.206 0 0)
(293.206 0 0)
(293.206 0 0)
(293.206 0 0)
(293.206 0 0)
(293.206 0 0)
(293.206 0 0)
(293.206 0 0)
(293.206 0 0)
(293.206 0 0)
(293.206 0 0)
(293.206 0 0)
(293.206 0 0)
(293.206 0 0)
(293.206 0 0)
(293.206 0 0)
(293.206 0 0)
(293.206 0 0)
(293.206 0 0)
(293.206 0 0)
(293.206 0 0)
(293.206 0 0)
(293.206 0 0)
(293.206 0 0)
(293.206 0 0)
(293.206 0 0)
(293.206 0 0)
(293.206 0 0)
(293.206 0 0)
(293.206 0 0)
(293.206 0 0)
(293.206 0 0)
(293.206 0 0)
(293.206 0 0)
(293.206 0 0)
(293.206 0 0)
(293.206 0 0)
(293.206 0 0)
(293.206 0 0)
(293.206 0 0)
(293.206 0 0)
(293.206 0 0)
(293.206 0 0)
(293.206 0 0)
(293.206 0 0)
(293.206 0 0)
(293.206 0 0)
(293.206 0 0)
(293.206 0 0)
(293.206 0 0)
(293.206 0 0)
(293.206 0 0)
(293.206 0 0)
(293.206 0 0)
(293.206 0 0)
(293.206 0 0)
(293.206 0 0)
(293.206 0 0)
(293.206 0 0)
(293.206 0 0)
(293.206 0 0)
(293.206 0 0)
(293.206 0 0)
(293.206 0 0)
(293.206 0 0)
(293.206 0 0)
(293.206 0 0)
(293.206 0 0)
(293.206 0 0)
(293.206 0 0)
(293.206 0 0)
(293.206 0 0)
(293.206 0 0)
(293.206 0 0)
(293.206 0 0)
(293.206 0 0)
(293.205 0 0)
(293.205 0 0)
(293.205 0 0)
(293.205 0 0)
(293.205 0 0)
(293.204 0 0)
(293.204 0 0)
(293.203 0 0)
(293.202 0 0)
(293.201 0 0)
(293.2 0 0)
(293.199 0 0)
(293.198 0 0)
(293.196 0 0)
(293.194 0 0)
(293.192 0 0)
(293.189 0 0)
(293.186 0 0)
(293.183 0 0)
(293.179 0 0)
(293.174 0 0)
(293.169 0 0)
(293.163 0 0)
(293.157 0 0)
(293.149 0 0)
(293.14 0 0)
(293.131 0 0)
(293.12 0 0)
(293.108 0 0)
(293.095 0 0)
(293.08 0 0)
(293.064 0 0)
(293.047 0 0)
(293.027 0 0)
(293.006 0 0)
(292.983 0 0)
(292.958 0 0)
(292.931 0 0)
(292.903 0 0)
(292.872 0 0)
(292.839 0 0)
(292.804 0 0)
(292.767 0 0)
(292.728 0 0)
(292.687 0 0)
(292.645 0 0)
(292.6 0 0)
(292.554 0 0)
(292.506 0 0)
(292.457 0 0)
(292.407 0 0)
(292.356 0 0)
(292.304 0 0)
(292.251 0 0)
(292.198 0 0)
(292.144 0 0)
(292.091 0 0)
(292.037 0 0)
(291.984 0 0)
(291.932 0 0)
(291.881 0 0)
(291.831 0 0)
(291.782 0 0)
(291.734 0 0)
(291.688 0 0)
(291.644 0 0)
(291.601 0 0)
(291.561 0 0)
(291.522 0 0)
(291.486 0 0)
(291.451 0 0)
(291.419 0 0)
(291.389 0 0)
(291.36 0 0)
(291.334 0 0)
(291.31 0 0)
(291.288 0 0)
(291.267 0 0)
(291.249 0 0)
(291.232 0 0)
(291.216 0 0)
(291.202 0 0)
(291.19 0 0)
(291.179 0 0)
(291.169 0 0)
(291.16 0 0)
(291.152 0 0)
(291.145 0 0)
(291.138 0 0)
(291.133 0 0)
(291.128 0 0)
(291.124 0 0)
(291.12 0 0)
(291.117 0 0)
(291.115 0 0)
(291.112 0 0)
(291.111 0 0)
(291.109 0 0)
(291.108 0 0)
(291.107 0 0)
(291.107 0 0)
(291.106 0 0)
(291.106 0 0)
(291.106 0 0)
(291.107 0 0)
(291.108 0 0)
(291.109 0 0)
(291.11 0 0)
(291.112 0 0)
(291.114 0 0)
(291.116 0 0)
(291.119 0 0)
(291.122 0 0)
(291.125 0 0)
(291.128 0 0)
(291.132 0 0)
(291.135 0 0)
(291.139 0 0)
(291.143 0 0)
(291.147 0 0)
(291.151 0 0)
(291.155 0 0)
(291.159 0 0)
(291.162 0 0)
(291.166 0 0)
(291.169 0 0)
(291.173 0 0)
(291.176 0 0)
(291.179 0 0)
(291.181 0 0)
(291.183 0 0)
(291.185 0 0)
(291.187 0 0)
(291.189 0 0)
(291.19 0 0)
(291.191 0 0)
(291.192 0 0)
(291.193 0 0)
(291.193 0 0)
(291.194 0 0)
(291.194 0 0)
(291.194 0 0)
(291.195 0 0)
)
;

boundaryField
{
    sides
    {
        type            zeroGradient;
    }
    empty
    {
        type            empty;
    }
}


// ************************************************************************* //
