# Force and moment coefficients
# dragDir     : (9.708389e-01 2.397330e-01 0.000000e+00)
# sideDir     : (0.000000e+00 0.000000e+00 -1.000000e+00)
# liftDir     : (-2.397330e-01 9.708389e-01 0.000000e+00)
# rollAxis    : (9.708389e-01 2.397330e-01 0.000000e+00)
# pitchAxis   : (0.000000e+00 0.000000e+00 -1.000000e+00)
# yawAxis     : (-2.397330e-01 9.708389e-01 0.000000e+00)
# magUInf     : 6.180220e+02
# lRef        : 1.000000e+00
# Aref        : 1.000000e+00
# CofR        : (0.000000e+00 0.000000e+00 0.000000e+00)
#
# Time        	Cd            	Cd(f)         	Cd(r)         	Cl            	Cl(f)         	Cl(r)         	CmPitch       	CmRoll        	CmYaw         	Cs            	Cs(f)         	Cs(r)         
0.0001        	2.523359e-01	-1.577873e-01	4.101232e-01	5.679105e-01	-5.974284e-02	6.276534e-01	-3.436981e-01	-2.839553e-01	1.261680e-01	-4.671862e-22	1.261680e-01	-1.261680e-01
0.0002        	2.468688e-01	-1.574174e-01	4.042862e-01	5.617036e-01	-5.965419e-02	6.213577e-01	-3.405060e-01	-2.808518e-01	1.234344e-01	-4.117394e-22	1.234344e-01	-1.234344e-01
0.0003        	2.448743e-01	-1.562870e-01	4.011614e-01	5.574484e-01	-5.945022e-02	6.168987e-01	-3.381744e-01	-2.787242e-01	1.224372e-01	-4.436036e-22	1.224372e-01	-1.224372e-01
0.0004        	2.437753e-01	-1.553031e-01	3.990784e-01	5.543815e-01	-5.891467e-02	6.132962e-01	-3.361054e-01	-2.771908e-01	1.218876e-01	-5.009154e-22	1.218876e-01	-1.218876e-01
0.0005        	2.437157e-01	-1.539437e-01	3.976594e-01	5.516031e-01	-5.805851e-02	6.096616e-01	-3.338600e-01	-2.758015e-01	1.218579e-01	-5.544661e-22	1.218579e-01	-1.218579e-01
0.0006        	2.437617e-01	-1.528154e-01	3.965770e-01	5.493924e-01	-5.686311e-02	6.062555e-01	-3.315593e-01	-2.746962e-01	1.218808e-01	-6.100101e-22	1.218808e-01	-1.218808e-01
0.0007        	2.441715e-01	-1.524678e-01	3.966393e-01	5.491070e-01	-5.661664e-02	6.057237e-01	-3.311702e-01	-2.745535e-01	1.220858e-01	-7.309532e-22	1.220858e-01	-1.220858e-01
0.0008        	2.455812e-01	-1.516889e-01	3.972701e-01	5.489591e-01	-5.611254e-02	6.050716e-01	-3.305921e-01	-2.744795e-01	1.227906e-01	-8.033044e-22	1.227906e-01	-1.227906e-01
0.0009        	2.465245e-01	-1.508778e-01	3.974023e-01	5.482801e-01	-5.499838e-02	6.032785e-01	-3.291384e-01	-2.741401e-01	1.232622e-01	-8.005072e-22	1.232622e-01	-1.232622e-01
