# Force and moment coefficients
# dragDir     : (9.708389e-01 2.397330e-01 0.000000e+00)
# sideDir     : (0.000000e+00 0.000000e+00 -1.000000e+00)
# liftDir     : (-2.397330e-01 9.708389e-01 0.000000e+00)
# rollAxis    : (9.708389e-01 2.397330e-01 0.000000e+00)
# pitchAxis   : (0.000000e+00 0.000000e+00 -1.000000e+00)
# yawAxis     : (-2.397330e-01 9.708389e-01 0.000000e+00)
# magUInf     : 6.180220e+02
# lRef        : 1.000000e+00
# Aref        : 1.000000e+00
# CofR        : (0.000000e+00 0.000000e+00 0.000000e+00)
#
# Time        	Cd            	Cd(f)         	Cd(r)         	Cl            	Cl(f)         	Cl(r)         	CmPitch       	CmRoll        	CmYaw         	Cs            	Cs(f)         	Cs(r)         
1e-05         	2.831385e-01	-1.398862e-01	4.230247e-01	5.629109e-01	-5.806482e-02	6.209757e-01	-3.395203e-01	-2.814554e-01	1.415693e-01	-6.180229e-22	1.415693e-01	-1.415693e-01
2e-05         	2.755907e-01	-1.468403e-01	4.224310e-01	5.692713e-01	-5.872672e-02	6.279980e-01	-3.433624e-01	-2.846357e-01	1.377953e-01	-6.122880e-22	1.377953e-01	-1.377953e-01
3e-05         	2.685749e-01	-1.499235e-01	4.184985e-01	5.684220e-01	-5.841382e-02	6.268358e-01	-3.426248e-01	-2.842110e-01	1.342875e-01	-6.139647e-22	1.342875e-01	-1.342875e-01
4e-05         	2.637232e-01	-1.526935e-01	4.164167e-01	5.691102e-01	-5.848465e-02	6.275949e-01	-3.430398e-01	-2.845551e-01	1.318616e-01	-5.992019e-22	1.318616e-01	-1.318616e-01
5e-05         	2.615079e-01	-1.539529e-01	4.154607e-01	5.694136e-01	-5.865965e-02	6.280733e-01	-3.433665e-01	-2.847068e-01	1.307539e-01	-5.775594e-22	1.307539e-01	-1.307539e-01
6e-05         	2.584786e-01	-1.556454e-01	4.141241e-01	5.697695e-01	-5.898504e-02	6.287545e-01	-3.438698e-01	-2.848848e-01	1.292393e-01	-5.511972e-22	1.292393e-01	-1.292393e-01
7e-05         	2.567869e-01	-1.564658e-01	4.132527e-01	5.697185e-01	-5.928025e-02	6.289987e-01	-3.441395e-01	-2.848592e-01	1.283934e-01	-5.224895e-22	1.283934e-01	-1.283934e-01
8e-05         	2.560458e-01	-1.566356e-01	4.126815e-01	5.693171e-01	-5.947113e-02	6.287882e-01	-3.441297e-01	-2.846585e-01	1.280229e-01	-4.977598e-22	1.280229e-01	-1.280229e-01
9e-05         	2.553124e-01	-1.566902e-01	4.120027e-01	5.686929e-01	-5.961470e-02	6.283076e-01	-3.439611e-01	-2.843464e-01	1.276562e-01	-4.772593e-22	1.276562e-01	-1.276562e-01
0.0001        	2.523359e-01	-1.577873e-01	4.101232e-01	5.679105e-01	-5.974284e-02	6.276534e-01	-3.436981e-01	-2.839553e-01	1.261680e-01	-4.671862e-22	1.261680e-01	-1.261680e-01
0.00011       	2.530392e-01	-1.571151e-01	4.101543e-01	5.672693e-01	-5.975388e-02	6.270232e-01	-3.433885e-01	-2.836347e-01	1.265196e-01	-4.605757e-22	1.265196e-01	-1.265196e-01
0.00012       	2.503959e-01	-1.580526e-01	4.084484e-01	5.665010e-01	-5.979328e-02	6.262943e-01	-3.430438e-01	-2.832505e-01	1.251979e-01	-4.549118e-22	1.251979e-01	-1.251979e-01
0.00013       	2.514328e-01	-1.571635e-01	4.085963e-01	5.657597e-01	-5.979847e-02	6.255582e-01	-3.426783e-01	-2.828799e-01	1.257164e-01	-4.460790e-22	1.257164e-01	-1.257164e-01
0.00014       	2.490441e-01	-1.580071e-01	4.070513e-01	5.650584e-01	-5.979733e-02	6.248557e-01	-3.423265e-01	-2.825292e-01	1.245221e-01	-4.394279e-22	1.245221e-01	-1.245221e-01
0.00015       	2.493153e-01	-1.575782e-01	4.068935e-01	5.644717e-01	-5.976221e-02	6.242339e-01	-3.419980e-01	-2.822358e-01	1.246576e-01	-4.352828e-22	1.246576e-01	-1.246576e-01
0.00016       	2.491320e-01	-1.573151e-01	4.064471e-01	5.637622e-01	-5.979035e-02	6.235526e-01	-3.416715e-01	-2.818811e-01	1.245660e-01	-4.303214e-22	1.245660e-01	-1.245660e-01
0.00017       	2.473143e-01	-1.579896e-01	4.053040e-01	5.632936e-01	-5.971497e-02	6.230086e-01	-3.413618e-01	-2.816468e-01	1.236572e-01	-4.269045e-22	1.236572e-01	-1.236572e-01
0.00018       	2.473871e-01	-1.576471e-01	4.050342e-01	5.626813e-01	-5.972298e-02	6.224043e-01	-3.410636e-01	-2.813406e-01	1.236935e-01	-4.170764e-22	1.236935e-01	-1.236935e-01
0.00019       	2.480487e-01	-1.570460e-01	4.050946e-01	5.621406e-01	-5.971296e-02	6.218536e-01	-3.407833e-01	-2.810703e-01	1.240243e-01	-4.088367e-22	1.240243e-01	-1.240243e-01
0.0002        	2.468688e-01	-1.574174e-01	4.042862e-01	5.617036e-01	-5.965419e-02	6.213577e-01	-3.405060e-01	-2.808518e-01	1.234344e-01	-4.117394e-22	1.234344e-01	-1.234344e-01
0.00021       	2.457361e-01	-1.577307e-01	4.034668e-01	5.611975e-01	-5.964582e-02	6.208433e-01	-3.402445e-01	-2.805987e-01	1.228681e-01	-4.060600e-22	1.228681e-01	-1.228681e-01
0.00022       	2.459274e-01	-1.573843e-01	4.033117e-01	5.606960e-01	-5.964307e-02	6.203391e-01	-3.399911e-01	-2.803480e-01	1.229637e-01	-4.088942e-22	1.229637e-01	-1.229637e-01
0.00023       	2.467798e-01	-1.567453e-01	4.035251e-01	5.602703e-01	-5.961292e-02	6.198832e-01	-3.397481e-01	-2.801352e-01	1.233899e-01	-4.182505e-22	1.233899e-01	-1.233899e-01
0.00024       	2.460591e-01	-1.569019e-01	4.029609e-01	5.598628e-01	-5.957806e-02	6.194409e-01	-3.395095e-01	-2.799314e-01	1.230295e-01	-4.234727e-22	1.230295e-01	-1.230295e-01
0.00025       	2.452654e-01	-1.570675e-01	4.023328e-01	5.594003e-01	-5.957445e-02	6.189747e-01	-3.392746e-01	-2.797001e-01	1.226327e-01	-4.293884e-22	1.226327e-01	-1.226327e-01
0.00026       	2.446463e-01	-1.571664e-01	4.018126e-01	5.589790e-01	-5.955616e-02	6.185351e-01	-3.390456e-01	-2.794895e-01	1.223231e-01	-4.354876e-22	1.223231e-01	-1.223231e-01
0.00027       	2.446412e-01	-1.570031e-01	4.016443e-01	5.586474e-01	-5.950196e-02	6.181493e-01	-3.388256e-01	-2.793237e-01	1.223206e-01	-4.372499e-22	1.223206e-01	-1.223206e-01
0.00028       	2.457355e-01	-1.562625e-01	4.019981e-01	5.582606e-01	-5.948406e-02	6.177447e-01	-3.386144e-01	-2.791303e-01	1.228678e-01	-4.358958e-22	1.228678e-01	-1.228678e-01
0.00029       	2.454714e-01	-1.561962e-01	4.016676e-01	5.578638e-01	-5.946252e-02	6.173263e-01	-3.383944e-01	-2.789319e-01	1.227357e-01	-4.397602e-22	1.227357e-01	-1.227357e-01
0.0003        	2.448743e-01	-1.562870e-01	4.011614e-01	5.574484e-01	-5.945022e-02	6.168987e-01	-3.381744e-01	-2.787242e-01	1.224372e-01	-4.436036e-22	1.224372e-01	-1.224372e-01
0.00031       	2.444994e-01	-1.563073e-01	4.008068e-01	5.571141e-01	-5.939480e-02	6.165089e-01	-3.379518e-01	-2.785570e-01	1.222497e-01	-4.503794e-22	1.222497e-01	-1.222497e-01
0.00032       	2.440332e-01	-1.564050e-01	4.004381e-01	5.568431e-01	-5.931651e-02	6.161596e-01	-3.377381e-01	-2.784215e-01	1.220166e-01	-4.578110e-22	1.220166e-01	-1.220166e-01
0.00033       	2.437093e-01	-1.564104e-01	4.001197e-01	5.565301e-01	-5.926073e-02	6.157909e-01	-3.375258e-01	-2.782651e-01	1.218546e-01	-4.646888e-22	1.218546e-01	-1.218546e-01
0.00034       	2.443329e-01	-1.559140e-01	4.002469e-01	5.561609e-01	-5.924052e-02	6.154015e-01	-3.373210e-01	-2.780805e-01	1.221664e-01	-4.729553e-22	1.221664e-01	-1.221664e-01
0.00035       	2.450879e-01	-1.553505e-01	4.004384e-01	5.557889e-01	-5.923314e-02	6.150221e-01	-3.371276e-01	-2.778945e-01	1.225439e-01	-4.802083e-22	1.225439e-01	-1.225439e-01
0.00036       	2.448351e-01	-1.553249e-01	4.001600e-01	5.554850e-01	-5.919771e-02	6.146827e-01	-3.369402e-01	-2.777425e-01	1.224175e-01	-4.838531e-22	1.224175e-01	-1.224175e-01
0.00037       	2.444358e-01	-1.554011e-01	3.998370e-01	5.552381e-01	-5.912145e-02	6.143596e-01	-3.367405e-01	-2.776191e-01	1.222179e-01	-4.872681e-22	1.222179e-01	-1.222179e-01
0.00038       	2.442206e-01	-1.553842e-01	3.996048e-01	5.549890e-01	-5.905343e-02	6.140425e-01	-3.365479e-01	-2.774945e-01	1.221103e-01	-4.912912e-22	1.221103e-01	-1.221103e-01
0.00039       	2.440350e-01	-1.553325e-01	3.993675e-01	5.547001e-01	-5.898534e-02	6.136854e-01	-3.363354e-01	-2.773500e-01	1.220175e-01	-4.966142e-22	1.220175e-01	-1.220175e-01
0.0004        	2.437753e-01	-1.553031e-01	3.990784e-01	5.543815e-01	-5.891467e-02	6.132962e-01	-3.361054e-01	-2.771908e-01	1.218876e-01	-5.009154e-22	1.218876e-01	-1.218876e-01
0.00041       	2.434727e-01	-1.553103e-01	3.987829e-01	5.540932e-01	-5.884023e-02	6.129334e-01	-3.358868e-01	-2.770466e-01	1.217363e-01	-5.068088e-22	1.217363e-01	-1.217363e-01
0.00042       	2.433937e-01	-1.552112e-01	3.986049e-01	5.538161e-01	-5.877329e-02	6.125893e-01	-3.356813e-01	-2.769080e-01	1.216969e-01	-5.122228e-22	1.216969e-01	-1.216969e-01
0.00043       	2.439014e-01	-1.548168e-01	3.987181e-01	5.535349e-01	-5.872115e-02	6.122560e-01	-3.354886e-01	-2.767674e-01	1.219507e-01	-5.135929e-22	1.219507e-01	-1.219507e-01
0.00044       	2.446005e-01	-1.543277e-01	3.989282e-01	5.532559e-01	-5.865899e-02	6.119149e-01	-3.352869e-01	-2.766279e-01	1.223002e-01	-5.136745e-22	1.223002e-01	-1.223002e-01
0.00045       	2.444833e-01	-1.542636e-01	3.987469e-01	5.530105e-01	-5.857738e-02	6.115879e-01	-3.350826e-01	-2.765052e-01	1.222416e-01	-5.157434e-22	1.222416e-01	-1.222416e-01
0.00046       	2.441928e-01	-1.542724e-01	3.984652e-01	5.527376e-01	-5.850264e-02	6.112403e-01	-3.348715e-01	-2.763688e-01	1.220964e-01	-5.202604e-22	1.220964e-01	-1.220964e-01
0.00047       	2.439851e-01	-1.542331e-01	3.982182e-01	5.524513e-01	-5.842153e-02	6.108728e-01	-3.346472e-01	-2.762256e-01	1.219926e-01	-5.277652e-22	1.219926e-01	-1.219926e-01
0.00048       	2.438602e-01	-1.541460e-01	3.980062e-01	5.521522e-01	-5.831065e-02	6.104629e-01	-3.343868e-01	-2.760761e-01	1.219301e-01	-5.362511e-22	1.219301e-01	-1.219301e-01
0.00049       	2.437662e-01	-1.540460e-01	3.978122e-01	5.518582e-01	-5.819031e-02	6.100485e-01	-3.341194e-01	-2.759291e-01	1.218831e-01	-5.448277e-22	1.218831e-01	-1.218831e-01
0.0005        	2.437157e-01	-1.539437e-01	3.976594e-01	5.516031e-01	-5.805851e-02	6.096616e-01	-3.338600e-01	-2.758015e-01	1.218579e-01	-5.544661e-22	1.218579e-01	-1.218579e-01
0.00051       	2.436439e-01	-1.538521e-01	3.974960e-01	5.513481e-01	-5.792812e-02	6.092762e-01	-3.336021e-01	-2.756740e-01	1.218219e-01	-5.630864e-22	1.218219e-01	-1.218219e-01
0.00052       	2.434582e-01	-1.538345e-01	3.972926e-01	5.511271e-01	-5.782007e-02	6.089472e-01	-3.333836e-01	-2.755635e-01	1.217291e-01	-5.686911e-22	1.217291e-01	-1.217291e-01
0.00053       	2.431938e-01	-1.538318e-01	3.970256e-01	5.508575e-01	-5.765646e-02	6.085139e-01	-3.330852e-01	-2.754287e-01	1.215969e-01	-5.736010e-22	1.215969e-01	-1.215969e-01
0.00054       	2.431076e-01	-1.537704e-01	3.968781e-01	5.506485e-01	-5.752972e-02	6.081782e-01	-3.328539e-01	-2.753242e-01	1.215538e-01	-5.771404e-22	1.215538e-01	-1.215538e-01
0.00055       	2.432424e-01	-1.535869e-01	3.968292e-01	5.504161e-01	-5.740521e-02	6.078213e-01	-3.326133e-01	-2.752081e-01	1.216212e-01	-5.811226e-22	1.216212e-01	-1.216212e-01
0.00056       	2.437940e-01	-1.531886e-01	3.969826e-01	5.501712e-01	-5.727940e-02	6.074506e-01	-3.323650e-01	-2.750856e-01	1.218970e-01	-5.835049e-22	1.218970e-01	-1.218970e-01
0.00057       	2.441566e-01	-1.528996e-01	3.970561e-01	5.499557e-01	-5.715155e-02	6.071072e-01	-3.321294e-01	-2.749778e-01	1.220783e-01	-5.877360e-22	1.220783e-01	-1.220783e-01
0.00058       	2.440820e-01	-1.528838e-01	3.969658e-01	5.498497e-01	-5.709461e-02	6.069443e-01	-3.320194e-01	-2.749248e-01	1.220410e-01	-5.930625e-22	1.220410e-01	-1.220410e-01
0.00059       	2.438741e-01	-1.528696e-01	3.967438e-01	5.496134e-01	-5.697003e-02	6.065834e-01	-3.317767e-01	-2.748067e-01	1.219371e-01	-6.000820e-22	1.219371e-01	-1.219371e-01
0.0006        	2.437617e-01	-1.528154e-01	3.965770e-01	5.493924e-01	-5.686311e-02	6.062555e-01	-3.315593e-01	-2.746962e-01	1.218808e-01	-6.100101e-22	1.218808e-01	-1.218808e-01
0.00061       	2.437385e-01	-1.527220e-01	3.964605e-01	5.491826e-01	-5.677200e-02	6.059546e-01	-3.313633e-01	-2.745913e-01	1.218692e-01	-6.208078e-22	1.218692e-01	-1.218692e-01
0.00062       	2.437637e-01	-1.526212e-01	3.963849e-01	5.490062e-01	-5.670454e-02	6.057107e-01	-3.312076e-01	-2.745031e-01	1.218819e-01	-6.335162e-22	1.218819e-01	-1.218819e-01
0.00063       	2.438396e-01	-1.525403e-01	3.963799e-01	5.489202e-01	-5.666265e-02	6.055829e-01	-3.311228e-01	-2.744601e-01	1.219198e-01	-6.478830e-22	1.219198e-01	-1.219198e-01
0.00064       	2.439890e-01	-1.524817e-01	3.964706e-01	5.489523e-01	-5.669882e-02	6.056511e-01	-3.311750e-01	-2.744762e-01	1.219945e-01	-6.622729e-22	1.219945e-01	-1.219945e-01
0.00065       	2.441803e-01	-1.524435e-01	3.966238e-01	5.490673e-01	-5.678298e-02	6.058502e-01	-3.313166e-01	-2.745336e-01	1.220902e-01	-6.745101e-22	1.220902e-01	-1.220902e-01
0.00066       	2.443300e-01	-1.524163e-01	3.967463e-01	5.491627e-01	-5.681620e-02	6.059789e-01	-3.313975e-01	-2.745813e-01	1.221650e-01	-6.836738e-22	1.221650e-01	-1.221650e-01
0.00067       	2.443800e-01	-1.523714e-01	3.967514e-01	5.491228e-01	-5.674493e-02	6.058677e-01	-3.313063e-01	-2.745614e-01	1.221900e-01	-6.932734e-22	1.221900e-01	-1.221900e-01
0.00068       	2.443664e-01	-1.523490e-01	3.967154e-01	5.490645e-01	-5.666161e-02	6.057261e-01	-3.311938e-01	-2.745322e-01	1.221832e-01	-7.060526e-22	1.221832e-01	-1.221832e-01
0.00069       	2.442780e-01	-1.523996e-01	3.966776e-01	5.490772e-01	-5.662944e-02	6.057066e-01	-3.311680e-01	-2.745386e-01	1.221390e-01	-7.185229e-22	1.221390e-01	-1.221390e-01
0.0007        	2.441715e-01	-1.524678e-01	3.966393e-01	5.491070e-01	-5.661664e-02	6.057237e-01	-3.311702e-01	-2.745535e-01	1.220858e-01	-7.309532e-22	1.220858e-01	-1.220858e-01
0.00071       	2.441567e-01	-1.524817e-01	3.966384e-01	5.491201e-01	-5.660238e-02	6.057225e-01	-3.311624e-01	-2.745601e-01	1.220783e-01	-7.425787e-22	1.220783e-01	-1.220783e-01
0.00072       	2.442556e-01	-1.524244e-01	3.966800e-01	5.491045e-01	-5.659144e-02	6.056959e-01	-3.311437e-01	-2.745522e-01	1.221278e-01	-7.547235e-22	1.221278e-01	-1.221278e-01
0.00073       	2.444680e-01	-1.522947e-01	3.967628e-01	5.490575e-01	-5.658216e-02	6.056396e-01	-3.311109e-01	-2.745287e-01	1.222340e-01	-7.682201e-22	1.222340e-01	-1.222340e-01
0.00074       	2.448817e-01	-1.520590e-01	3.969407e-01	5.489997e-01	-5.657624e-02	6.055759e-01	-3.310761e-01	-2.744998e-01	1.224409e-01	-7.800851e-22	1.224409e-01	-1.224409e-01
0.00075       	2.453028e-01	-1.518337e-01	3.971366e-01	5.489703e-01	-5.654908e-02	6.055194e-01	-3.310342e-01	-2.744852e-01	1.226514e-01	-7.898872e-22	1.226514e-01	-1.226514e-01
0.00076       	2.455069e-01	-1.517327e-01	3.972396e-01	5.489722e-01	-5.648953e-02	6.054618e-01	-3.309756e-01	-2.744861e-01	1.227534e-01	-7.948007e-22	1.227534e-01	-1.227534e-01
0.00077       	2.455486e-01	-1.517222e-01	3.972708e-01	5.489930e-01	-5.640649e-02	6.053995e-01	-3.309030e-01	-2.744965e-01	1.227743e-01	-7.958353e-22	1.227743e-01	-1.227743e-01
0.00078       	2.455253e-01	-1.517475e-01	3.972728e-01	5.490203e-01	-5.630596e-02	6.053262e-01	-3.308161e-01	-2.745101e-01	1.227627e-01	-7.976907e-22	1.227627e-01	-1.227627e-01
0.00079       	2.455252e-01	-1.517483e-01	3.972735e-01	5.490217e-01	-5.620124e-02	6.052230e-01	-3.307121e-01	-2.745109e-01	1.227626e-01	-8.000992e-22	1.227626e-01	-1.227626e-01
0.0008        	2.455812e-01	-1.516889e-01	3.972701e-01	5.489591e-01	-5.611254e-02	6.050716e-01	-3.305921e-01	-2.744795e-01	1.227906e-01	-8.033044e-22	1.227906e-01	-1.227906e-01
0.00081       	2.456620e-01	-1.515934e-01	3.972554e-01	5.488488e-01	-5.603490e-02	6.048837e-01	-3.304593e-01	-2.744244e-01	1.228310e-01	-8.068530e-22	1.228310e-01	-1.228310e-01
0.00082       	2.457599e-01	-1.514828e-01	3.972426e-01	5.487254e-01	-5.595331e-02	6.046787e-01	-3.303160e-01	-2.743627e-01	1.228799e-01	-8.087900e-22	1.228799e-01	-1.228799e-01
0.00083       	2.458570e-01	-1.513742e-01	3.972313e-01	5.486055e-01	-5.586457e-02	6.044701e-01	-3.301673e-01	-2.743028e-01	1.229285e-01	-8.086643e-22	1.229285e-01	-1.229285e-01
0.00084       	2.459712e-01	-1.512674e-01	3.972386e-01	5.485060e-01	-5.576490e-02	6.042709e-01	-3.300179e-01	-2.742530e-01	1.229856e-01	-8.053685e-22	1.229856e-01	-1.229856e-01
0.00085       	2.461112e-01	-1.511706e-01	3.972818e-01	5.484523e-01	-5.564428e-02	6.040966e-01	-3.298705e-01	-2.742262e-01	1.230556e-01	-8.022421e-22	1.230556e-01	-1.230556e-01
0.00086       	2.462370e-01	-1.511017e-01	3.973386e-01	5.484403e-01	-5.550768e-02	6.039479e-01	-3.297278e-01	-2.742201e-01	1.231185e-01	-8.026848e-22	1.231185e-01	-1.231185e-01
0.00087       	2.463219e-01	-1.510505e-01	3.973724e-01	5.484229e-01	-5.537208e-02	6.037950e-01	-3.295835e-01	-2.742115e-01	1.231609e-01	-8.028407e-22	1.231609e-01	-1.231609e-01
0.00088       	2.463904e-01	-1.509950e-01	3.973854e-01	5.483804e-01	-5.524605e-02	6.036265e-01	-3.294363e-01	-2.741902e-01	1.231952e-01	-8.014549e-22	1.231952e-01	-1.231952e-01
0.00089       	2.464597e-01	-1.509367e-01	3.973965e-01	5.483332e-01	-5.512255e-02	6.034558e-01	-3.292892e-01	-2.741666e-01	1.232299e-01	-8.016010e-22	1.232299e-01	-1.232299e-01
0.0009        	2.465245e-01	-1.508778e-01	3.974023e-01	5.482801e-01	-5.499838e-02	6.032785e-01	-3.291384e-01	-2.741401e-01	1.232622e-01	-8.005072e-22	1.232622e-01	-1.232622e-01
0.00091       	2.465740e-01	-1.508222e-01	3.973961e-01	5.482183e-01	-5.487625e-02	6.030945e-01	-3.289854e-01	-2.741092e-01	1.232870e-01	-7.995171e-22	1.232870e-01	-1.232870e-01
0.00092       	2.466232e-01	-1.507675e-01	3.973906e-01	5.481581e-01	-5.475363e-02	6.029117e-01	-3.288327e-01	-2.740790e-01	1.233116e-01	-7.979601e-22	1.233116e-01	-1.233116e-01
0.00093       	2.466911e-01	-1.507045e-01	3.973955e-01	5.481000e-01	-5.462525e-02	6.027252e-01	-3.286752e-01	-2.740500e-01	1.233455e-01	-7.967623e-22	1.233455e-01	-1.233455e-01
0.00094       	2.467511e-01	-1.506446e-01	3.973957e-01	5.480403e-01	-5.449541e-02	6.025357e-01	-3.285156e-01	-2.740202e-01	1.233755e-01	-7.968938e-22	1.233755e-01	-1.233755e-01
0.00095       	2.467598e-01	-1.506160e-01	3.973759e-01	5.479919e-01	-5.436191e-02	6.023538e-01	-3.283578e-01	-2.739959e-01	1.233799e-01	-7.951944e-22	1.233799e-01	-1.233799e-01
0.00096       	2.467049e-01	-1.506225e-01	3.973274e-01	5.479498e-01	-5.422252e-02	6.021724e-01	-3.281974e-01	-2.739749e-01	1.233525e-01	-7.930589e-22	1.233525e-01	-1.233525e-01
0.00097       	2.466559e-01	-1.506297e-01	3.972856e-01	5.479153e-01	-5.408049e-02	6.019957e-01	-3.280381e-01	-2.739576e-01	1.233280e-01	-7.910024e-22	1.233280e-01	-1.233280e-01
0.00098       	2.466688e-01	-1.506081e-01	3.972768e-01	5.478849e-01	-5.393792e-02	6.018228e-01	-3.278804e-01	-2.739424e-01	1.233344e-01	-7.827112e-22	1.233344e-01	-1.233344e-01
0.00099       	2.467334e-01	-1.505623e-01	3.972957e-01	5.478580e-01	-5.379330e-02	6.016513e-01	-3.277223e-01	-2.739290e-01	1.233667e-01	-7.771874e-22	1.233667e-01	-1.233667e-01
0.001         	2.468423e-01	-1.504903e-01	3.973326e-01	5.478229e-01	-5.365388e-02	6.014768e-01	-3.275654e-01	-2.739115e-01	1.234212e-01	-7.756125e-22	1.234212e-01	-1.234212e-01
0.00101       	2.470063e-01	-1.503725e-01	3.973788e-01	5.477514e-01	-5.353177e-02	6.012831e-01	-3.274075e-01	-2.738757e-01	1.235031e-01	-7.752121e-22	1.235031e-01	-1.235031e-01
0.00102       	2.472717e-01	-1.501898e-01	3.974615e-01	5.476512e-01	-5.342526e-02	6.010765e-01	-3.272509e-01	-2.738256e-01	1.236359e-01	-7.729811e-22	1.236359e-01	-1.236359e-01
0.00103       	2.476109e-01	-1.499678e-01	3.975788e-01	5.475466e-01	-5.332553e-02	6.008721e-01	-3.270988e-01	-2.737733e-01	1.238055e-01	-7.701704e-22	1.238055e-01	-1.238055e-01
0.00104       	2.478981e-01	-1.497851e-01	3.976832e-01	5.474683e-01	-5.321968e-02	6.006880e-01	-3.269538e-01	-2.737342e-01	1.239490e-01	-7.656446e-22	1.239490e-01	-1.239490e-01
0.00105       	2.481028e-01	-1.496688e-01	3.977717e-01	5.474405e-01	-5.309810e-02	6.005386e-01	-3.268183e-01	-2.737202e-01	1.240514e-01	-7.608849e-22	1.240514e-01	-1.240514e-01
0.00106       	2.481635e-01	-1.496529e-01	3.978165e-01	5.474694e-01	-5.296168e-02	6.004311e-01	-3.266964e-01	-2.737347e-01	1.240818e-01	-7.551947e-22	1.240818e-01	-1.240818e-01
0.00107       	2.482132e-01	-1.496532e-01	3.978664e-01	5.475196e-01	-5.282457e-02	6.003442e-01	-3.265844e-01	-2.737598e-01	1.241066e-01	-7.469212e-22	1.241066e-01	-1.241066e-01
0.00108       	2.483210e-01	-1.496280e-01	3.979490e-01	5.475769e-01	-5.269384e-02	6.002708e-01	-3.264823e-01	-2.737885e-01	1.241605e-01	-7.390223e-22	1.241605e-01	-1.241605e-01
0.00109       	2.484586e-01	-1.495906e-01	3.980492e-01	5.476398e-01	-5.256824e-02	6.002080e-01	-3.263881e-01	-2.738199e-01	1.242293e-01	-7.353651e-22	1.242293e-01	-1.242293e-01
0.0011        	2.486154e-01	-1.495480e-01	3.981634e-01	5.477114e-01	-5.244775e-02	6.001592e-01	-3.263035e-01	-2.738557e-01	1.243077e-01	-7.311797e-22	1.243077e-01	-1.243077e-01
0.00111       	2.487612e-01	-1.495173e-01	3.982785e-01	5.477959e-01	-5.233329e-02	6.001292e-01	-3.262312e-01	-2.738979e-01	1.243806e-01	-7.266649e-22	1.243806e-01	-1.243806e-01
0.00112       	2.488956e-01	-1.494973e-01	3.983929e-01	5.478902e-01	-5.222451e-02	6.001147e-01	-3.261696e-01	-2.739451e-01	1.244478e-01	-7.232812e-22	1.244478e-01	-1.244478e-01
0.00113       	2.490587e-01	-1.494671e-01	3.985258e-01	5.479928e-01	-5.212677e-02	6.001196e-01	-3.261232e-01	-2.739964e-01	1.245294e-01	-7.197564e-22	1.245294e-01	-1.245294e-01
0.00114       	2.492289e-01	-1.494367e-01	3.986657e-01	5.481024e-01	-5.204384e-02	6.001462e-01	-3.260950e-01	-2.740512e-01	1.246145e-01	-7.169240e-22	1.246145e-01	-1.246145e-01
0.00115       	2.493837e-01	-1.494092e-01	3.987929e-01	5.482021e-01	-5.198169e-02	6.001838e-01	-3.260828e-01	-2.741011e-01	1.246918e-01	-7.154693e-22	1.246918e-01	-1.246918e-01
0.00116       	2.495340e-01	-1.493809e-01	3.989149e-01	5.482958e-01	-5.193712e-02	6.002329e-01	-3.260850e-01	-2.741479e-01	1.247670e-01	-7.132178e-22	1.247670e-01	-1.247670e-01
0.00117       	2.496911e-01	-1.493569e-01	3.990480e-01	5.484049e-01	-5.190062e-02	6.003056e-01	-3.261031e-01	-2.742025e-01	1.248455e-01	-7.080113e-22	1.248455e-01	-1.248455e-01
0.00118       	2.498529e-01	-1.493493e-01	3.992022e-01	5.485515e-01	-5.185751e-02	6.004090e-01	-3.261333e-01	-2.742757e-01	1.249264e-01	-7.012652e-22	1.249264e-01	-1.249264e-01
0.00119       	2.500086e-01	-1.493653e-01	3.993739e-01	5.487392e-01	-5.180863e-02	6.005479e-01	-3.261782e-01	-2.743696e-01	1.250043e-01	-6.978257e-22	1.250043e-01	-1.250043e-01
0.0012        	2.501537e-01	-1.493986e-01	3.995523e-01	5.489509e-01	-5.176320e-02	6.007141e-01	-3.262387e-01	-2.744755e-01	1.250769e-01	-6.920459e-22	1.250769e-01	-1.250769e-01
0.00121       	2.502916e-01	-1.494398e-01	3.997314e-01	5.491711e-01	-5.172686e-02	6.008980e-01	-3.263124e-01	-2.745856e-01	1.251458e-01	-6.888261e-22	1.251458e-01	-1.251458e-01
0.00122       	2.504296e-01	-1.494884e-01	3.999180e-01	5.494064e-01	-5.169333e-02	6.010997e-01	-3.263965e-01	-2.747032e-01	1.252148e-01	-6.844593e-22	1.252148e-01	-1.252148e-01
0.00123       	2.505764e-01	-1.495430e-01	4.001194e-01	5.496623e-01	-5.165727e-02	6.013196e-01	-3.264884e-01	-2.748312e-01	1.252882e-01	-6.827936e-22	1.252882e-01	-1.252882e-01
0.00124       	2.507334e-01	-1.495970e-01	4.003305e-01	5.499275e-01	-5.162018e-02	6.015477e-01	-3.265839e-01	-2.749637e-01	1.253667e-01	-6.776494e-22	1.253667e-01	-1.253667e-01
0.00125       	2.508953e-01	-1.496485e-01	4.005437e-01	5.501922e-01	-5.158591e-02	6.017781e-01	-3.266820e-01	-2.750961e-01	1.254476e-01	-6.735968e-22	1.254476e-01	-1.254476e-01
0.00126       	2.510518e-01	-1.497048e-01	4.007566e-01	5.504613e-01	-5.155670e-02	6.020180e-01	-3.267874e-01	-2.752307e-01	1.255259e-01	-6.693195e-22	1.255259e-01	-1.255259e-01
0.00127       	2.511921e-01	-1.497699e-01	4.009621e-01	5.507320e-01	-5.153550e-02	6.022675e-01	-3.269015e-01	-2.753660e-01	1.255961e-01	-6.589334e-22	1.255961e-01	-1.255961e-01
0.00128       	2.513150e-01	-1.498428e-01	4.011578e-01	5.510006e-01	-5.151773e-02	6.025184e-01	-3.270181e-01	-2.755003e-01	1.256575e-01	-6.542515e-22	1.256575e-01	-1.256575e-01
0.00129       	2.514438e-01	-1.499178e-01	4.013616e-01	5.512794e-01	-5.150393e-02	6.027833e-01	-3.271436e-01	-2.756397e-01	1.257219e-01	-6.517713e-22	1.257219e-01	-1.257219e-01
0.0013        	2.515826e-01	-1.499870e-01	4.015696e-01	5.515566e-01	-5.149319e-02	6.030498e-01	-3.272715e-01	-2.757783e-01	1.257913e-01	-6.491627e-22	1.257913e-01	-1.257913e-01
0.00131       	2.517213e-01	-1.500449e-01	4.017662e-01	5.518111e-01	-5.149135e-02	6.033025e-01	-3.273969e-01	-2.759055e-01	1.258607e-01	-6.417209e-22	1.258607e-01	-1.258607e-01
0.00132       	2.518587e-01	-1.500906e-01	4.019493e-01	5.520399e-01	-5.150140e-02	6.035413e-01	-3.275214e-01	-2.760200e-01	1.259294e-01	-6.336602e-22	1.259294e-01	-1.259294e-01
0.00133       	2.520058e-01	-1.501302e-01	4.021360e-01	5.522661e-01	-5.152151e-02	6.037877e-01	-3.276546e-01	-2.761331e-01	1.260029e-01	-6.220023e-22	1.260029e-01	-1.260029e-01
0.00134       	2.521511e-01	-1.501735e-01	4.023246e-01	5.524981e-01	-5.154097e-02	6.040390e-01	-3.277900e-01	-2.762490e-01	1.260755e-01	-6.114598e-22	1.260755e-01	-1.260755e-01
0.00135       	2.522896e-01	-1.502267e-01	4.025163e-01	5.527430e-01	-5.155544e-02	6.042985e-01	-3.279270e-01	-2.763715e-01	1.261448e-01	-6.037224e-22	1.261448e-01	-1.261448e-01
0.00136       	2.524211e-01	-1.502893e-01	4.027103e-01	5.529996e-01	-5.156392e-02	6.045635e-01	-3.280637e-01	-2.764998e-01	1.262105e-01	-5.972792e-22	1.262105e-01	-1.262105e-01
0.00137       	2.525517e-01	-1.503559e-01	4.029076e-01	5.532635e-01	-5.156854e-02	6.048320e-01	-3.282003e-01	-2.766317e-01	1.262759e-01	-5.913984e-22	1.262759e-01	-1.262759e-01
0.00138       	2.526907e-01	-1.504204e-01	4.031111e-01	5.535315e-01	-5.157119e-02	6.051027e-01	-3.283369e-01	-2.767657e-01	1.263453e-01	-5.903294e-22	1.263453e-01	-1.263453e-01
0.00139       	2.528392e-01	-1.504811e-01	4.033203e-01	5.538014e-01	-5.157192e-02	6.053733e-01	-3.284726e-01	-2.769007e-01	1.264196e-01	-5.902928e-22	1.264196e-01	-1.264196e-01
0.0014        	2.529961e-01	-1.505376e-01	4.035337e-01	5.540713e-01	-5.157229e-02	6.056436e-01	-3.286080e-01	-2.770357e-01	1.264980e-01	-5.872075e-22	1.264980e-01	-1.264980e-01
0.00141       	2.531427e-01	-1.506008e-01	4.037435e-01	5.543443e-01	-5.157002e-02	6.059144e-01	-3.287422e-01	-2.771722e-01	1.265713e-01	-5.864752e-22	1.265713e-01	-1.265713e-01
0.00142       	2.532542e-01	-1.506803e-01	4.039345e-01	5.546148e-01	-5.156947e-02	6.061843e-01	-3.288769e-01	-2.773074e-01	1.266271e-01	-5.855668e-22	1.266271e-01	-1.266271e-01
0.00143       	2.533316e-01	-1.507756e-01	4.041072e-01	5.548829e-01	-5.157216e-02	6.064550e-01	-3.290136e-01	-2.774414e-01	1.266658e-01	-5.807847e-22	1.266658e-01	-1.266658e-01
0.00144       	2.533968e-01	-1.508782e-01	4.042751e-01	5.551533e-01	-5.157019e-02	6.067235e-01	-3.291469e-01	-2.775767e-01	1.266984e-01	-5.705570e-22	1.266984e-01	-1.266984e-01
0.00145       	2.534733e-01	-1.509770e-01	4.044503e-01	5.554274e-01	-5.156525e-02	6.069926e-01	-3.292789e-01	-2.777137e-01	1.267366e-01	-5.604465e-22	1.267366e-01	-1.267366e-01
0.00146       	2.535635e-01	-1.510713e-01	4.046348e-01	5.557060e-01	-5.156002e-02	6.072661e-01	-3.294130e-01	-2.778530e-01	1.267817e-01	-5.534158e-22	1.267817e-01	-1.267817e-01
0.00147       	2.536722e-01	-1.511542e-01	4.048264e-01	5.559806e-01	-5.155653e-02	6.075371e-01	-3.295468e-01	-2.779903e-01	1.268361e-01	-5.470722e-22	1.268361e-01	-1.268361e-01
0.00148       	2.537943e-01	-1.512274e-01	4.050217e-01	5.562492e-01	-5.155680e-02	6.078060e-01	-3.296814e-01	-2.781246e-01	1.268971e-01	-5.404065e-22	1.268971e-01	-1.268971e-01
0.00149       	2.539155e-01	-1.513015e-01	4.052170e-01	5.565185e-01	-5.156235e-02	6.080809e-01	-3.298216e-01	-2.782593e-01	1.269577e-01	-5.323705e-22	1.269577e-01	-1.269577e-01
0.0015        	2.540534e-01	-1.513702e-01	4.054235e-01	5.567937e-01	-5.156593e-02	6.083596e-01	-3.299628e-01	-2.783968e-01	1.270267e-01	-5.235414e-22	1.270267e-01	-1.270267e-01
0.00151       	2.542222e-01	-1.514272e-01	4.056494e-01	5.570767e-01	-5.156850e-02	6.086452e-01	-3.301068e-01	-2.785383e-01	1.271111e-01	-5.175884e-22	1.271111e-01	-1.271111e-01
0.00152       	2.544140e-01	-1.514743e-01	4.058884e-01	5.573627e-01	-5.157497e-02	6.089376e-01	-3.302563e-01	-2.786813e-01	1.272070e-01	-5.113984e-22	1.272070e-01	-1.272070e-01
0.00153       	2.546303e-01	-1.515069e-01	4.061373e-01	5.576442e-01	-5.158483e-02	6.092291e-01	-3.304069e-01	-2.788221e-01	1.273152e-01	-5.092553e-22	1.273152e-01	-1.273152e-01
0.00154       	2.548687e-01	-1.515267e-01	4.063954e-01	5.579220e-01	-5.159357e-02	6.095156e-01	-3.305546e-01	-2.789610e-01	1.274343e-01	-5.087696e-22	1.274343e-01	-1.274343e-01
0.00155       	2.550911e-01	-1.515610e-01	4.066521e-01	5.582131e-01	-5.160331e-02	6.098164e-01	-3.307099e-01	-2.791066e-01	1.275455e-01	-5.063888e-22	1.275455e-01	-1.275455e-01
0.00156       	2.552626e-01	-1.516316e-01	4.068942e-01	5.585258e-01	-5.161230e-02	6.101381e-01	-3.308752e-01	-2.792629e-01	1.276313e-01	-5.017493e-22	1.276313e-01	-1.276313e-01
0.00157       	2.554312e-01	-1.517081e-01	4.071393e-01	5.588474e-01	-5.162116e-02	6.104686e-01	-3.310449e-01	-2.794237e-01	1.277156e-01	-4.975399e-22	1.277156e-01	-1.277156e-01
0.00158       	2.556146e-01	-1.517695e-01	4.073842e-01	5.591537e-01	-5.163223e-02	6.107859e-01	-3.312091e-01	-2.795768e-01	1.278073e-01	-4.966516e-22	1.278073e-01	-1.278073e-01
0.00159       	2.557964e-01	-1.518296e-01	4.076260e-01	5.594556e-01	-5.164877e-02	6.111043e-01	-3.313766e-01	-2.797278e-01	1.278982e-01	-4.928640e-22	1.278982e-01	-1.278982e-01
0.0016        	2.559572e-01	-1.518910e-01	4.078483e-01	5.597393e-01	-5.165895e-02	6.113982e-01	-3.315286e-01	-2.798696e-01	1.279786e-01	-4.872410e-22	1.279786e-01	-1.279786e-01
0.00161       	2.561059e-01	-1.519532e-01	4.080590e-01	5.600122e-01	-5.166311e-02	6.116753e-01	-3.316692e-01	-2.800061e-01	1.280529e-01	-4.776556e-22	1.280529e-01	-1.280529e-01
0.00162       	2.562447e-01	-1.520231e-01	4.082678e-01	5.602910e-01	-5.166676e-02	6.119577e-01	-3.318122e-01	-2.801455e-01	1.281223e-01	-4.687468e-22	1.281223e-01	-1.281223e-01
0.00163       	2.563652e-01	-1.520996e-01	4.084648e-01	5.605645e-01	-5.166372e-02	6.122282e-01	-3.319460e-01	-2.802822e-01	1.281826e-01	-4.608747e-22	1.281826e-01	-1.281826e-01
0.00164       	2.564955e-01	-1.521662e-01	4.086617e-01	5.608279e-01	-5.166774e-02	6.124956e-01	-3.320817e-01	-2.804140e-01	1.282477e-01	-4.529063e-22	1.282477e-01	-1.282477e-01
0.00165       	2.566410e-01	-1.522248e-01	4.088658e-01	5.610906e-01	-5.166977e-02	6.127604e-01	-3.322151e-01	-2.805453e-01	1.283205e-01	-4.426826e-22	1.283205e-01	-1.283205e-01
0.00166       	2.567760e-01	-1.522870e-01	4.090630e-01	5.613500e-01	-5.166250e-02	6.130125e-01	-3.323375e-01	-2.806750e-01	1.283880e-01	-4.309245e-22	1.283880e-01	-1.283880e-01
0.00167       	2.569068e-01	-1.523518e-01	4.092586e-01	5.616104e-01	-5.165576e-02	6.132662e-01	-3.324610e-01	-2.808052e-01	1.284534e-01	-4.211710e-22	1.284534e-01	-1.284534e-01
0.00168       	2.570310e-01	-1.524108e-01	4.094419e-01	5.618527e-01	-5.164487e-02	6.134976e-01	-3.325712e-01	-2.809264e-01	1.285155e-01	-4.155675e-22	1.285155e-01	-1.285155e-01
0.00169       	2.571428e-01	-1.524695e-01	4.096123e-01	5.620818e-01	-5.163016e-02	6.137119e-01	-3.326710e-01	-2.810409e-01	1.285714e-01	-4.146033e-22	1.285714e-01	-1.285714e-01
0.0017        	2.572412e-01	-1.525282e-01	4.097694e-01	5.622976e-01	-5.161172e-02	6.139093e-01	-3.327605e-01	-2.811488e-01	1.286206e-01	-4.117344e-22	1.286206e-01	-1.286206e-01
0.00171       	2.573295e-01	-1.525892e-01	4.099187e-01	5.625079e-01	-5.159070e-02	6.140986e-01	-3.328446e-01	-2.812539e-01	1.286648e-01	-4.086052e-22	1.286648e-01	-1.286648e-01
0.00172       	2.574189e-01	-1.526550e-01	4.100739e-01	5.627290e-01	-5.157137e-02	6.143003e-01	-3.329358e-01	-2.813645e-01	1.287094e-01	-4.042428e-22	1.287094e-01	-1.287094e-01
0.00173       	2.575164e-01	-1.527255e-01	4.102419e-01	5.629674e-01	-5.155420e-02	6.145216e-01	-3.330379e-01	-2.814837e-01	1.287582e-01	-4.004534e-22	1.287582e-01	-1.287582e-01
0.00174       	2.576401e-01	-1.527985e-01	4.104386e-01	5.632372e-01	-5.155107e-02	6.147882e-01	-3.331697e-01	-2.816186e-01	1.288200e-01	-3.975376e-22	1.288200e-01	-1.288200e-01
0.00175       	2.577773e-01	-1.528781e-01	4.106554e-01	5.635335e-01	-5.156085e-02	6.150943e-01	-3.333276e-01	-2.817667e-01	1.288886e-01	-3.934283e-22	1.288886e-01	-1.288886e-01
0.00176       	2.579021e-01	-1.529672e-01	4.108693e-01	5.638365e-01	-5.157464e-02	6.154111e-01	-3.334929e-01	-2.819183e-01	1.289511e-01	-3.921946e-22	1.289511e-01	-1.289511e-01
0.00177       	2.580130e-01	-1.530616e-01	4.110746e-01	5.641361e-01	-5.159253e-02	6.157287e-01	-3.336606e-01	-2.820681e-01	1.290065e-01	-3.932097e-22	1.290065e-01	-1.290065e-01
0.00178       	2.581090e-01	-1.531593e-01	4.112682e-01	5.644275e-01	-5.161299e-02	6.160405e-01	-3.338268e-01	-2.822138e-01	1.290545e-01	-3.872422e-22	1.290545e-01	-1.290545e-01
0.00179       	2.582005e-01	-1.532588e-01	4.114593e-01	5.647182e-01	-5.163531e-02	6.163535e-01	-3.339944e-01	-2.823591e-01	1.291003e-01	-3.772675e-22	1.291003e-01	-1.291003e-01
0.0018        	2.582892e-01	-1.533561e-01	4.116453e-01	5.650015e-01	-5.165429e-02	6.166558e-01	-3.341550e-01	-2.825007e-01	1.291446e-01	-3.729015e-22	1.291446e-01	-1.291446e-01
0.00181       	2.583662e-01	-1.534532e-01	4.118194e-01	5.652726e-01	-5.167032e-02	6.169429e-01	-3.343066e-01	-2.826363e-01	1.291831e-01	-3.678100e-22	1.291831e-01	-1.291831e-01
0.00182       	2.584371e-01	-1.535530e-01	4.119901e-01	5.655431e-01	-5.168600e-02	6.172291e-01	-3.344576e-01	-2.827716e-01	1.292185e-01	-3.626156e-22	1.292185e-01	-1.292185e-01
0.00183       	2.585113e-01	-1.536559e-01	4.121672e-01	5.658231e-01	-5.169765e-02	6.175207e-01	-3.346092e-01	-2.829115e-01	1.292556e-01	-3.554045e-22	1.292556e-01	-1.292556e-01
0.00184       	2.585922e-01	-1.537584e-01	4.123506e-01	5.661089e-01	-5.170220e-02	6.178111e-01	-3.347567e-01	-2.830545e-01	1.292961e-01	-3.476366e-22	1.292961e-01	-1.292961e-01
0.00185       	2.586814e-01	-1.538590e-01	4.125404e-01	5.663993e-01	-5.170296e-02	6.181023e-01	-3.349026e-01	-2.831997e-01	1.293407e-01	-3.380945e-22	1.293407e-01	-1.293407e-01
0.00186       	2.587759e-01	-1.539570e-01	4.127329e-01	5.666900e-01	-5.170110e-02	6.183911e-01	-3.350461e-01	-2.833450e-01	1.293880e-01	-3.321769e-22	1.293880e-01	-1.293880e-01
0.00187       	2.588668e-01	-1.540507e-01	4.129175e-01	5.669682e-01	-5.170101e-02	6.186692e-01	-3.351851e-01	-2.834841e-01	1.294334e-01	-3.278354e-22	1.294334e-01	-1.294334e-01
0.00188       	2.589463e-01	-1.541398e-01	4.130861e-01	5.672258e-01	-5.170210e-02	6.189279e-01	-3.353150e-01	-2.836129e-01	1.294732e-01	-3.269705e-22	1.294732e-01	-1.294732e-01
0.00189       	2.590215e-01	-1.542276e-01	4.132492e-01	5.674768e-01	-5.171071e-02	6.191875e-01	-3.354491e-01	-2.837384e-01	1.295108e-01	-3.206106e-22	1.295108e-01	-1.295108e-01
0.0019        	2.591004e-01	-1.543140e-01	4.134144e-01	5.677284e-01	-5.172623e-02	6.194546e-01	-3.355904e-01	-2.838642e-01	1.295502e-01	-3.158864e-22	1.295502e-01	-1.295502e-01
0.00191       	2.591898e-01	-1.543977e-01	4.135875e-01	5.679852e-01	-5.174806e-02	6.197333e-01	-3.357407e-01	-2.839926e-01	1.295949e-01	-3.118096e-22	1.295949e-01	-1.295949e-01
0.00192       	2.592911e-01	-1.544837e-01	4.137748e-01	5.682585e-01	-5.177290e-02	6.200314e-01	-3.359021e-01	-2.841292e-01	1.296455e-01	-3.087254e-22	1.296455e-01	-1.296455e-01
0.00193       	2.593985e-01	-1.545753e-01	4.139738e-01	5.685491e-01	-5.179739e-02	6.203465e-01	-3.360719e-01	-2.842745e-01	1.296993e-01	-3.075856e-22	1.296993e-01	-1.296993e-01
0.00194       	2.595088e-01	-1.546770e-01	4.141859e-01	5.688629e-01	-5.182401e-02	6.206869e-01	-3.362555e-01	-2.844315e-01	1.297544e-01	-3.069436e-22	1.297544e-01	-1.297544e-01
0.00195       	2.596122e-01	-1.547873e-01	4.143995e-01	5.691867e-01	-5.184356e-02	6.210303e-01	-3.364369e-01	-2.845934e-01	1.298061e-01	-3.041072e-22	1.298061e-01	-1.298061e-01
0.00196       	2.597093e-01	-1.549020e-01	4.146112e-01	5.695132e-01	-5.185614e-02	6.213693e-01	-3.366127e-01	-2.847566e-01	1.298546e-01	-2.988564e-22	1.298546e-01	-1.298546e-01
0.00197       	2.598041e-01	-1.550204e-01	4.148245e-01	5.698450e-01	-5.186619e-02	6.217112e-01	-3.367887e-01	-2.849225e-01	1.299021e-01	-2.958088e-22	1.299021e-01	-1.299021e-01
0.00198       	2.598985e-01	-1.551440e-01	4.150425e-01	5.701865e-01	-5.188161e-02	6.220681e-01	-3.369748e-01	-2.850932e-01	1.299492e-01	-2.918281e-22	1.299492e-01	-1.299492e-01
0.00199       	2.599870e-01	-1.552622e-01	4.152492e-01	5.705114e-01	-5.190006e-02	6.224115e-01	-3.371558e-01	-2.852557e-01	1.299935e-01	-2.885611e-22	1.299935e-01	-1.299935e-01
0.002         	2.600728e-01	-1.553685e-01	4.154413e-01	5.708097e-01	-5.191429e-02	6.227240e-01	-3.373192e-01	-2.854049e-01	1.300364e-01	-2.866569e-22	1.300364e-01	-1.300364e-01
0.00201       	2.601654e-01	-1.554641e-01	4.156295e-01	5.710935e-01	-5.193049e-02	6.230240e-01	-3.374773e-01	-2.855468e-01	1.300827e-01	-2.826386e-22	1.300827e-01	-1.300827e-01
0.00202       	2.602573e-01	-1.555474e-01	4.158047e-01	5.713522e-01	-5.194879e-02	6.233010e-01	-3.376249e-01	-2.856761e-01	1.301286e-01	-2.778611e-22	1.301286e-01	-1.301286e-01
0.00203       	2.603452e-01	-1.556204e-01	4.159656e-01	5.715860e-01	-5.196891e-02	6.235549e-01	-3.377619e-01	-2.857930e-01	1.301726e-01	-2.752186e-22	1.301726e-01	-1.301726e-01
0.00204       	2.604292e-01	-1.556840e-01	4.161132e-01	5.717971e-01	-5.198542e-02	6.237826e-01	-3.378840e-01	-2.858986e-01	1.302146e-01	-2.688881e-22	1.302146e-01	-1.302146e-01
0.00205       	2.605168e-01	-1.557440e-01	4.162609e-01	5.720049e-01	-5.200051e-02	6.240054e-01	-3.380030e-01	-2.860025e-01	1.302584e-01	-2.643855e-22	1.302584e-01	-1.302584e-01
0.00206       	2.606023e-01	-1.558011e-01	4.164034e-01	5.722045e-01	-5.200854e-02	6.242131e-01	-3.381108e-01	-2.861023e-01	1.303011e-01	-2.645580e-22	1.303011e-01	-1.303011e-01
0.00207       	2.606860e-01	-1.558600e-01	4.165460e-01	5.724060e-01	-5.201570e-02	6.244217e-01	-3.382187e-01	-2.862030e-01	1.303430e-01	-2.627769e-22	1.303430e-01	-1.303430e-01
0.00208       	2.607655e-01	-1.559252e-01	4.166907e-01	5.726160e-01	-5.202101e-02	6.246370e-01	-3.383290e-01	-2.863080e-01	1.303828e-01	-2.584566e-22	1.303828e-01	-1.303828e-01
0.00209       	2.608365e-01	-1.559969e-01	4.168334e-01	5.728302e-01	-5.201354e-02	6.248438e-01	-3.384287e-01	-2.864151e-01	1.304182e-01	-2.557318e-22	1.304182e-01	-1.304182e-01
0.0021        	2.609041e-01	-1.560744e-01	4.169785e-01	5.730530e-01	-5.199710e-02	6.250501e-01	-3.385236e-01	-2.865265e-01	1.304520e-01	-2.546620e-22	1.304520e-01	-1.304520e-01
0.00211       	2.609731e-01	-1.561593e-01	4.171324e-01	5.732918e-01	-5.197973e-02	6.252715e-01	-3.386256e-01	-2.866459e-01	1.304866e-01	-2.527597e-22	1.304866e-01	-1.304866e-01
0.00212       	2.610505e-01	-1.562541e-01	4.173046e-01	5.735587e-01	-5.197461e-02	6.255333e-01	-3.387539e-01	-2.867793e-01	1.305252e-01	-2.515044e-22	1.305252e-01	-1.305252e-01
0.00213       	2.611336e-01	-1.563542e-01	4.174878e-01	5.738419e-01	-5.198585e-02	6.258278e-01	-3.389068e-01	-2.869210e-01	1.305668e-01	-2.507525e-22	1.305668e-01	-1.305668e-01
0.00214       	2.612084e-01	-1.564489e-01	4.176573e-01	5.741062e-01	-5.200067e-02	6.261069e-01	-3.390538e-01	-2.870531e-01	1.306042e-01	-2.470588e-22	1.306042e-01	-1.306042e-01
0.00215       	2.612720e-01	-1.565318e-01	4.178037e-01	5.743355e-01	-5.201119e-02	6.263467e-01	-3.391789e-01	-2.871677e-01	1.306360e-01	-2.445167e-22	1.306360e-01	-1.306360e-01
0.00216       	2.613361e-01	-1.566073e-01	4.179434e-01	5.745507e-01	-5.202537e-02	6.265761e-01	-3.393007e-01	-2.872753e-01	1.306681e-01	-2.441079e-22	1.306681e-01	-1.306681e-01
0.00217       	2.613953e-01	-1.566774e-01	4.180727e-01	5.747501e-01	-5.204135e-02	6.267914e-01	-3.394164e-01	-2.873750e-01	1.306977e-01	-2.459001e-22	1.306977e-01	-1.306977e-01
0.00218       	2.614430e-01	-1.567432e-01	4.181862e-01	5.749294e-01	-5.205925e-02	6.269886e-01	-3.395239e-01	-2.874647e-01	1.307215e-01	-2.433119e-22	1.307215e-01	-1.307215e-01
0.00219       	2.614841e-01	-1.568101e-01	4.182942e-01	5.751043e-01	-5.208269e-02	6.271870e-01	-3.396348e-01	-2.875521e-01	1.307421e-01	-2.424059e-22	1.307421e-01	-1.307421e-01
0.0022        	2.615287e-01	-1.568811e-01	4.184098e-01	5.752908e-01	-5.210991e-02	6.274007e-01	-3.397553e-01	-2.876454e-01	1.307643e-01	-2.407007e-22	1.307643e-01	-1.307643e-01
0.00221       	2.615771e-01	-1.569531e-01	4.185302e-01	5.754834e-01	-5.213370e-02	6.276171e-01	-3.398754e-01	-2.877417e-01	1.307885e-01	-2.356807e-22	1.307885e-01	-1.307885e-01
0.00222       	2.616261e-01	-1.570242e-01	4.186503e-01	5.756745e-01	-5.214928e-02	6.278238e-01	-3.399865e-01	-2.878372e-01	1.308131e-01	-2.293448e-22	1.308131e-01	-1.308131e-01
0.00223       	2.616740e-01	-1.570947e-01	4.187687e-01	5.758634e-01	-5.215394e-02	6.280173e-01	-3.400856e-01	-2.879317e-01	1.308370e-01	-2.238816e-22	1.308370e-01	-1.308370e-01
0.00224       	2.617224e-01	-1.571628e-01	4.188852e-01	5.760480e-01	-5.215020e-02	6.281982e-01	-3.401742e-01	-2.880240e-01	1.308612e-01	-2.208273e-22	1.308612e-01	-1.308612e-01
0.00225       	2.617726e-01	-1.572292e-01	4.190018e-01	5.762311e-01	-5.213931e-02	6.283704e-01	-3.402548e-01	-2.881155e-01	1.308863e-01	-2.224041e-22	1.308863e-01	-1.308863e-01
0.00226       	2.618234e-01	-1.572931e-01	4.191165e-01	5.764097e-01	-5.212239e-02	6.285320e-01	-3.403272e-01	-2.882048e-01	1.309117e-01	-2.224210e-22	1.309117e-01	-1.309117e-01
0.00227       	2.618748e-01	-1.573554e-01	4.192302e-01	5.765856e-01	-5.210120e-02	6.286868e-01	-3.403940e-01	-2.882928e-01	1.309374e-01	-2.231002e-22	1.309374e-01	-1.309374e-01
0.00228       	2.619301e-01	-1.574202e-01	4.193503e-01	5.767705e-01	-5.207982e-02	6.288503e-01	-3.404651e-01	-2.883852e-01	1.309650e-01	-2.219494e-22	1.309650e-01	-1.309650e-01
0.00229       	2.619884e-01	-1.574892e-01	4.194775e-01	5.769667e-01	-5.206233e-02	6.290290e-01	-3.405457e-01	-2.884833e-01	1.309942e-01	-2.209318e-22	1.309942e-01	-1.309942e-01
0.0023        	2.620483e-01	-1.575592e-01	4.196075e-01	5.771666e-01	-5.205222e-02	6.292188e-01	-3.406355e-01	-2.885833e-01	1.310241e-01	-2.202199e-22	1.310241e-01	-1.310241e-01
0.00231       	2.621070e-01	-1.576271e-01	4.197342e-01	5.773613e-01	-5.204613e-02	6.294074e-01	-3.407268e-01	-2.886807e-01	1.310535e-01	-2.204124e-22	1.310535e-01	-1.310535e-01
0.00232       	2.621672e-01	-1.576946e-01	4.198618e-01	5.775563e-01	-5.204801e-02	6.296044e-01	-3.408262e-01	-2.887782e-01	1.310836e-01	-2.209703e-22	1.310836e-01	-1.310836e-01
0.00233       	2.622240e-01	-1.577638e-01	4.199878e-01	5.777516e-01	-5.205096e-02	6.298026e-01	-3.409268e-01	-2.888758e-01	1.311120e-01	-2.202196e-22	1.311120e-01	-1.311120e-01
0.00234       	2.622799e-01	-1.578404e-01	4.201203e-01	5.779607e-01	-5.205541e-02	6.300161e-01	-3.410358e-01	-2.889804e-01	1.311399e-01	-2.195598e-22	1.311399e-01	-1.311399e-01
0.00235       	2.623325e-01	-1.579278e-01	4.202603e-01	5.781882e-01	-5.205837e-02	6.302465e-01	-3.411525e-01	-2.890941e-01	1.311663e-01	-2.198130e-22	1.311663e-01	-1.311663e-01
0.00236       	2.623803e-01	-1.580277e-01	4.204079e-01	5.784356e-01	-5.205369e-02	6.304893e-01	-3.412715e-01	-2.892178e-01	1.311901e-01	-2.206156e-22	1.311901e-01	-1.311901e-01
0.00237       	2.624305e-01	-1.581389e-01	4.205694e-01	5.787083e-01	-5.204263e-02	6.307509e-01	-3.413968e-01	-2.893542e-01	1.312152e-01	-2.224326e-22	1.312152e-01	-1.312152e-01
0.00238       	2.624847e-01	-1.582566e-01	4.207412e-01	5.789978e-01	-5.202168e-02	6.310195e-01	-3.415206e-01	-2.894989e-01	1.312423e-01	-2.225951e-22	1.312423e-01	-1.312423e-01
0.00239       	2.625457e-01	-1.583765e-01	4.209221e-01	5.792986e-01	-5.199881e-02	6.312974e-01	-3.416481e-01	-2.896493e-01	1.312728e-01	-2.209303e-22	1.312728e-01	-1.312728e-01
0.0024        	2.626150e-01	-1.584947e-01	4.211097e-01	5.796045e-01	-5.197959e-02	6.315840e-01	-3.417818e-01	-2.898022e-01	1.313075e-01	-2.178221e-22	1.313075e-01	-1.313075e-01
0.00241       	2.626862e-01	-1.586065e-01	4.212927e-01	5.798992e-01	-5.196173e-02	6.318610e-01	-3.419113e-01	-2.899496e-01	1.313431e-01	-2.145149e-22	1.313431e-01	-1.313431e-01
0.00242       	2.627498e-01	-1.587091e-01	4.214589e-01	5.801680e-01	-5.194442e-02	6.321124e-01	-3.420284e-01	-2.900840e-01	1.313749e-01	-2.095407e-22	1.313749e-01	-1.313749e-01
0.00243       	2.628021e-01	-1.588037e-01	4.216058e-01	5.804095e-01	-5.192863e-02	6.323381e-01	-3.421334e-01	-2.902047e-01	1.314010e-01	-2.057031e-22	1.314010e-01	-1.314010e-01
0.00244       	2.628422e-01	-1.588896e-01	4.217318e-01	5.806214e-01	-5.191399e-02	6.325354e-01	-3.422247e-01	-2.903107e-01	1.314211e-01	-2.053334e-22	1.314211e-01	-1.314211e-01
0.00245       	2.628789e-01	-1.589673e-01	4.218462e-01	5.808135e-01	-5.190402e-02	6.327175e-01	-3.423108e-01	-2.904067e-01	1.314395e-01	-2.072256e-22	1.314395e-01	-1.314395e-01
0.00246       	2.629244e-01	-1.590427e-01	4.219671e-01	5.810099e-01	-5.190600e-02	6.329159e-01	-3.424109e-01	-2.905049e-01	1.314622e-01	-2.091346e-22	1.314622e-01	-1.314622e-01
0.00247       	2.629708e-01	-1.591161e-01	4.220869e-01	5.812029e-01	-5.190847e-02	6.331114e-01	-3.425099e-01	-2.906015e-01	1.314854e-01	-2.096794e-22	1.314854e-01	-1.314854e-01
0.00248       	2.630147e-01	-1.591874e-01	4.222021e-01	5.813896e-01	-5.190465e-02	6.332942e-01	-3.425994e-01	-2.906948e-01	1.315073e-01	-2.073163e-22	1.315073e-01	-1.315073e-01
0.00249       	2.630628e-01	-1.592597e-01	4.223225e-01	5.815822e-01	-5.189751e-02	6.334797e-01	-3.426886e-01	-2.907911e-01	1.315314e-01	-2.054051e-22	1.315314e-01	-1.315314e-01
0.0025        	2.631167e-01	-1.593347e-01	4.224514e-01	5.817860e-01	-5.188621e-02	6.336723e-01	-3.427792e-01	-2.908930e-01	1.315584e-01	-2.046654e-22	1.315584e-01	-1.315584e-01
0.00251       	2.631757e-01	-1.594148e-01	4.225904e-01	5.820052e-01	-5.187150e-02	6.338767e-01	-3.428741e-01	-2.910026e-01	1.315878e-01	-2.040710e-22	1.315878e-01	-1.315878e-01
0.00252       	2.632323e-01	-1.594994e-01	4.227317e-01	5.822312e-01	-5.185371e-02	6.340849e-01	-3.429693e-01	-2.911156e-01	1.316162e-01	-2.037213e-22	1.316162e-01	-1.316162e-01
0.00253       	2.632832e-01	-1.595855e-01	4.228686e-01	5.824541e-01	-5.183655e-02	6.342907e-01	-3.430636e-01	-2.912271e-01	1.316416e-01	-2.047738e-22	1.316416e-01	-1.316416e-01
0.00254       	2.633317e-01	-1.596687e-01	4.230004e-01	5.826691e-01	-5.182892e-02	6.344980e-01	-3.431635e-01	-2.913346e-01	1.316658e-01	-2.071986e-22	1.316658e-01	-1.316658e-01
0.00255       	2.633847e-01	-1.597490e-01	4.231337e-01	5.828827e-01	-5.183789e-02	6.347206e-01	-3.432792e-01	-2.914413e-01	1.316924e-01	-2.097383e-22	1.316924e-01	-1.316924e-01
0.00256       	2.634440e-01	-1.598273e-01	4.232714e-01	5.830987e-01	-5.185838e-02	6.349571e-01	-3.434077e-01	-2.915493e-01	1.317220e-01	-2.111553e-22	1.317220e-01	-1.317220e-01
0.00257       	2.635088e-01	-1.599051e-01	4.234139e-01	5.833190e-01	-5.188476e-02	6.352037e-01	-3.435442e-01	-2.916595e-01	1.317544e-01	-2.086748e-22	1.317544e-01	-1.317544e-01
0.00258       	2.635749e-01	-1.599835e-01	4.235584e-01	5.835419e-01	-5.191129e-02	6.354532e-01	-3.436822e-01	-2.917709e-01	1.317875e-01	-2.056099e-22	1.317875e-01	-1.317875e-01
0.00259       	2.636359e-01	-1.600638e-01	4.236997e-01	5.837634e-01	-5.193108e-02	6.356945e-01	-3.438128e-01	-2.918817e-01	1.318179e-01	-2.038201e-22	1.318179e-01	-1.318179e-01
0.0026        	2.636855e-01	-1.601481e-01	4.238336e-01	5.839816e-01	-5.194216e-02	6.359238e-01	-3.439330e-01	-2.919908e-01	1.318427e-01	-2.015992e-22	1.318427e-01	-1.318427e-01
0.00261       	2.637211e-01	-1.602336e-01	4.239547e-01	5.841883e-01	-5.194464e-02	6.361329e-01	-3.440388e-01	-2.920942e-01	1.318605e-01	-1.999913e-22	1.318605e-01	-1.318605e-01
0.00262       	2.637491e-01	-1.603191e-01	4.240681e-01	5.843872e-01	-5.194159e-02	6.363288e-01	-3.441352e-01	-2.921936e-01	1.318745e-01	-1.994821e-22	1.318745e-01	-1.318745e-01
0.00263       	2.637719e-01	-1.604036e-01	4.241755e-01	5.845792e-01	-5.193176e-02	6.365109e-01	-3.442213e-01	-2.922896e-01	1.318859e-01	-1.987269e-22	1.318859e-01	-1.318859e-01
0.00264       	2.637919e-01	-1.604889e-01	4.242808e-01	5.847696e-01	-5.191622e-02	6.366858e-01	-3.443010e-01	-2.923848e-01	1.318959e-01	-2.001138e-22	1.318959e-01	-1.318959e-01
0.00265       	2.638125e-01	-1.605749e-01	4.243873e-01	5.849622e-01	-5.189714e-02	6.368594e-01	-3.443782e-01	-2.924811e-01	1.319062e-01	-2.031452e-22	1.319062e-01	-1.319062e-01
0.00266       	2.638369e-01	-1.606632e-01	4.245001e-01	5.851633e-01	-5.187505e-02	6.370383e-01	-3.444567e-01	-2.925816e-01	1.319185e-01	-2.046717e-22	1.319185e-01	-1.319185e-01
0.00267       	2.638708e-01	-1.607526e-01	4.246233e-01	5.853759e-01	-5.185472e-02	6.372306e-01	-3.445427e-01	-2.926880e-01	1.319354e-01	-2.055019e-22	1.319354e-01	-1.319354e-01
0.00268       	2.639144e-01	-1.608425e-01	4.247569e-01	5.855995e-01	-5.183832e-02	6.374378e-01	-3.446380e-01	-2.927997e-01	1.319572e-01	-2.067179e-22	1.319572e-01	-1.319572e-01
0.00269       	2.639615e-01	-1.609300e-01	4.248916e-01	5.858216e-01	-5.182652e-02	6.376481e-01	-3.447373e-01	-2.929108e-01	1.319808e-01	-2.094116e-22	1.319808e-01	-1.319808e-01
0.0027        	2.640022e-01	-1.610144e-01	4.250166e-01	5.860309e-01	-5.181610e-02	6.378471e-01	-3.448316e-01	-2.930155e-01	1.320011e-01	-2.100370e-22	1.320011e-01	-1.320011e-01
