/*--------------------------------*- C++ -*----------------------------------*\
| =========                 |                                                 |
| \\      /  F ield         | OpenFOAM: The Open Source CFD Toolbox           |
|  \\    /   O peration     | Version:  2406                                  |
|   \\  /    A nd           | Website:  www.openfoam.com                      |
|    \\/     M anipulation  |                                                 |
\*---------------------------------------------------------------------------*/
FoamFile
{
    version     2.0;
    format      ascii;
    arch        "LSB;label=32;scalar=64";
    class       volScalarField;
    location    "0.02";
    object      mag(U);
}
// * * * * * * * * * * * * * * * * * * * * * * * * * * * * * * * * * * * * * //

dimensions      [0 1 -1 0 0 0 0];

internalField   nonuniform List<scalar> 
1000
(
6.70745
7.74283
8.51368
9.18105
9.87033
10.5815
11.294
12.0027
12.7102
13.418
14.1263
14.8347
15.5432
16.2517
16.9604
17.6692
18.3781
19.087
19.7961
20.5053
21.2146
21.9241
22.6336
23.3432
24.0529
24.7627
25.4727
26.1827
26.8929
27.6031
28.3134
29.0239
29.7344
30.4451
31.1558
31.8667
32.5777
33.2887
33.9999
34.7111
35.4224
36.1339
36.8454
37.5571
38.2688
38.9806
39.6926
40.4046
41.1167
41.8289
42.5412
43.2536
43.9661
44.6787
45.3913
46.1041
46.817
47.5299
48.2429
48.9561
49.6693
50.3826
51.0959
51.8094
52.523
53.2366
53.9504
54.6642
55.3781
56.0921
56.8061
57.5203
58.2345
58.9488
59.6632
60.3777
61.0922
61.8069
62.5216
63.2364
63.9513
64.6662
65.3812
66.0963
66.8115
67.5267
68.2421
68.9575
69.6729
70.3885
71.1041
71.8198
72.5355
73.2514
73.9672
74.6832
75.3992
76.1153
76.8315
77.5477
78.264
78.9804
79.6968
80.4133
81.1298
81.8464
82.5631
83.2798
83.9966
84.7134
85.4303
86.1473
86.8643
87.5814
88.2985
89.0157
89.7329
90.4502
91.1675
91.8849
92.6023
93.3198
94.0373
94.7548
95.4725
96.1901
96.9078
97.6255
98.3433
99.0611
99.779
100.497
101.215
101.933
102.651
103.369
104.087
104.805
105.523
106.241
106.96
107.678
108.396
109.114
109.833
110.551
111.269
111.988
112.706
113.425
114.143
114.861
115.58
116.298
117.017
117.735
118.453
119.172
119.89
120.608
121.327
122.045
122.763
123.482
124.2
124.919
125.637
126.355
127.074
127.792
128.51
129.229
129.947
130.665
131.384
132.102
132.82
133.538
134.256
134.974
135.692
136.41
137.128
137.846
138.563
139.281
139.999
140.716
141.434
142.151
142.869
143.586
144.303
145.02
145.737
146.454
147.171
147.888
148.605
149.321
150.037
150.754
151.47
152.186
152.902
153.618
154.334
155.049
155.765
156.48
157.195
157.91
158.625
159.339
160.054
160.768
161.482
162.196
162.91
163.623
164.336
165.049
165.762
166.475
167.187
167.899
168.611
169.323
170.034
170.745
171.456
172.167
172.877
173.587
174.296
175.006
175.714
176.423
177.131
177.839
178.547
179.254
179.96
180.667
181.372
182.078
182.783
183.487
184.191
184.895
185.598
186.3
187.002
187.704
188.404
189.105
189.804
190.503
191.202
191.899
192.596
193.292
193.988
194.683
195.377
196.07
196.762
197.454
198.144
198.834
199.523
200.21
200.897
201.583
202.268
202.951
203.634
204.315
204.995
205.674
206.351
207.027
207.702
208.375
209.047
209.718
210.386
211.054
211.719
212.383
213.045
213.706
214.364
215.021
215.675
216.328
216.978
217.627
218.273
218.917
219.558
220.198
220.834
221.469
222.1
222.729
223.356
223.979
224.6
225.218
225.833
226.445
227.053
227.659
228.261
228.861
229.456
230.049
230.638
231.223
231.805
232.384
232.959
233.53
234.097
234.661
235.22
235.776
236.329
236.877
237.421
237.962
238.498
239.031
239.56
240.084
240.605
241.122
241.636
242.145
242.65
243.152
243.65
244.144
244.634
245.121
245.605
246.084
246.561
247.034
247.503
247.97
248.433
248.893
249.35
249.804
250.255
250.703
251.149
251.592
252.033
252.471
252.907
253.34
253.771
254.2
254.627
255.053
255.476
255.897
256.317
256.735
257.151
257.566
257.979
258.391
258.802
259.211
259.619
260.026
260.431
260.836
261.239
261.641
262.042
262.443
262.842
263.24
263.637
264.034
264.429
264.824
265.218
265.611
266.003
266.394
266.784
267.173
267.562
267.949
268.336
268.722
269.107
269.491
269.873
270.255
270.636
271.016
271.395
271.773
272.15
272.525
272.9
273.273
273.645
274.015
274.384
274.752
275.119
275.484
275.847
276.209
276.569
276.928
277.285
277.64
277.993
278.345
278.694
279.041
279.386
279.729
280.07
280.408
280.744
281.077
281.408
281.736
282.061
282.383
282.702
283.018
283.331
283.64
283.946
284.249
284.548
284.843
285.134
285.421
285.705
285.983
286.258
286.528
286.793
287.054
287.31
287.56
287.806
288.047
288.282
288.512
288.736
288.954
289.167
289.374
289.575
289.77
289.959
290.142
290.319
290.489
290.653
290.812
290.963
291.109
291.248
291.381
291.508
291.629
291.744
291.853
291.956
292.054
292.145
292.232
292.313
292.389
292.46
292.526
292.588
292.645
292.698
292.746
292.791
292.833
292.871
292.905
292.937
292.965
292.992
293.015
293.036
293.056
293.073
293.088
293.102
293.114
293.125
293.135
293.143
293.151
293.157
293.163
293.168
293.173
293.177
293.18
293.183
293.186
293.188
293.19
293.191
293.193
293.194
293.195
293.196
293.196
293.197
293.198
293.198
293.199
293.199
293.199
293.199
293.2
293.2
293.2
293.2
293.2
293.2
293.201
293.201
293.201
293.201
293.201
293.201
293.201
293.201
293.201
293.201
293.201
293.201
293.201
293.201
293.201
293.202
293.202
293.202
293.202
293.202
293.202
293.202
293.202
293.202
293.202
293.202
293.202
293.202
293.202
293.202
293.202
293.202
293.202
293.202
293.203
293.203
293.203
293.203
293.203
293.203
293.203
293.203
293.203
293.203
293.203
293.203
293.203
293.203
293.203
293.203
293.203
293.203
293.203
293.203
293.203
293.203
293.203
293.203
293.203
293.203
293.203
293.203
293.203
293.203
293.203
293.203
293.203
293.203
293.203
293.203
293.203
293.203
293.203
293.203
293.203
293.203
293.203
293.203
293.203
293.203
293.203
293.203
293.203
293.203
293.203
293.203
293.204
293.204
293.204
293.204
293.204
293.204
293.204
293.204
293.204
293.204
293.204
293.204
293.204
293.204
293.204
293.204
293.204
293.204
293.204
293.204
293.204
293.204
293.204
293.204
293.204
293.204
293.204
293.204
293.204
293.204
293.204
293.204
293.204
293.204
293.204
293.204
293.204
293.204
293.204
293.204
293.204
293.204
293.204
293.204
293.204
293.204
293.204
293.204
293.204
293.204
293.204
293.204
293.204
293.204
293.205
293.205
293.205
293.205
293.205
293.205
293.205
293.205
293.205
293.205
293.205
293.205
293.205
293.205
293.205
293.205
293.205
293.205
293.205
293.205
293.205
293.205
293.205
293.205
293.205
293.205
293.205
293.205
293.205
293.205
293.205
293.205
293.205
293.205
293.205
293.205
293.205
293.205
293.205
293.205
293.205
293.205
293.205
293.205
293.205
293.205
293.205
293.205
293.205
293.205
293.205
293.205
293.205
293.205
293.205
293.205
293.205
293.205
293.205
293.205
293.205
293.205
293.205
293.205
293.205
293.205
293.205
293.205
293.205
293.205
293.205
293.205
293.205
293.205
293.205
293.205
293.205
293.205
293.205
293.205
293.205
293.205
293.205
293.205
293.205
293.205
293.205
293.205
293.205
293.205
293.205
293.205
293.205
293.205
293.205
293.205
293.205
293.205
293.205
293.205
293.205
293.205
293.205
293.205
293.205
293.205
293.205
293.205
293.205
293.205
293.205
293.205
293.205
293.205
293.205
293.205
293.205
293.205
293.205
293.205
293.205
293.205
293.205
293.206
293.206
293.206
293.206
293.206
293.206
293.206
293.206
293.206
293.206
293.206
293.206
293.206
293.206
293.206
293.206
293.206
293.206
293.206
293.206
293.206
293.206
293.206
293.206
293.206
293.206
293.206
293.206
293.206
293.206
293.206
293.206
293.206
293.206
293.206
293.206
293.206
293.206
293.206
293.206
293.206
293.206
293.206
293.206
293.206
293.206
293.206
293.206
293.206
293.206
293.206
293.206
293.206
293.206
293.206
293.206
293.206
293.206
293.206
293.206
293.206
293.206
293.206
293.206
293.206
293.206
293.206
293.206
293.206
293.206
293.206
293.205
293.205
293.205
293.205
293.205
293.205
293.205
293.204
293.204
293.203
293.203
293.202
293.201
293.2
293.198
293.196
293.194
293.191
293.188
293.184
293.179
293.174
293.167
293.159
293.15
293.14
293.128
293.114
293.098
293.08
293.06
293.037
293.011
292.983
292.952
292.917
292.88
292.84
292.796
292.749
292.699
292.646
292.591
292.532
292.472
292.409
292.345
292.28
292.214
292.147
292.08
292.013
291.948
291.883
291.82
291.759
291.701
291.645
291.592
291.541
291.494
291.451
291.41
291.373
291.339
291.308
291.28
291.256
291.234
291.214
291.197
291.183
291.17
291.159
291.149
291.142
291.135
291.129
291.125
291.121
291.117
291.115
291.113
291.111
291.109
291.108
291.106
291.105
291.104
291.103
291.102
291.101
291.1
291.098
291.097
291.096
291.095
291.094
291.093
291.092
291.091
291.091
291.091
291.091
291.091
291.093
291.095
291.098
291.103
291.108
291.114
291.122
291.13
291.138
291.147
291.157
291.165
291.174
291.182
291.189
291.195
291.199
291.202
291.205
291.207
)
;

boundaryField
{
    sides
    {
        type            calculated;
        value           nonuniform List<scalar> 2(291.207 6.70745);
    }
    empty
    {
        type            empty;
    }
}


// ************************************************************************* //
