/*--------------------------------*- C++ -*----------------------------------*\
| =========                 |                                                 |
| \\      /  F ield         | OpenFOAM: The Open Source CFD Toolbox           |
|  \\    /   O peration     | Version:  2406                                  |
|   \\  /    A nd           | Website:  www.openfoam.com                      |
|    \\/     M anipulation  |                                                 |
\*---------------------------------------------------------------------------*/
FoamFile
{
    version     2.0;
    format      ascii;
    arch        "LSB;label=32;scalar=64";
    class       volScalarField;
    location    "0.041";
    object      mag(U);
}
// * * * * * * * * * * * * * * * * * * * * * * * * * * * * * * * * * * * * * //

dimensions      [0 1 -1 0 0 0 0];

internalField   nonuniform List<scalar> 
1000
(
17.6638
17.9721
18.3545
18.6689
18.9461
19.2219
19.5045
19.79
20.0754
20.3602
20.6448
20.9294
21.2141
21.4988
21.7835
22.0682
22.3529
22.6376
22.9224
23.2072
23.4919
23.7767
24.0614
24.3462
24.6309
24.9157
25.2005
25.4853
25.7701
26.0549
26.3397
26.6245
26.9093
27.1941
27.4789
27.7636
28.0484
28.3332
28.618
28.9028
29.1876
29.4724
29.7572
30.0419
30.3267
30.6115
30.8962
31.181
31.4657
31.7504
32.0351
32.3198
32.6044
32.8891
33.1737
33.4583
33.743
34.0276
34.3121
34.5967
34.8812
35.1657
35.4501
35.7346
36.019
36.3034
36.5878
36.8722
37.1565
37.4408
37.7251
38.0093
38.2935
38.5777
38.8618
39.1459
39.43
39.714
39.998
40.282
40.5659
40.8498
41.1336
41.4174
41.7012
41.9849
42.2685
42.5521
42.8357
43.1192
43.4026
43.686
43.9694
44.2527
44.5359
44.8191
45.1022
45.3852
45.6682
45.9511
46.2339
46.5167
46.7994
47.0821
47.3646
47.6471
47.9295
48.2118
48.4941
48.7762
49.0583
49.3403
49.6222
49.904
50.1857
50.4673
50.7488
51.0302
51.3115
51.5927
51.8738
52.1548
52.4357
52.7165
52.9971
53.2776
53.558
53.8383
54.1185
54.3985
54.6784
54.9581
55.2377
55.5172
55.7965
56.0757
56.3547
56.6336
56.9123
57.1908
57.4692
57.7474
58.0254
58.3033
58.5809
58.8584
59.1357
59.4128
59.6897
59.9664
60.2429
60.5192
60.7953
61.0712
61.3468
61.6222
61.8973
62.1723
62.4469
62.7214
62.9955
63.2695
63.5431
63.8165
64.0896
64.3624
64.635
64.9072
65.1791
65.4508
65.7221
65.9931
66.2638
66.5342
66.8042
67.0739
67.3432
67.6122
67.8808
68.149
68.4169
68.6844
68.9515
69.2182
69.4844
69.7503
70.0157
70.2807
70.5453
70.8094
71.073
71.3362
71.5988
71.8611
72.123
72.3846
72.6455
72.9057
73.1651
73.4238
73.6819
73.9393
74.1961
74.4524
74.708
74.9629
75.2172
75.4709
75.7239
75.9762
76.2278
76.4787
76.7289
76.9783
77.2269
77.4748
77.7219
77.9682
78.2136
78.4582
78.7019
78.9448
79.1868
79.4278
79.668
79.9072
80.1454
80.3827
80.619
80.8542
81.0885
81.3217
81.5539
81.785
82.015
82.2439
82.4716
82.6983
82.9238
83.1481
83.3712
83.5931
83.8139
84.0333
84.2516
84.4685
84.6842
84.8987
85.1118
85.3236
85.534
85.7432
85.9509
86.1574
86.3624
86.5661
86.7684
86.9693
87.1687
87.3668
87.5635
87.7588
87.9526
88.145
88.336
88.5256
88.7138
88.9005
89.0858
89.2697
89.4522
89.6334
89.8131
89.9914
90.1684
90.344
90.5183
90.6912
90.8628
91.0332
91.2022
91.37
91.5365
91.7018
91.8659
92.0288
92.1906
92.3512
92.5107
92.6692
92.8265
92.9829
93.1382
93.2926
93.446
93.5985
93.7501
93.9009
94.0508
94.1999
94.3483
94.4959
94.6428
94.789
94.9345
95.0794
95.2237
95.3675
95.5107
95.6534
95.7955
95.9373
96.0785
96.2194
96.3598
96.4999
96.6396
96.779
96.9181
97.0569
97.1955
97.3337
97.4718
97.6096
97.7473
97.8847
98.022
98.1591
98.2961
98.4329
98.5696
98.7062
98.8427
98.9792
99.1155
99.2518
99.388
99.5242
99.6603
99.7964
99.9324
100.068
100.204
100.34
100.476
100.612
100.748
100.884
101.02
101.156
101.292
101.428
101.564
101.7
101.836
101.972
102.108
102.244
102.38
102.517
102.653
102.789
102.925
103.061
103.198
103.334
103.47
103.607
103.743
103.88
104.016
104.153
104.289
104.426
104.562
104.699
104.836
104.973
105.109
105.246
105.383
105.52
105.657
105.794
105.931
106.068
106.205
106.342
106.479
106.616
106.754
106.891
107.028
107.165
107.303
107.44
107.578
107.715
107.853
107.99
108.128
108.265
108.403
108.541
108.678
108.816
108.954
109.092
109.23
109.368
109.506
109.644
109.782
109.92
110.058
110.196
110.334
110.472
110.61
110.749
110.887
111.025
111.164
111.302
111.441
111.579
111.718
111.856
111.995
112.134
112.272
112.411
112.55
112.689
112.827
112.966
113.105
113.244
113.383
113.522
113.661
113.8
113.939
114.079
114.218
114.357
114.496
114.636
114.775
114.914
115.054
115.193
115.333
115.472
115.612
115.751
115.891
116.031
116.17
116.31
116.45
116.59
116.73
116.869
117.009
117.149
117.289
117.429
117.569
117.71
117.85
117.99
118.13
118.27
118.411
118.551
118.691
118.832
118.972
119.113
119.253
119.394
119.534
119.675
119.816
119.956
120.097
120.238
120.379
120.519
120.66
120.801
120.942
121.083
121.224
121.365
121.506
121.647
121.788
121.93
122.071
122.212
122.353
122.495
122.636
122.778
122.919
123.06
123.202
123.344
123.485
123.627
123.768
123.91
124.052
124.194
124.335
124.477
124.619
124.761
124.903
125.045
125.187
125.329
125.471
125.613
125.755
125.897
126.04
126.182
126.324
126.466
126.609
126.751
126.894
127.036
127.178
127.321
127.464
127.606
127.749
127.891
128.034
128.177
128.32
128.462
128.605
128.748
128.891
129.034
129.177
129.32
129.463
129.606
129.749
129.892
130.036
130.179
130.322
130.465
130.609
130.752
130.895
131.039
131.182
131.326
131.469
131.613
131.757
131.9
132.044
132.188
132.331
132.475
132.619
132.763
132.907
133.05
133.194
133.338
133.482
133.626
133.77
133.915
134.059
134.203
134.347
134.491
134.636
134.78
134.924
135.069
135.213
135.358
135.502
135.647
135.791
135.936
136.08
136.225
136.37
136.514
136.659
136.804
136.949
137.094
137.239
137.384
137.529
137.674
137.819
137.964
138.109
138.254
138.399
138.544
138.689
138.835
138.98
139.125
139.271
139.416
139.562
139.707
139.853
139.998
140.144
140.289
140.435
140.581
140.726
140.872
141.018
141.164
141.309
141.455
141.601
141.747
141.893
142.039
142.185
142.331
142.477
142.624
142.77
142.916
143.062
143.208
143.355
143.501
143.647
143.794
143.94
144.087
144.233
144.38
144.526
144.673
144.82
144.966
145.113
145.26
145.407
145.553
145.7
145.847
145.994
146.141
146.288
146.435
146.582
146.729
146.876
147.023
147.17
147.318
147.465
147.612
147.759
147.907
148.054
148.201
148.349
148.496
148.644
148.791
148.939
149.086
149.234
149.382
149.529
149.677
149.825
149.973
150.12
150.268
150.416
150.564
150.712
150.86
151.008
151.156
151.304
151.452
151.6
151.749
151.897
152.045
152.193
152.342
152.49
152.638
152.787
152.935
153.083
153.232
153.38
153.529
153.677
153.826
153.975
154.123
154.272
154.421
154.569
154.718
154.867
155.015
155.164
155.313
155.462
155.611
155.759
155.908
156.057
156.206
156.355
156.503
156.652
156.801
156.949
157.098
157.247
157.395
157.544
157.692
157.841
157.989
158.137
158.285
158.433
158.581
158.729
158.876
159.024
159.171
159.318
159.465
159.611
159.758
159.904
160.049
160.195
160.34
160.485
160.629
160.773
160.917
161.06
161.203
161.345
161.487
161.628
161.769
161.909
162.048
162.187
162.325
162.463
162.6
162.736
162.871
163.006
163.14
163.273
163.406
163.537
163.668
163.798
163.927
164.056
164.184
164.311
164.437
164.562
164.687
164.811
164.934
165.057
165.179
165.3
165.421
165.542
165.661
165.781
165.9
166.018
166.137
166.255
166.373
166.491
166.609
166.726
166.844
166.962
167.08
167.199
167.317
167.436
167.556
167.675
167.796
167.916
168.038
168.16
168.282
168.406
168.53
168.655
168.78
168.907
169.034
169.162
169.291
169.421
169.552
169.684
169.816
169.95
170.084
170.219
170.355
170.492
170.63
170.768
170.907
171.048
171.188
171.33
171.473
171.616
171.76
171.904
172.049
172.195
172.341
172.488
172.636
172.784
172.932
173.081
173.231
173.381
173.531
173.682
173.833
173.985
174.137
174.289
174.441
174.594
174.747
174.9
175.054
175.208
175.362
175.516
175.67
175.825
175.98
176.134
176.289
176.444
176.599
176.755
176.91
177.065
177.221
177.376
177.531
177.687
177.842
177.997
178.152
178.307
178.462
178.616
178.77
178.924
179.078
179.231
179.383
179.535
179.686
179.837
179.987
180.135
180.283
180.429
180.574
180.718
180.86
181
181.138
181.275
181.409
181.541
181.67
181.797
181.921
182.043
182.161
182.277
182.39
182.499
182.606
182.71
182.81
182.908
183.003
183.096
183.185
183.273
183.358
183.442
183.524
183.604
183.683
183.762
183.839
183.916
183.993
184.07
184.148
184.226
184.304
184.384
184.465
184.547
184.63
184.715
184.802
184.89
184.979
185.071
185.164
185.259
185.355
185.454
185.554
185.656
185.759
185.865
185.971
186.08
186.189
186.301
186.413
186.528
186.643
186.76
186.878
186.998
187.119
187.241
187.364
187.488
187.613
187.74
187.868
187.996
188.126
188.257
188.389
188.522
188.655
188.79
188.925
189.062
189.199
189.338
189.477
189.617
189.758
189.9
190.042
190.187
190.332
190.479
190.762
)
;

boundaryField
{
    sides
    {
        type            calculated;
        value           nonuniform List<scalar> 2(190.762 17.6638);
    }
    empty
    {
        type            empty;
    }
}


// ************************************************************************* //
