/*--------------------------------*- C++ -*----------------------------------*\
| =========                 |                                                 |
| \\      /  F ield         | OpenFOAM: The Open Source CFD Toolbox           |
|  \\    /   O peration     | Version:  2406                                  |
|   \\  /    A nd           | Website:  www.openfoam.com                      |
|    \\/     M anipulation  |                                                 |
\*---------------------------------------------------------------------------*/
FoamFile
{
    version     2.0;
    format      ascii;
    arch        "LSB;label=32;scalar=64";
    class       volScalarField;
    location    "0.041";
    object      p;
}
// * * * * * * * * * * * * * * * * * * * * * * * * * * * * * * * * * * * * * //

dimensions      [1 -1 -2 0 0 0 0];

internalField   nonuniform List<scalar> 
1000
(
11754.4
11752.9
11750.5
11748.4
11746.6
11744.9
11743.1
11741.2
11739.4
11737.6
11735.8
11734
11732.2
11730.4
11728.6
11726.9
11725.1
11723.3
11721.5
11719.7
11718
11716.2
11714.4
11712.7
11710.9
11709.2
11707.4
11705.7
11703.9
11702.2
11700.4
11698.7
11697
11695.3
11693.5
11691.8
11690.1
11688.4
11686.7
11685
11683.3
11681.6
11679.9
11678.2
11676.5
11674.8
11673.2
11671.5
11669.8
11668.1
11666.5
11664.8
11663.2
11661.5
11659.9
11658.2
11656.6
11655
11653.3
11651.7
11650.1
11648.5
11646.8
11645.2
11643.6
11642
11640.4
11638.8
11637.2
11635.7
11634.1
11632.5
11630.9
11629.4
11627.8
11626.2
11624.7
11623.1
11621.6
11620.1
11618.5
11617
11615.5
11614
11612.4
11610.9
11609.4
11607.9
11606.4
11605
11603.5
11602
11600.5
11599.1
11597.6
11596.2
11594.7
11593.3
11591.9
11590.4
11589
11587.6
11586.2
11584.8
11583.4
11582
11580.6
11579.3
11577.9
11576.5
11575.2
11573.8
11572.5
11571.2
11569.9
11568.5
11567.2
11566
11564.7
11563.4
11562.1
11560.9
11559.6
11558.4
11557.1
11555.9
11554.7
11553.5
11552.3
11551.1
11549.9
11548.7
11547.6
11546.4
11545.3
11544.2
11543.1
11542
11540.9
11539.8
11538.7
11537.7
11536.6
11535.6
11534.6
11533.6
11532.6
11531.6
11530.7
11529.7
11528.8
11527.9
11526.9
11526.1
11525.2
11524.3
11523.5
11522.6
11521.8
11521
11520.3
11519.5
11518.8
11518
11517.3
11516.6
11516
11515.3
11514.7
11514.1
11513.5
11512.9
11512.4
11511.8
11511.3
11510.8
11510.4
11509.9
11509.5
11509.1
11508.8
11508.4
11508.1
11507.8
11507.5
11507.3
11507.1
11506.9
11506.7
11506.6
11506.5
11506.4
11506.4
11506.4
11506.4
11506.4
11506.5
11506.6
11506.8
11507
11507.2
11507.5
11507.8
11508.2
11508.6
11509
11509.5
11510
11510.6
11511.2
11511.9
11512.5
11513.3
11514.1
11514.9
11515.8
11516.7
11517.7
11518.7
11519.8
11520.9
11522.1
11523.3
11524.6
11526
11527.4
11528.9
11530.4
11532
11533.6
11535.4
11537.1
11539
11540.9
11542.9
11544.9
11547
11549.2
11551.4
11553.8
11556.2
11558.6
11561.2
11563.8
11566.5
11569.3
11572.1
11575.1
11578.1
11581.2
11584.3
11587.6
11590.9
11594.4
11597.9
11601.5
11605.2
11608.9
11612.8
11616.7
11620.8
11624.9
11629.1
11633.4
11637.8
11642.2
11646.8
11651.5
11656.2
11661
11665.9
11671
11676
11681.2
11686.5
11691.9
11697.3
11702.8
11708.4
11714.1
11719.9
11725.8
11731.7
11737.7
11743.8
11750
11756.3
11762.6
11769
11775.5
11782
11788.6
11795.3
11802
11808.9
11815.7
11822.7
11829.7
11836.7
11843.8
11851
11858.2
11865.5
11872.8
11880.1
11887.6
11895
11902.5
11910.1
11917.6
11925.3
11932.9
11940.6
11948.3
11956.1
11963.9
11971.7
11979.6
11987.4
11995.3
12003.3
12011.2
12019.2
12027.2
12035.2
12043.3
12051.3
12059.4
12067.5
12075.6
12083.8
12091.9
12100.1
12108.3
12116.5
12124.7
12132.9
12141.1
12149.4
12157.7
12165.9
12174.2
12182.5
12190.8
12199.1
12207.5
12215.8
12224.1
12232.5
12240.9
12249.2
12257.6
12266
12274.4
12282.8
12291.2
12299.6
12308.1
12316.5
12325
12333.4
12341.9
12350.4
12358.8
12367.3
12375.8
12384.3
12392.8
12401.4
12409.9
12418.4
12427
12435.5
12444.1
12452.6
12461.2
12469.8
12478.4
12487
12495.6
12504.2
12512.8
12521.4
12530.1
12538.7
12547.4
12556
12564.7
12573.4
12582
12590.7
12599.4
12608.1
12616.8
12625.5
12634.3
12643
12651.7
12660.5
12669.2
12678
12686.8
12695.5
12704.3
12713.1
12721.9
12730.7
12739.5
12748.4
12757.2
12766
12774.9
12783.7
12792.6
12801.5
12810.4
12819.2
12828.1
12837
12845.9
12854.9
12863.8
12872.7
12881.6
12890.6
12899.5
12908.5
12917.5
12926.5
12935.4
12944.4
12953.4
12962.4
12971.5
12980.5
12989.5
12998.6
13007.6
13016.7
13025.7
13034.8
13043.9
13053
13062
13071.1
13080.3
13089.4
13098.5
13107.6
13116.8
13125.9
13135.1
13144.2
13153.4
13162.6
13171.8
13181
13190.2
13199.4
13208.6
13217.8
13227.1
13236.3
13245.6
13254.8
13264.1
13273.4
13282.7
13292
13301.3
13310.6
13319.9
13329.2
13338.5
13347.9
13357.2
13366.6
13375.9
13385.3
13394.7
13404.1
13413.5
13422.9
13432.3
13441.7
13451.1
13460.6
13470
13479.5
13488.9
13498.4
13507.9
13517.3
13526.8
13536.3
13545.8
13555.4
13564.9
13574.4
13584
13593.5
13603.1
13612.6
13622.2
13631.8
13641.4
13651
13660.6
13670.2
13679.8
13689.5
13699.1
13708.7
13718.4
13728.1
13737.7
13747.4
13757.1
13766.8
13776.5
13786.2
13795.9
13805.7
13815.4
13825.2
13834.9
13844.7
13854.4
13864.2
13874
13883.8
13893.6
13903.4
13913.2
13923.1
13932.9
13942.8
13952.6
13962.5
13972.4
13982.2
13992.1
14002
14011.9
14021.8
14031.8
14041.7
14051.6
14061.6
14071.5
14081.5
14091.5
14101.5
14111.5
14121.4
14131.5
14141.5
14151.5
14161.5
14171.6
14181.6
14191.7
14201.7
14211.8
14221.9
14232
14242.1
14252.2
14262.3
14272.5
14282.6
14292.7
14302.9
14313
14323.2
14333.4
14343.6
14353.8
14364
14374.2
14384.4
14394.6
14404.9
14415.1
14425.4
14435.7
14445.9
14456.2
14466.5
14476.8
14487.1
14497.4
14507.8
14518.1
14528.4
14538.8
14549.1
14559.5
14569.9
14580.3
14590.7
14601.1
14611.5
14621.9
14632.4
14642.8
14653.2
14663.7
14674.2
14684.6
14695.1
14705.6
14716.1
14726.6
14737.2
14747.7
14758.2
14768.8
14779.3
14789.9
14800.5
14811
14821.6
14832.2
14842.9
14853.5
14864.1
14874.7
14885.4
14896
14906.7
14917.4
14928
14938.7
14949.4
14960.1
14970.9
14981.6
14992.3
15003.1
15013.8
15024.6
15035.4
15046.1
15056.9
15067.7
15078.5
15089.4
15100.2
15111
15121.9
15132.7
15143.6
15154.4
15165.3
15176.2
15187.1
15198
15208.9
15219.9
15230.8
15241.7
15252.7
15263.7
15274.6
15285.6
15296.6
15307.6
15318.6
15329.6
15340.7
15351.7
15362.8
15373.8
15384.9
15395.9
15407
15418.1
15429.2
15440.3
15451.5
15462.6
15473.7
15484.9
15496
15507.2
15518.4
15529.6
15540.8
15552
15563.2
15574.4
15585.6
15596.9
15608.1
15619.4
15630.7
15642
15653.2
15664.5
15675.9
15687.2
15698.5
15709.8
15721.2
15732.5
15743.9
15755.3
15766.7
15778.1
15789.5
15800.9
15812.3
15823.7
15835.2
15846.6
15858.1
15869.6
15881.1
15892.6
15904.1
15915.6
15927.1
15938.6
15950.2
15961.7
15973.3
15984.9
15996.5
16008.1
16019.7
16031.3
16042.9
16054.6
16066.2
16077.9
16089.6
16101.3
16113
16124.7
16136.5
16148.2
16160
16171.8
16183.6
16195.4
16207.3
16219.1
16231
16242.9
16254.8
16266.8
16278.7
16290.7
16302.7
16314.8
16326.8
16338.9
16351.1
16363.2
16375.4
16387.7
16399.9
16412.2
16424.6
16437
16449.4
16461.9
16474.4
16487
16499.6
16512.3
16525.1
16537.9
16550.7
16563.7
16576.6
16589.7
16602.8
16616
16629.2
16642.6
16656
16669.5
16683
16696.6
16710.3
16724.1
16738
16751.9
16766
16780.1
16794.3
16808.5
16822.9
16837.3
16851.8
16866.3
16881
16895.7
16910.4
16925.3
16940.1
16955.1
16970.1
16985.1
17000.2
17015.4
17030.6
17045.8
17061
17076.3
17091.5
17106.8
17122.1
17137.5
17152.8
17168.1
17183.4
17198.6
17213.9
17229.1
17244.4
17259.5
17274.7
17289.8
17304.9
17319.9
17334.9
17349.8
17364.7
17379.6
17394.3
17409.1
17423.7
17438.3
17452.9
17467.4
17481.8
17496.2
17510.5
17524.8
17539
17553.2
17567.3
17581.3
17595.3
17609.2
17623.1
17637
17650.8
17664.5
17678.3
17691.9
17705.6
17719.2
17732.7
17746.3
17759.8
17773.2
17786.7
17800.1
17813.5
17826.9
17840.2
17853.5
17866.8
17880.1
17893.4
17906.7
17920
17933.2
17946.4
17959.7
17972.9
17986.1
17999.3
18012.5
18025.8
18039
18052.2
18065.4
18078.6
18091.9
18105.1
18118.3
18131.6
18144.9
18158.1
18171.4
18184.7
18198.1
18211.4
18224.8
18238.2
18251.6
18265
18278.5
18292.1
18305.7
18319.3
18333
18346.7
18360.6
18374.5
18388.5
18402.6
18416.8
18431.1
18445.6
18460.2
18474.9
18489.9
18505
18520.3
18535.8
18551.5
18567.4
18583.6
18600.1
18616.8
18633.7
18651
18668.5
18686.4
18704.5
18722.9
18741.6
18760.6
18779.8
18799.3
18819.1
18839.1
18859.3
18879.7
18900.3
18921
18941.9
18962.9
18984
19005.2
19026.4
19047.7
19068.9
19090.1
19111.3
19132.4
19153.5
19174.4
19195.3
19216.1
19236.7
19257.3
19277.7
19297.9
19318.1
19338.1
19358
19377.7
19397.3
19416.8
19436.1
19455.4
19474.5
19493.4
19512.3
19531
19549.6
19568.2
19586.6
19604.9
19623.1
19641.2
19659.2
19677.1
19695
19712.7
19730.4
19748
19765.4
19782.9
19800.2
19817.5
19834.6
19851.7
19868.8
19885.8
19902.7
19919.5
19936.3
19953
19969.6
19986.2
20002.7
20019.1
20035.5
20051.9
20068
20084.3
20100
)
;

boundaryField
{
    sides
    {
        type            zeroGradient;
    }
    empty
    {
        type            empty;
    }
}


// ************************************************************************* //
