/*--------------------------------*- C++ -*----------------------------------*\
| =========                 |                                                 |
| \\      /  F ield         | OpenFOAM: The Open Source CFD Toolbox           |
|  \\    /   O peration     | Version:  2406                                  |
|   \\  /    A nd           | Website:  www.openfoam.com                      |
|    \\/     M anipulation  |                                                 |
\*---------------------------------------------------------------------------*/
FoamFile
{
    version     2.0;
    format      ascii;
    arch        "LSB;label=32;scalar=64";
    class       surfaceScalarField;
    location    "0.041";
    object      phi;
}
// * * * * * * * * * * * * * * * * * * * * * * * * * * * * * * * * * * * * * //

dimensions      [1 0 -1 0 0 0 0];

oriented        oriented;

internalField   nonuniform List<scalar> 
999
(
15.6427
15.8865
16.1301
16.3736
16.617
16.8603
17.1035
17.3466
17.5896
17.8324
18.075
18.3176
18.5602
18.8026
19.0449
19.287
19.5289
19.7708
20.0125
20.2543
20.4961
20.7377
20.9791
21.2203
21.4612
21.702
21.9427
22.1834
22.4242
22.6651
22.9059
23.1467
23.3874
23.6278
23.8679
24.1076
24.3471
24.5863
24.8254
25.0644
25.3034
25.5426
25.782
26.0217
26.2617
26.502
26.7426
26.9835
27.2245
27.4656
27.7067
27.9478
28.1889
28.43
28.6712
28.9128
29.1547
29.3964
29.6383
29.88
30.1218
30.3635
30.605
30.8466
31.0881
31.3295
31.571
31.8123
32.0535
32.2947
32.5358
32.7769
33.0179
33.2588
33.4997
33.7405
33.9812
34.2218
34.4625
34.7029
34.9434
35.1838
35.4241
35.6643
35.9045
36.1446
36.3846
36.6245
36.8644
37.1042
37.3439
37.5835
37.8231
38.0625
38.3019
38.5413
38.7805
39.0196
39.2587
39.4977
39.7366
39.9754
40.2141
40.4528
40.6913
40.9298
41.1681
41.4064
41.6446
41.8827
42.1207
42.3585
42.5963
42.834
43.0716
43.3091
43.5465
43.7838
44.021
44.2581
44.4951
44.732
44.9687
45.2054
45.4419
45.6783
45.9146
46.1508
46.3869
46.6228
46.8587
47.0944
47.33
47.5654
47.8008
48.036
48.271
48.506
48.7408
48.9754
49.21
49.4443
49.6786
49.9127
50.1466
50.3804
50.6141
50.8476
51.0809
51.3141
51.5472
51.78
52.0127
52.2453
52.4776
52.7098
52.9418
53.1737
53.4053
53.6368
53.8681
54.0992
54.3301
54.5608
54.7914
55.0217
55.2518
55.4817
55.7115
55.941
56.1702
56.3993
56.6282
56.8568
57.0852
57.3134
57.5413
57.769
57.9965
58.2237
58.4507
58.6774
58.9038
59.1301
59.356
59.5817
59.8071
60.0322
60.257
60.4816
60.7059
60.9298
61.1535
61.3768
61.6001
61.8231
62.0456
62.2676
62.4892
62.7105
62.9313
63.1518
63.3718
63.5916
63.8109
64.0299
64.2485
64.4667
64.6845
64.9019
65.1189
65.3355
65.5517
65.7674
65.9827
66.1975
66.4118
66.6257
66.8392
67.0521
67.2645
67.4765
67.688
67.8989
68.1093
68.3192
68.5286
68.7374
68.9456
69.1533
69.3604
69.567
69.773
69.9784
70.1831
70.3873
70.5909
70.7938
70.9961
71.1978
71.3989
71.5992
71.799
71.998
72.1965
72.3942
72.5912
72.7876
72.9832
73.1782
73.3725
73.5661
73.7589
73.9511
74.1425
74.3332
74.5232
74.7124
74.901
75.0888
75.2759
75.4622
75.6479
75.8328
76.017
76.2004
76.3832
76.5652
76.7466
76.9272
77.1071
77.2864
77.4649
77.6428
77.82
77.9966
78.1725
78.3477
78.5224
78.6964
78.8698
79.0426
79.2148
79.3865
79.5576
79.7282
79.8982
80.0677
80.2368
80.4053
80.5734
80.7411
80.9083
81.0751
81.2415
81.4076
81.5733
81.7386
81.9036
82.0683
82.2328
82.3969
82.5608
82.7245
82.8879
83.0512
83.2142
83.3771
83.5398
83.7024
83.8649
84.0272
84.1895
84.3517
84.5138
84.6758
84.8378
84.9998
85.1618
85.3238
85.4857
85.6477
85.8097
85.9718
86.1339
86.296
86.4582
86.6205
86.7829
86.9453
87.1078
87.2705
87.4332
87.596
87.759
87.9221
88.0853
88.2486
88.4121
88.5757
88.7394
88.9033
89.0674
89.2315
89.3959
89.5604
89.725
89.8899
90.0548
90.22
90.3853
90.5508
90.7164
90.8822
91.0482
91.2144
91.3807
91.5472
91.7139
91.8808
92.0478
92.2151
92.3825
92.5501
92.7178
92.8858
93.0539
93.2222
93.3907
93.5594
93.7282
93.8973
94.0665
94.2359
94.4055
94.5753
94.7452
94.9154
95.0857
95.2563
95.427
95.5979
95.7689
95.9402
96.1117
96.2833
96.4552
96.6272
96.7994
96.9718
97.1444
97.3171
97.4901
97.6632
97.8366
98.0101
98.1838
98.3577
98.5318
98.7061
98.8806
99.0553
99.2301
99.4052
99.5804
99.7559
99.9315
100.107
100.283
100.459
100.636
100.812
100.989
101.166
101.343
101.521
101.698
101.876
102.054
102.232
102.41
102.589
102.768
102.946
103.126
103.305
103.484
103.664
103.844
104.024
104.204
104.385
104.565
104.746
104.927
105.109
105.29
105.472
105.653
105.835
106.018
106.2
106.383
106.566
106.749
106.932
107.115
107.299
107.483
107.667
107.851
108.035
108.22
108.405
108.59
108.775
108.96
109.146
109.332
109.518
109.704
109.891
110.077
110.264
110.451
110.638
110.826
111.013
111.201
111.389
111.577
111.766
111.954
112.143
112.332
112.522
112.711
112.901
113.091
113.281
113.471
113.661
113.852
114.043
114.234
114.425
114.617
114.809
115.001
115.193
115.385
115.578
115.77
115.963
116.156
116.35
116.543
116.737
116.931
117.125
117.32
117.514
117.709
117.904
118.099
118.295
118.491
118.686
118.883
119.079
119.275
119.472
119.669
119.866
120.063
120.261
120.459
120.657
120.855
121.053
121.252
121.451
121.65
121.849
122.048
122.248
122.448
122.648
122.848
123.049
123.25
123.451
123.652
123.853
124.055
124.257
124.459
124.661
124.863
125.066
125.269
125.472
125.675
125.879
126.082
126.286
126.491
126.695
126.9
127.104
127.31
127.515
127.72
127.926
128.132
128.338
128.544
128.751
128.958
129.165
129.372
129.579
129.787
129.995
130.203
130.411
130.62
130.829
131.038
131.247
131.456
131.666
131.876
132.086
132.296
132.507
132.718
132.929
133.14
133.351
133.563
133.775
133.987
134.199
134.412
134.625
134.838
135.051
135.264
135.478
135.692
135.906
136.12
136.335
136.55
136.765
136.98
137.196
137.411
137.627
137.843
138.06
138.276
138.493
138.71
138.928
139.145
139.363
139.581
139.799
140.018
140.236
140.455
140.674
140.894
141.113
141.333
141.553
141.773
141.994
142.215
142.436
142.657
142.878
143.1
143.322
143.544
143.767
143.989
144.212
144.435
144.658
144.882
145.106
145.33
145.554
145.779
146.003
146.228
146.453
146.679
146.904
147.13
147.357
147.583
147.809
148.036
148.263
148.491
148.718
148.946
149.174
149.402
149.631
149.86
150.089
150.318
150.547
150.777
151.007
151.237
151.467
151.698
151.929
152.16
152.392
152.623
152.855
153.087
153.319
153.552
153.785
154.018
154.251
154.485
154.719
154.953
155.187
155.421
155.656
155.891
156.126
156.362
156.598
156.834
157.07
157.306
157.543
157.78
158.017
158.255
158.492
158.73
158.968
159.207
159.445
159.684
159.924
160.163
160.403
160.643
160.883
161.123
161.364
161.605
161.846
162.087
162.329
162.571
162.813
163.055
163.298
163.541
163.784
164.027
164.271
164.515
164.759
165.003
165.248
165.493
165.738
165.983
166.229
166.475
166.721
166.967
167.214
167.461
167.708
167.955
168.203
168.451
168.699
168.947
169.196
169.444
169.693
169.943
170.192
170.442
170.692
170.942
171.192
171.443
171.693
171.944
172.195
172.447
172.698
172.95
173.202
173.454
173.706
173.959
174.211
174.464
174.717
174.97
175.223
175.476
175.729
175.982
176.236
176.489
176.743
176.997
177.25
177.504
177.758
178.011
178.265
178.519
178.773
179.026
179.28
179.533
179.787
180.04
180.294
180.547
180.8
181.053
181.306
181.559
181.812
182.065
182.317
182.569
182.822
183.074
183.326
183.578
183.83
184.081
184.333
184.585
184.836
185.088
185.339
185.591
185.842
186.094
186.346
186.597
186.849
187.101
187.353
187.605
187.858
188.111
188.364
188.617
188.871
189.125
189.379
189.634
189.889
190.145
190.401
190.657
190.915
191.172
191.431
191.69
191.949
192.209
192.47
192.732
192.994
193.257
193.52
193.784
194.049
194.315
194.581
194.848
195.116
195.384
195.653
195.923
196.194
196.465
196.737
197.009
197.283
197.557
197.831
198.106
198.382
198.658
198.935
199.213
199.491
199.77
200.049
200.329
200.609
200.89
201.172
201.453
201.736
202.019
202.302
202.586
202.87
203.155
203.44
203.726
204.012
204.298
204.585
204.872
205.159
205.447
205.736
206.024
206.313
206.603
206.893
207.183
207.473
207.764
208.055
208.346
208.638
208.93
209.222
209.514
209.807
210.1
210.394
210.687
210.981
211.275
211.569
211.863
212.157
212.452
212.747
213.041
213.336
213.631
213.925
214.22
214.514
214.808
215.102
215.396
215.689
215.982
216.274
216.566
216.857
217.147
217.437
217.726
218.014
218.301
218.587
218.872
219.156
219.439
219.722
220.002
220.282
220.561
220.839
221.116
221.392
221.667
221.942
222.215
222.489
222.761
223.034
223.306
223.578
223.85
224.122
224.394
224.667
224.94
225.214
225.488
225.763
226.039
226.316
226.594
226.873
227.153
227.434
227.716
227.999
228.283
228.569
228.856
229.143
229.432
229.722
230.014
230.306
230.599
230.894
231.189
231.485
231.783
232.081
232.381
232.681
232.983
233.285
233.588
233.892
234.197
234.503
234.81
235.117
235.426
235.735
236.045
236.356
236.667
236.98
237.293
237.607
237.922
238.237
238.553
238.87
239.188
239.506
239.825
240.145
240.466
240.787
241.109
241.431
241.755
)
;

boundaryField
{
    sides
    {
        type            calculated;
        value           nonuniform List<scalar> 2(242.078 -15.3988);
    }
    empty
    {
        type            empty;
    }
}


// ************************************************************************* //
