/*--------------------------------*- C++ -*----------------------------------*\
| =========                 |                                                 |
| \\      /  F ield         | OpenFOAM: The Open Source CFD Toolbox           |
|  \\    /   O peration     | Version:  2406                                  |
|   \\  /    A nd           | Website:  www.openfoam.com                      |
|    \\/     M anipulation  |                                                 |
\*---------------------------------------------------------------------------*/
FoamFile
{
    version     2.0;
    format      ascii;
    arch        "LSB;label=32;scalar=64";
    class       volScalarField;
    location    "0.041";
    object      T;
}
// * * * * * * * * * * * * * * * * * * * * * * * * * * * * * * * * * * * * * //

dimensions      [0 0 0 1 0 0 0];

internalField   nonuniform List<scalar> 
1000
(
187.428
187.442
187.461
187.482
187.504
187.526
187.548
187.569
187.59
187.612
187.634
187.656
187.677
187.698
187.719
187.74
187.763
187.785
187.807
187.828
187.848
187.868
187.888
187.909
187.931
187.954
187.977
187.999
188.02
188.039
188.057
188.074
188.091
188.109
188.128
188.149
188.171
188.195
188.219
188.243
188.267
188.288
188.308
188.324
188.338
188.348
188.355
188.36
188.364
188.365
188.366
188.367
188.367
188.366
188.365
188.362
188.355
188.349
188.341
188.334
188.327
188.318
188.311
188.304
188.296
188.289
188.281
188.273
188.266
188.258
188.251
188.244
188.236
188.229
188.222
188.214
188.207
188.2
188.192
188.185
188.178
188.171
188.164
188.157
188.149
188.142
188.135
188.128
188.121
188.114
188.107
188.1
188.093
188.087
188.08
188.073
188.066
188.059
188.053
188.046
188.039
188.033
188.026
188.019
188.013
188.006
188
187.993
187.987
187.981
187.974
187.968
187.962
187.955
187.949
187.943
187.937
187.931
187.925
187.919
187.912
187.907
187.901
187.895
187.889
187.883
187.877
187.872
187.866
187.86
187.855
187.849
187.844
187.838
187.833
187.828
187.823
187.817
187.812
187.807
187.802
187.797
187.792
187.787
187.782
187.778
187.773
187.768
187.764
187.759
187.755
187.75
187.746
187.742
187.738
187.734
187.73
187.726
187.722
187.718
187.714
187.711
187.707
187.704
187.7
187.697
187.694
187.691
187.688
187.685
187.682
187.679
187.676
187.674
187.671
187.669
187.667
187.665
187.663
187.661
187.659
187.657
187.656
187.654
187.653
187.652
187.651
187.65
187.649
187.648
187.648
187.647
187.647
187.647
187.647
187.647
187.647
187.648
187.649
187.65
187.651
187.652
187.653
187.655
187.657
187.659
187.661
187.663
187.666
187.669
187.672
187.675
187.678
187.682
187.685
187.689
187.694
187.698
187.703
187.708
187.713
187.719
187.724
187.73
187.737
187.743
187.75
187.757
187.764
187.772
187.78
187.788
187.797
187.806
187.815
187.824
187.834
187.844
187.854
187.865
187.876
187.888
187.9
187.912
187.924
187.937
187.95
187.964
187.978
187.992
188.007
188.022
188.038
188.053
188.07
188.086
188.103
188.121
188.139
188.157
188.176
188.195
188.214
188.234
188.254
188.275
188.296
188.318
188.339
188.362
188.385
188.408
188.431
188.455
188.479
188.504
188.529
188.555
188.58
188.607
188.633
188.66
188.688
188.715
188.743
188.772
188.8
188.83
188.859
188.889
188.919
188.949
188.98
189.01
189.042
189.073
189.105
189.137
189.169
189.202
189.234
189.267
189.3
189.334
189.367
189.401
189.435
189.469
189.504
189.538
189.573
189.608
189.643
189.678
189.713
189.748
189.784
189.819
189.855
189.891
189.927
189.963
189.999
190.035
190.071
190.108
190.144
190.181
190.217
190.254
190.29
190.327
190.364
190.401
190.438
190.474
190.511
190.548
190.585
190.623
190.66
190.697
190.734
190.771
190.808
190.846
190.883
190.92
190.957
190.995
191.032
191.07
191.107
191.144
191.182
191.219
191.257
191.294
191.332
191.369
191.407
191.445
191.482
191.52
191.557
191.595
191.633
191.67
191.708
191.746
191.784
191.821
191.859
191.897
191.935
191.972
192.01
192.048
192.086
192.124
192.162
192.2
192.238
192.275
192.313
192.351
192.389
192.427
192.465
192.503
192.541
192.579
192.617
192.656
192.694
192.732
192.77
192.808
192.846
192.884
192.922
192.961
192.999
193.037
193.075
193.114
193.152
193.19
193.228
193.267
193.305
193.343
193.382
193.42
193.458
193.497
193.535
193.574
193.612
193.651
193.689
193.728
193.766
193.805
193.843
193.882
193.92
193.959
193.997
194.036
194.075
194.113
194.152
194.191
194.229
194.268
194.307
194.345
194.384
194.423
194.462
194.5
194.539
194.578
194.617
194.656
194.694
194.733
194.772
194.811
194.85
194.889
194.928
194.967
195.006
195.045
195.084
195.123
195.162
195.201
195.24
195.279
195.318
195.357
195.396
195.435
195.474
195.514
195.553
195.592
195.631
195.67
195.71
195.749
195.788
195.827
195.867
195.906
195.945
195.985
196.024
196.063
196.103
196.142
196.181
196.221
196.26
196.3
196.339
196.379
196.418
196.458
196.497
196.537
196.576
196.616
196.655
196.695
196.735
196.774
196.814
196.853
196.893
196.933
196.972
197.012
197.052
197.092
197.131
197.171
197.211
197.251
197.29
197.33
197.37
197.41
197.45
197.49
197.53
197.57
197.609
197.649
197.689
197.729
197.769
197.809
197.849
197.889
197.929
197.969
198.009
198.05
198.09
198.13
198.17
198.21
198.25
198.29
198.33
198.371
198.411
198.451
198.491
198.532
198.572
198.612
198.652
198.693
198.733
198.773
198.814
198.854
198.894
198.935
198.975
199.016
199.056
199.097
199.137
199.178
199.218
199.259
199.299
199.34
199.38
199.421
199.461
199.502
199.543
199.583
199.624
199.664
199.705
199.746
199.787
199.827
199.868
199.909
199.949
199.99
200.031
200.072
200.113
200.153
200.194
200.235
200.276
200.317
200.358
200.399
200.44
200.481
200.522
200.563
200.604
200.645
200.686
200.727
200.768
200.809
200.85
200.891
200.932
200.973
201.014
201.055
201.097
201.138
201.179
201.22
201.261
201.303
201.344
201.385
201.427
201.468
201.509
201.55
201.592
201.633
201.675
201.716
201.757
201.799
201.84
201.882
201.923
201.964
202.006
202.047
202.089
202.13
202.172
202.214
202.255
202.297
202.338
202.38
202.422
202.463
202.505
202.547
202.588
202.63
202.672
202.713
202.755
202.797
202.839
202.88
202.922
202.964
203.006
203.048
203.089
203.131
203.173
203.215
203.257
203.299
203.341
203.383
203.425
203.467
203.509
203.551
203.593
203.635
203.677
203.719
203.761
203.803
203.845
203.887
203.93
203.972
204.014
204.056
204.098
204.141
204.183
204.225
204.267
204.31
204.352
204.394
204.436
204.479
204.521
204.563
204.606
204.648
204.691
204.733
204.775
204.818
204.86
204.903
204.945
204.988
205.03
205.073
205.115
205.158
205.201
205.243
205.286
205.328
205.371
205.414
205.456
205.499
205.542
205.585
205.627
205.67
205.713
205.756
205.798
205.841
205.884
205.927
205.97
206.013
206.055
206.098
206.141
206.184
206.227
206.27
206.313
206.356
206.399
206.442
206.485
206.529
206.572
206.615
206.658
206.702
206.744
206.788
206.831
206.875
206.918
206.962
207.004
207.049
207.091
207.137
207.179
207.224
207.266
207.312
207.354
207.4
207.442
207.489
207.53
207.578
207.618
207.668
207.707
207.758
207.797
207.848
207.886
207.94
207.977
208.031
208.068
208.124
208.159
208.217
208.252
208.311
208.345
208.406
208.439
208.501
208.534
208.598
208.63
208.695
208.727
208.793
208.826
208.892
208.925
208.992
209.025
209.093
209.127
209.195
209.229
209.298
209.333
209.402
209.437
209.507
209.542
209.612
209.648
209.719
209.754
209.826
209.861
209.933
209.969
210.041
210.077
210.149
210.185
210.257
210.293
210.365
210.401
210.473
210.509
210.581
210.616
210.688
210.724
210.795
210.83
210.901
210.936
211.006
211.041
211.111
211.146
211.215
211.249
211.318
211.352
211.42
211.453
211.521
211.554
211.621
211.654
211.72
211.753
211.819
211.851
211.916
211.948
212.013
212.045
212.109
212.141
212.204
212.235
212.298
212.33
212.392
212.423
212.486
212.517
212.578
212.609
212.671
212.701
212.763
212.793
212.854
212.884
212.945
212.975
213.036
213.066
213.127
213.157
213.217
213.247
213.307
213.337
213.397
213.427
213.487
213.517
213.577
213.607
213.667
213.697
213.757
213.787
213.847
213.877
213.937
213.967
214.027
214.057
214.117
214.147
214.207
214.238
214.298
214.329
214.39
214.42
214.482
214.512
214.574
214.606
214.668
214.7
214.763
214.795
214.86
214.892
214.958
214.992
215.059
215.093
215.162
215.197
215.268
215.304
215.377
215.414
215.489
215.527
215.605
215.645
215.724
215.765
215.848
215.89
215.974
216.018
216.104
216.148
216.237
216.282
216.372
216.418
216.509
216.555
216.647
216.693
216.785
216.832
216.923
216.97
217.061
217.108
217.198
217.245
217.334
217.38
217.468
217.513
217.6
217.645
217.73
217.774
217.859
217.902
217.985
218.027
218.11
218.151
218.233
218.274
218.354
218.394
218.473
218.513
218.591
218.63
218.708
218.746
218.823
218.861
218.936
218.974
219.049
219.086
219.16
219.197
219.27
219.307
219.379
219.415
219.487
219.523
219.594
219.63
219.7
219.735
219.805
219.84
219.909
219.944
220.013
220.046
220.122
220.14
220.243
)
;

boundaryField
{
    sides
    {
        type            zeroGradient;
    }
    empty
    {
        type            empty;
    }
}


// ************************************************************************* //
