/*--------------------------------*- C++ -*----------------------------------*\
| =========                 |                                                 |
| \\      /  F ield         | OpenFOAM: The Open Source CFD Toolbox           |
|  \\    /   O peration     | Version:  2406                                  |
|   \\  /    A nd           | Website:  www.openfoam.com                      |
|    \\/     M anipulation  |                                                 |
\*---------------------------------------------------------------------------*/
FoamFile
{
    version     2.0;
    format      ascii;
    arch        "LSB;label=32;scalar=64";
    class       volVectorField;
    location    "0.041";
    object      U;
}
// * * * * * * * * * * * * * * * * * * * * * * * * * * * * * * * * * * * * * //

dimensions      [0 1 -1 0 0 0 0];

internalField   nonuniform List<vector> 
1000
(
(17.6638 0 0)
(17.9721 0 0)
(18.3545 0 0)
(18.6689 0 0)
(18.9461 0 0)
(19.2219 0 0)
(19.5045 0 0)
(19.79 0 0)
(20.0754 0 0)
(20.3602 0 0)
(20.6448 0 0)
(20.9294 0 0)
(21.2141 0 0)
(21.4988 0 0)
(21.7835 0 0)
(22.0682 0 0)
(22.3529 0 0)
(22.6376 0 0)
(22.9224 0 0)
(23.2072 0 0)
(23.4919 0 0)
(23.7767 0 0)
(24.0614 0 0)
(24.3462 0 0)
(24.6309 0 0)
(24.9157 0 0)
(25.2005 0 0)
(25.4853 0 0)
(25.7701 0 0)
(26.0549 0 0)
(26.3397 0 0)
(26.6245 0 0)
(26.9093 0 0)
(27.1941 0 0)
(27.4789 0 0)
(27.7636 0 0)
(28.0484 0 0)
(28.3332 0 0)
(28.618 0 0)
(28.9028 0 0)
(29.1876 0 0)
(29.4724 0 0)
(29.7572 0 0)
(30.0419 0 0)
(30.3267 0 0)
(30.6115 0 0)
(30.8962 0 0)
(31.181 0 0)
(31.4657 0 0)
(31.7504 0 0)
(32.0351 0 0)
(32.3198 0 0)
(32.6044 0 0)
(32.8891 0 0)
(33.1737 0 0)
(33.4583 0 0)
(33.743 0 0)
(34.0276 0 0)
(34.3121 0 0)
(34.5967 0 0)
(34.8812 0 0)
(35.1657 0 0)
(35.4501 0 0)
(35.7346 0 0)
(36.019 0 0)
(36.3034 0 0)
(36.5878 0 0)
(36.8722 0 0)
(37.1565 0 0)
(37.4408 0 0)
(37.7251 0 0)
(38.0093 0 0)
(38.2935 0 0)
(38.5777 0 0)
(38.8618 0 0)
(39.1459 0 0)
(39.43 0 0)
(39.714 0 0)
(39.998 0 0)
(40.282 0 0)
(40.5659 0 0)
(40.8498 0 0)
(41.1336 0 0)
(41.4174 0 0)
(41.7012 0 0)
(41.9849 0 0)
(42.2685 0 0)
(42.5521 0 0)
(42.8357 0 0)
(43.1192 0 0)
(43.4026 0 0)
(43.686 0 0)
(43.9694 0 0)
(44.2527 0 0)
(44.5359 0 0)
(44.8191 0 0)
(45.1022 0 0)
(45.3852 0 0)
(45.6682 0 0)
(45.9511 0 0)
(46.2339 0 0)
(46.5167 0 0)
(46.7994 0 0)
(47.0821 0 0)
(47.3646 0 0)
(47.6471 0 0)
(47.9295 0 0)
(48.2118 0 0)
(48.4941 0 0)
(48.7762 0 0)
(49.0583 0 0)
(49.3403 0 0)
(49.6222 0 0)
(49.904 0 0)
(50.1857 0 0)
(50.4673 0 0)
(50.7488 0 0)
(51.0302 0 0)
(51.3115 0 0)
(51.5927 0 0)
(51.8738 0 0)
(52.1548 0 0)
(52.4357 0 0)
(52.7165 0 0)
(52.9971 0 0)
(53.2776 0 0)
(53.558 0 0)
(53.8383 0 0)
(54.1185 0 0)
(54.3985 0 0)
(54.6784 0 0)
(54.9581 0 0)
(55.2377 0 0)
(55.5172 0 0)
(55.7965 0 0)
(56.0757 0 0)
(56.3547 0 0)
(56.6336 0 0)
(56.9123 0 0)
(57.1908 0 0)
(57.4692 0 0)
(57.7474 0 0)
(58.0254 0 0)
(58.3033 0 0)
(58.5809 0 0)
(58.8584 0 0)
(59.1357 0 0)
(59.4128 0 0)
(59.6897 0 0)
(59.9664 0 0)
(60.2429 0 0)
(60.5192 0 0)
(60.7953 0 0)
(61.0712 0 0)
(61.3468 0 0)
(61.6222 0 0)
(61.8973 0 0)
(62.1723 0 0)
(62.4469 0 0)
(62.7214 0 0)
(62.9955 0 0)
(63.2695 0 0)
(63.5431 0 0)
(63.8165 0 0)
(64.0896 0 0)
(64.3624 0 0)
(64.635 0 0)
(64.9072 0 0)
(65.1791 0 0)
(65.4508 0 0)
(65.7221 0 0)
(65.9931 0 0)
(66.2638 0 0)
(66.5342 0 0)
(66.8042 0 0)
(67.0739 0 0)
(67.3432 0 0)
(67.6122 0 0)
(67.8808 0 0)
(68.149 0 0)
(68.4169 0 0)
(68.6844 0 0)
(68.9515 0 0)
(69.2182 0 0)
(69.4844 0 0)
(69.7503 0 0)
(70.0157 0 0)
(70.2807 0 0)
(70.5453 0 0)
(70.8094 0 0)
(71.073 0 0)
(71.3362 0 0)
(71.5988 0 0)
(71.8611 0 0)
(72.123 0 0)
(72.3846 0 0)
(72.6455 0 0)
(72.9057 0 0)
(73.1651 0 0)
(73.4238 0 0)
(73.6819 0 0)
(73.9393 0 0)
(74.1961 0 0)
(74.4524 0 0)
(74.708 0 0)
(74.9629 0 0)
(75.2172 0 0)
(75.4709 0 0)
(75.7239 0 0)
(75.9762 0 0)
(76.2278 0 0)
(76.4787 0 0)
(76.7289 0 0)
(76.9783 0 0)
(77.2269 0 0)
(77.4748 0 0)
(77.7219 0 0)
(77.9682 0 0)
(78.2136 0 0)
(78.4582 0 0)
(78.7019 0 0)
(78.9448 0 0)
(79.1868 0 0)
(79.4278 0 0)
(79.668 0 0)
(79.9072 0 0)
(80.1454 0 0)
(80.3827 0 0)
(80.619 0 0)
(80.8542 0 0)
(81.0885 0 0)
(81.3217 0 0)
(81.5539 0 0)
(81.785 0 0)
(82.015 0 0)
(82.2439 0 0)
(82.4716 0 0)
(82.6983 0 0)
(82.9238 0 0)
(83.1481 0 0)
(83.3712 0 0)
(83.5931 0 0)
(83.8139 0 0)
(84.0333 0 0)
(84.2516 0 0)
(84.4685 0 0)
(84.6842 0 0)
(84.8987 0 0)
(85.1118 0 0)
(85.3236 0 0)
(85.534 0 0)
(85.7432 0 0)
(85.9509 0 0)
(86.1574 0 0)
(86.3624 0 0)
(86.5661 0 0)
(86.7684 0 0)
(86.9693 0 0)
(87.1687 0 0)
(87.3668 0 0)
(87.5635 0 0)
(87.7588 0 0)
(87.9526 0 0)
(88.145 0 0)
(88.336 0 0)
(88.5256 0 0)
(88.7138 0 0)
(88.9005 0 0)
(89.0858 0 0)
(89.2697 0 0)
(89.4522 0 0)
(89.6334 0 0)
(89.8131 0 0)
(89.9914 0 0)
(90.1684 0 0)
(90.344 0 0)
(90.5183 0 0)
(90.6912 0 0)
(90.8628 0 0)
(91.0332 0 0)
(91.2022 0 0)
(91.37 0 0)
(91.5365 0 0)
(91.7018 0 0)
(91.8659 0 0)
(92.0288 0 0)
(92.1906 0 0)
(92.3512 0 0)
(92.5107 0 0)
(92.6692 0 0)
(92.8265 0 0)
(92.9829 0 0)
(93.1382 0 0)
(93.2926 0 0)
(93.446 0 0)
(93.5985 0 0)
(93.7501 0 0)
(93.9009 0 0)
(94.0508 0 0)
(94.1999 0 0)
(94.3483 0 0)
(94.4959 0 0)
(94.6428 0 0)
(94.789 0 0)
(94.9345 0 0)
(95.0794 0 0)
(95.2237 0 0)
(95.3675 0 0)
(95.5107 0 0)
(95.6534 0 0)
(95.7955 0 0)
(95.9373 0 0)
(96.0785 0 0)
(96.2194 0 0)
(96.3598 0 0)
(96.4999 0 0)
(96.6396 0 0)
(96.779 0 0)
(96.9181 0 0)
(97.0569 0 0)
(97.1955 0 0)
(97.3337 0 0)
(97.4718 0 0)
(97.6096 0 0)
(97.7473 0 0)
(97.8847 0 0)
(98.022 0 0)
(98.1591 0 0)
(98.2961 0 0)
(98.4329 0 0)
(98.5696 0 0)
(98.7062 0 0)
(98.8427 0 0)
(98.9792 0 0)
(99.1155 0 0)
(99.2518 0 0)
(99.388 0 0)
(99.5242 0 0)
(99.6603 0 0)
(99.7964 0 0)
(99.9324 0 0)
(100.068 0 0)
(100.204 0 0)
(100.34 0 0)
(100.476 0 0)
(100.612 0 0)
(100.748 0 0)
(100.884 0 0)
(101.02 0 0)
(101.156 0 0)
(101.292 0 0)
(101.428 0 0)
(101.564 0 0)
(101.7 0 0)
(101.836 0 0)
(101.972 0 0)
(102.108 0 0)
(102.244 0 0)
(102.38 0 0)
(102.517 0 0)
(102.653 0 0)
(102.789 0 0)
(102.925 0 0)
(103.061 0 0)
(103.198 0 0)
(103.334 0 0)
(103.47 0 0)
(103.607 0 0)
(103.743 0 0)
(103.88 0 0)
(104.016 0 0)
(104.153 0 0)
(104.289 0 0)
(104.426 0 0)
(104.562 0 0)
(104.699 0 0)
(104.836 0 0)
(104.973 0 0)
(105.109 0 0)
(105.246 0 0)
(105.383 0 0)
(105.52 0 0)
(105.657 0 0)
(105.794 0 0)
(105.931 0 0)
(106.068 0 0)
(106.205 0 0)
(106.342 0 0)
(106.479 0 0)
(106.616 0 0)
(106.754 0 0)
(106.891 0 0)
(107.028 0 0)
(107.165 0 0)
(107.303 0 0)
(107.44 0 0)
(107.578 0 0)
(107.715 0 0)
(107.853 0 0)
(107.99 0 0)
(108.128 0 0)
(108.265 0 0)
(108.403 0 0)
(108.541 0 0)
(108.678 0 0)
(108.816 0 0)
(108.954 0 0)
(109.092 0 0)
(109.23 0 0)
(109.368 0 0)
(109.506 0 0)
(109.644 0 0)
(109.782 0 0)
(109.92 0 0)
(110.058 0 0)
(110.196 0 0)
(110.334 0 0)
(110.472 0 0)
(110.61 0 0)
(110.749 0 0)
(110.887 0 0)
(111.025 0 0)
(111.164 0 0)
(111.302 0 0)
(111.441 0 0)
(111.579 0 0)
(111.718 0 0)
(111.856 0 0)
(111.995 0 0)
(112.134 0 0)
(112.272 0 0)
(112.411 0 0)
(112.55 0 0)
(112.689 0 0)
(112.827 0 0)
(112.966 0 0)
(113.105 0 0)
(113.244 0 0)
(113.383 0 0)
(113.522 0 0)
(113.661 0 0)
(113.8 0 0)
(113.939 0 0)
(114.079 0 0)
(114.218 0 0)
(114.357 0 0)
(114.496 0 0)
(114.636 0 0)
(114.775 0 0)
(114.914 0 0)
(115.054 0 0)
(115.193 0 0)
(115.333 0 0)
(115.472 0 0)
(115.612 0 0)
(115.751 0 0)
(115.891 0 0)
(116.031 0 0)
(116.17 0 0)
(116.31 0 0)
(116.45 0 0)
(116.59 0 0)
(116.73 0 0)
(116.869 0 0)
(117.009 0 0)
(117.149 0 0)
(117.289 0 0)
(117.429 0 0)
(117.569 0 0)
(117.71 0 0)
(117.85 0 0)
(117.99 0 0)
(118.13 0 0)
(118.27 0 0)
(118.411 0 0)
(118.551 0 0)
(118.691 0 0)
(118.832 0 0)
(118.972 0 0)
(119.113 0 0)
(119.253 0 0)
(119.394 0 0)
(119.534 0 0)
(119.675 0 0)
(119.816 0 0)
(119.956 0 0)
(120.097 0 0)
(120.238 0 0)
(120.379 0 0)
(120.519 0 0)
(120.66 0 0)
(120.801 0 0)
(120.942 0 0)
(121.083 0 0)
(121.224 0 0)
(121.365 0 0)
(121.506 0 0)
(121.647 0 0)
(121.788 0 0)
(121.93 0 0)
(122.071 0 0)
(122.212 0 0)
(122.353 0 0)
(122.495 0 0)
(122.636 0 0)
(122.778 0 0)
(122.919 0 0)
(123.06 0 0)
(123.202 0 0)
(123.344 0 0)
(123.485 0 0)
(123.627 0 0)
(123.768 0 0)
(123.91 0 0)
(124.052 0 0)
(124.194 0 0)
(124.335 0 0)
(124.477 0 0)
(124.619 0 0)
(124.761 0 0)
(124.903 0 0)
(125.045 0 0)
(125.187 0 0)
(125.329 0 0)
(125.471 0 0)
(125.613 0 0)
(125.755 0 0)
(125.897 0 0)
(126.04 0 0)
(126.182 0 0)
(126.324 0 0)
(126.466 0 0)
(126.609 0 0)
(126.751 0 0)
(126.894 0 0)
(127.036 0 0)
(127.178 0 0)
(127.321 0 0)
(127.464 0 0)
(127.606 0 0)
(127.749 0 0)
(127.891 0 0)
(128.034 0 0)
(128.177 0 0)
(128.32 0 0)
(128.462 0 0)
(128.605 0 0)
(128.748 0 0)
(128.891 0 0)
(129.034 0 0)
(129.177 0 0)
(129.32 0 0)
(129.463 0 0)
(129.606 0 0)
(129.749 0 0)
(129.892 0 0)
(130.036 0 0)
(130.179 0 0)
(130.322 0 0)
(130.465 0 0)
(130.609 0 0)
(130.752 0 0)
(130.895 0 0)
(131.039 0 0)
(131.182 0 0)
(131.326 0 0)
(131.469 0 0)
(131.613 0 0)
(131.757 0 0)
(131.9 0 0)
(132.044 0 0)
(132.188 0 0)
(132.331 0 0)
(132.475 0 0)
(132.619 0 0)
(132.763 0 0)
(132.907 0 0)
(133.05 0 0)
(133.194 0 0)
(133.338 0 0)
(133.482 0 0)
(133.626 0 0)
(133.77 0 0)
(133.915 0 0)
(134.059 0 0)
(134.203 0 0)
(134.347 0 0)
(134.491 0 0)
(134.636 0 0)
(134.78 0 0)
(134.924 0 0)
(135.069 0 0)
(135.213 0 0)
(135.358 0 0)
(135.502 0 0)
(135.647 0 0)
(135.791 0 0)
(135.936 0 0)
(136.08 0 0)
(136.225 0 0)
(136.37 0 0)
(136.514 0 0)
(136.659 0 0)
(136.804 0 0)
(136.949 0 0)
(137.094 0 0)
(137.239 0 0)
(137.384 0 0)
(137.529 0 0)
(137.674 0 0)
(137.819 0 0)
(137.964 0 0)
(138.109 0 0)
(138.254 0 0)
(138.399 0 0)
(138.544 0 0)
(138.689 0 0)
(138.835 0 0)
(138.98 0 0)
(139.125 0 0)
(139.271 0 0)
(139.416 0 0)
(139.562 0 0)
(139.707 0 0)
(139.853 0 0)
(139.998 0 0)
(140.144 0 0)
(140.289 0 0)
(140.435 0 0)
(140.581 0 0)
(140.726 0 0)
(140.872 0 0)
(141.018 0 0)
(141.164 0 0)
(141.309 0 0)
(141.455 0 0)
(141.601 0 0)
(141.747 0 0)
(141.893 0 0)
(142.039 0 0)
(142.185 0 0)
(142.331 0 0)
(142.477 0 0)
(142.624 0 0)
(142.77 0 0)
(142.916 0 0)
(143.062 0 0)
(143.208 0 0)
(143.355 0 0)
(143.501 0 0)
(143.647 0 0)
(143.794 0 0)
(143.94 0 0)
(144.087 0 0)
(144.233 0 0)
(144.38 0 0)
(144.526 0 0)
(144.673 0 0)
(144.82 0 0)
(144.966 0 0)
(145.113 0 0)
(145.26 0 0)
(145.407 0 0)
(145.553 0 0)
(145.7 0 0)
(145.847 0 0)
(145.994 0 0)
(146.141 0 0)
(146.288 0 0)
(146.435 0 0)
(146.582 0 0)
(146.729 0 0)
(146.876 0 0)
(147.023 0 0)
(147.17 0 0)
(147.318 0 0)
(147.465 0 0)
(147.612 0 0)
(147.759 0 0)
(147.907 0 0)
(148.054 0 0)
(148.201 0 0)
(148.349 0 0)
(148.496 0 0)
(148.644 0 0)
(148.791 0 0)
(148.939 0 0)
(149.086 0 0)
(149.234 0 0)
(149.382 0 0)
(149.529 0 0)
(149.677 0 0)
(149.825 0 0)
(149.973 0 0)
(150.12 0 0)
(150.268 0 0)
(150.416 0 0)
(150.564 0 0)
(150.712 0 0)
(150.86 0 0)
(151.008 0 0)
(151.156 0 0)
(151.304 0 0)
(151.452 0 0)
(151.6 0 0)
(151.749 0 0)
(151.897 0 0)
(152.045 0 0)
(152.193 0 0)
(152.342 0 0)
(152.49 0 0)
(152.638 0 0)
(152.787 0 0)
(152.935 0 0)
(153.083 0 0)
(153.232 0 0)
(153.38 0 0)
(153.529 0 0)
(153.677 0 0)
(153.826 0 0)
(153.975 0 0)
(154.123 0 0)
(154.272 0 0)
(154.421 0 0)
(154.569 0 0)
(154.718 0 0)
(154.867 0 0)
(155.015 0 0)
(155.164 0 0)
(155.313 0 0)
(155.462 0 0)
(155.611 0 0)
(155.759 0 0)
(155.908 0 0)
(156.057 0 0)
(156.206 0 0)
(156.355 0 0)
(156.503 0 0)
(156.652 0 0)
(156.801 0 0)
(156.949 0 0)
(157.098 0 0)
(157.247 0 0)
(157.395 0 0)
(157.544 0 0)
(157.692 0 0)
(157.841 0 0)
(157.989 0 0)
(158.137 0 0)
(158.285 0 0)
(158.433 0 0)
(158.581 0 0)
(158.729 0 0)
(158.876 0 0)
(159.024 0 0)
(159.171 0 0)
(159.318 0 0)
(159.465 0 0)
(159.611 0 0)
(159.758 0 0)
(159.904 0 0)
(160.049 0 0)
(160.195 0 0)
(160.34 0 0)
(160.485 0 0)
(160.629 0 0)
(160.773 0 0)
(160.917 0 0)
(161.06 0 0)
(161.203 0 0)
(161.345 0 0)
(161.487 0 0)
(161.628 0 0)
(161.769 0 0)
(161.909 0 0)
(162.048 0 0)
(162.187 0 0)
(162.325 0 0)
(162.463 0 0)
(162.6 0 0)
(162.736 0 0)
(162.871 0 0)
(163.006 0 0)
(163.14 0 0)
(163.273 0 0)
(163.406 0 0)
(163.537 0 0)
(163.668 0 0)
(163.798 0 0)
(163.927 0 0)
(164.056 0 0)
(164.184 0 0)
(164.311 0 0)
(164.437 0 0)
(164.562 0 0)
(164.687 0 0)
(164.811 0 0)
(164.934 0 0)
(165.057 0 0)
(165.179 0 0)
(165.3 0 0)
(165.421 0 0)
(165.542 0 0)
(165.661 0 0)
(165.781 0 0)
(165.9 0 0)
(166.018 0 0)
(166.137 0 0)
(166.255 0 0)
(166.373 0 0)
(166.491 0 0)
(166.609 0 0)
(166.726 0 0)
(166.844 0 0)
(166.962 0 0)
(167.08 0 0)
(167.199 0 0)
(167.317 0 0)
(167.436 0 0)
(167.556 0 0)
(167.675 0 0)
(167.796 0 0)
(167.916 0 0)
(168.038 0 0)
(168.16 0 0)
(168.282 0 0)
(168.406 0 0)
(168.53 0 0)
(168.655 0 0)
(168.78 0 0)
(168.907 0 0)
(169.034 0 0)
(169.162 0 0)
(169.291 0 0)
(169.421 0 0)
(169.552 0 0)
(169.684 0 0)
(169.816 0 0)
(169.95 0 0)
(170.084 0 0)
(170.219 0 0)
(170.355 0 0)
(170.492 0 0)
(170.63 0 0)
(170.768 0 0)
(170.907 0 0)
(171.048 0 0)
(171.188 0 0)
(171.33 0 0)
(171.473 0 0)
(171.616 0 0)
(171.76 0 0)
(171.904 0 0)
(172.049 0 0)
(172.195 0 0)
(172.341 0 0)
(172.488 0 0)
(172.636 0 0)
(172.784 0 0)
(172.932 0 0)
(173.081 0 0)
(173.231 0 0)
(173.381 0 0)
(173.531 0 0)
(173.682 0 0)
(173.833 0 0)
(173.985 0 0)
(174.137 0 0)
(174.289 0 0)
(174.441 0 0)
(174.594 0 0)
(174.747 0 0)
(174.9 0 0)
(175.054 0 0)
(175.208 0 0)
(175.362 0 0)
(175.516 0 0)
(175.67 0 0)
(175.825 0 0)
(175.98 0 0)
(176.134 0 0)
(176.289 0 0)
(176.444 0 0)
(176.599 0 0)
(176.755 0 0)
(176.91 0 0)
(177.065 0 0)
(177.221 0 0)
(177.376 0 0)
(177.531 0 0)
(177.687 0 0)
(177.842 0 0)
(177.997 0 0)
(178.152 0 0)
(178.307 0 0)
(178.462 0 0)
(178.616 0 0)
(178.77 0 0)
(178.924 0 0)
(179.078 0 0)
(179.231 0 0)
(179.383 0 0)
(179.535 0 0)
(179.686 0 0)
(179.837 0 0)
(179.987 0 0)
(180.135 0 0)
(180.283 0 0)
(180.429 0 0)
(180.574 0 0)
(180.718 0 0)
(180.86 0 0)
(181 0 0)
(181.138 0 0)
(181.275 0 0)
(181.409 0 0)
(181.541 0 0)
(181.67 0 0)
(181.797 0 0)
(181.921 0 0)
(182.043 0 0)
(182.161 0 0)
(182.277 0 0)
(182.39 0 0)
(182.499 0 0)
(182.606 0 0)
(182.71 0 0)
(182.81 0 0)
(182.908 0 0)
(183.003 0 0)
(183.096 0 0)
(183.185 0 0)
(183.273 0 0)
(183.358 0 0)
(183.442 0 0)
(183.524 0 0)
(183.604 0 0)
(183.683 0 0)
(183.762 0 0)
(183.839 0 0)
(183.916 0 0)
(183.993 0 0)
(184.07 0 0)
(184.148 0 0)
(184.226 0 0)
(184.304 0 0)
(184.384 0 0)
(184.465 0 0)
(184.547 0 0)
(184.63 0 0)
(184.715 0 0)
(184.802 0 0)
(184.89 0 0)
(184.979 0 0)
(185.071 0 0)
(185.164 0 0)
(185.259 0 0)
(185.355 0 0)
(185.454 0 0)
(185.554 0 0)
(185.656 0 0)
(185.759 0 0)
(185.865 0 0)
(185.971 0 0)
(186.08 0 0)
(186.189 0 0)
(186.301 0 0)
(186.413 0 0)
(186.528 0 0)
(186.643 0 0)
(186.76 0 0)
(186.878 0 0)
(186.998 0 0)
(187.119 0 0)
(187.241 0 0)
(187.364 0 0)
(187.488 0 0)
(187.613 0 0)
(187.74 0 0)
(187.868 0 0)
(187.996 0 0)
(188.126 0 0)
(188.257 0 0)
(188.389 0 0)
(188.522 0 0)
(188.655 0 0)
(188.79 0 0)
(188.925 0 0)
(189.062 0 0)
(189.199 0 0)
(189.338 0 0)
(189.477 0 0)
(189.617 0 0)
(189.758 0 0)
(189.9 0 0)
(190.042 0 0)
(190.187 0 0)
(190.332 0 0)
(190.479 0 0)
(190.762 0 0)
)
;

boundaryField
{
    sides
    {
        type            zeroGradient;
    }
    empty
    {
        type            empty;
    }
}


// ************************************************************************* //
