/*--------------------------------*- C++ -*----------------------------------*\
| =========                 |                                                 |
| \\      /  F ield         | OpenFOAM: The Open Source CFD Toolbox           |
|  \\    /   O peration     | Version:  2406                                  |
|   \\  /    A nd           | Website:  www.openfoam.com                      |
|    \\/     M anipulation  |                                                 |
\*---------------------------------------------------------------------------*/
FoamFile
{
    version     2.0;
    format      ascii;
    arch        "LSB;label=32;scalar=64";
    class       volScalarField;
    location    "0.042";
    object      mag(U);
}
// * * * * * * * * * * * * * * * * * * * * * * * * * * * * * * * * * * * * * //

dimensions      [0 1 -1 0 0 0 0];

internalField   nonuniform List<scalar> 
1000
(
18.0016
18.2981
18.6689
18.9739
19.2422
19.5089
19.7822
20.0584
20.3345
20.61
20.8853
21.1606
21.4359
21.7113
21.9867
22.2621
22.5375
22.8128
23.0882
23.3636
23.639
23.9144
24.1898
24.4652
24.7406
25.016
25.2913
25.5667
25.8421
26.1175
26.3928
26.6682
26.9435
27.2189
27.4942
27.7695
28.0447
28.32
28.5953
28.8705
29.1457
29.421
29.6962
29.9714
30.2466
30.5218
30.7969
31.0721
31.3472
31.6223
31.8973
32.1723
32.4473
32.7223
32.9972
33.2721
33.547
33.8218
34.0965
34.3713
34.6461
34.9208
35.1955
35.4701
35.7446
36.0191
36.2936
36.5681
36.8425
37.1168
37.3911
37.6653
37.9395
38.2137
38.4878
38.7618
39.0358
39.3097
39.5836
39.8574
40.1311
40.4048
40.6784
40.9519
41.2254
41.4988
41.7721
42.0453
42.3185
42.5916
42.8646
43.1375
43.4104
43.6831
43.9558
44.2284
44.5009
44.7733
45.0456
45.3177
45.5898
45.8618
46.1337
46.4055
46.6771
46.9487
47.2201
47.4914
47.7626
48.0337
48.3046
48.5754
48.8461
49.1167
49.3871
49.6573
49.9274
50.1974
50.4672
50.7369
51.0064
51.2757
51.5449
51.8139
52.0827
52.3514
52.6199
52.8882
53.1563
53.4242
53.6919
53.9594
54.2267
54.4938
54.7607
55.0274
55.2938
55.56
55.826
56.0918
56.3573
56.6225
56.8876
57.1523
57.4168
57.681
57.945
58.2087
58.4721
58.7352
58.998
59.2605
59.5227
59.7846
60.0462
60.3074
60.5683
60.8289
61.0892
61.3491
61.6086
61.8678
62.1266
62.385
62.643
62.9007
63.1579
63.4147
63.6711
63.9271
64.1826
64.4377
64.6923
64.9464
65.2001
65.4535
65.7066
65.959
66.2107
66.4617
66.712
66.9617
67.2109
67.4594
67.7073
67.9546
68.2014
68.4475
68.693
68.9378
69.182
69.4255
69.6684
69.9105
70.1519
70.3926
70.6325
70.8717
71.1101
71.3477
71.5845
71.8205
72.0556
72.2899
72.5234
72.7559
72.9876
73.2183
73.4481
73.677
73.9049
74.1319
74.3578
74.5828
74.8067
75.0296
75.2514
75.4721
75.6918
75.9104
76.1279
76.3442
76.5594
76.7734
76.9863
77.198
77.4085
77.6177
77.8258
78.0326
78.2381
78.4424
78.6454
78.8471
79.0476
79.2467
79.4445
79.641
79.8362
80.03
80.2225
80.4136
80.6034
80.7919
80.9789
81.1647
81.349
81.532
81.7137
81.894
82.0729
82.2505
82.4268
82.6017
82.7753
82.9476
83.1186
83.2883
83.4567
83.6238
83.7897
83.9544
84.1178
84.28
84.441
84.6009
84.7596
84.9172
85.0737
85.2291
85.3835
85.5368
85.6891
85.8404
85.9908
86.1403
86.2888
86.4365
86.5833
86.7293
86.8745
87.0189
87.1626
87.3056
87.4479
87.5895
87.7305
87.8709
88.0108
88.15
88.2888
88.427
88.5648
88.7022
88.8391
88.9756
89.1117
89.2474
89.3829
89.518
89.6527
89.7873
89.9215
90.0555
90.1893
90.3229
90.4563
90.5895
90.7225
90.8554
90.9881
91.1207
91.2532
91.3856
91.5179
91.6501
91.7822
91.9142
92.0462
92.1781
92.31
92.4419
92.5737
92.7055
92.8372
92.969
93.1007
93.2324
93.3641
93.4958
93.6276
93.7593
93.891
94.0227
94.1545
94.2863
94.4181
94.5499
94.6817
94.8135
94.9454
95.0773
95.2092
95.3412
95.4731
95.6051
95.7372
95.8692
96.0013
96.1335
96.2656
96.3978
96.5301
96.6623
96.7946
96.927
97.0593
97.1917
97.3242
97.4566
97.5891
97.7217
97.8543
97.9869
98.1195
98.2522
98.3849
98.5177
98.6505
98.7833
98.9162
99.0491
99.182
99.315
99.448
99.5811
99.7141
99.8473
99.9804
100.114
100.247
100.38
100.513
100.647
100.78
100.914
101.047
101.18
101.314
101.448
101.581
101.715
101.848
101.982
102.116
102.25
102.383
102.517
102.651
102.785
102.919
103.053
103.187
103.321
103.455
103.589
103.723
103.858
103.992
104.126
104.26
104.395
104.529
104.664
104.798
104.932
105.067
105.202
105.336
105.471
105.605
105.74
105.875
106.01
106.145
106.279
106.414
106.549
106.684
106.819
106.954
107.089
107.224
107.359
107.495
107.63
107.765
107.9
108.036
108.171
108.306
108.442
108.577
108.713
108.848
108.984
109.119
109.255
109.391
109.526
109.662
109.798
109.934
110.07
110.206
110.341
110.477
110.613
110.749
110.885
111.022
111.158
111.294
111.43
111.566
111.703
111.839
111.975
112.112
112.248
112.384
112.521
112.657
112.794
112.931
113.067
113.204
113.341
113.477
113.614
113.751
113.888
114.025
114.161
114.298
114.435
114.572
114.709
114.847
114.984
115.121
115.258
115.395
115.532
115.67
115.807
115.944
116.082
116.219
116.357
116.494
116.632
116.769
116.907
117.044
117.182
117.32
117.458
117.595
117.733
117.871
118.009
118.147
118.285
118.423
118.561
118.699
118.837
118.975
119.113
119.251
119.389
119.528
119.666
119.804
119.943
120.081
120.219
120.358
120.496
120.635
120.773
120.912
121.051
121.189
121.328
121.467
121.605
121.744
121.883
122.022
122.161
122.3
122.439
122.578
122.717
122.856
122.995
123.134
123.273
123.412
123.551
123.691
123.83
123.969
124.109
124.248
124.388
124.527
124.666
124.806
124.946
125.085
125.225
125.364
125.504
125.644
125.784
125.923
126.063
126.203
126.343
126.483
126.623
126.763
126.903
127.043
127.183
127.323
127.463
127.604
127.744
127.884
128.024
128.165
128.305
128.445
128.586
128.726
128.867
129.007
129.148
129.288
129.429
129.57
129.71
129.851
129.992
130.133
130.273
130.414
130.555
130.696
130.837
130.978
131.119
131.26
131.401
131.542
131.683
131.825
131.966
132.107
132.248
132.39
132.531
132.672
132.814
132.955
133.097
133.238
133.38
133.521
133.663
133.805
133.946
134.088
134.23
134.371
134.513
134.655
134.797
134.939
135.081
135.223
135.365
135.507
135.649
135.791
135.933
136.075
136.217
136.36
136.502
136.644
136.786
136.929
137.071
137.214
137.356
137.499
137.641
137.784
137.926
138.069
138.211
138.354
138.497
138.64
138.782
138.925
139.068
139.211
139.354
139.497
139.64
139.783
139.926
140.069
140.212
140.355
140.498
140.641
140.784
140.928
141.071
141.214
141.358
141.501
141.644
141.788
141.931
142.075
142.218
142.362
142.505
142.649
142.793
142.936
143.08
143.224
143.368
143.511
143.655
143.799
143.943
144.087
144.231
144.375
144.519
144.663
144.807
144.951
145.095
145.239
145.384
145.528
145.672
145.816
145.961
146.105
146.249
146.393
146.538
146.682
146.826
146.971
147.115
147.26
147.404
147.548
147.693
147.837
147.981
148.126
148.27
148.414
148.559
148.703
148.847
148.991
149.135
149.279
149.423
149.567
149.71
149.854
149.998
150.141
150.284
150.427
150.57
150.713
150.855
150.997
151.139
151.281
151.423
151.564
151.705
151.845
151.986
152.125
152.265
152.404
152.542
152.681
152.818
152.956
153.092
153.228
153.364
153.499
153.633
153.767
153.9
154.032
154.164
154.295
154.425
154.555
154.684
154.812
154.939
155.066
155.192
155.317
155.441
155.565
155.688
155.81
155.931
156.052
156.172
156.291
156.41
156.528
156.645
156.762
156.879
156.995
157.11
157.225
157.34
157.455
157.569
157.683
157.797
157.911
158.025
158.139
158.253
158.367
158.482
158.597
158.712
158.827
158.943
159.059
159.175
159.293
159.411
159.529
159.648
159.768
159.888
160.01
160.132
160.255
160.378
160.503
160.628
160.754
160.881
161.009
161.138
161.267
161.398
161.529
161.661
161.794
161.928
162.062
162.198
162.334
162.471
162.608
162.746
162.885
163.025
163.165
163.306
163.448
163.59
163.732
163.875
164.019
164.163
164.308
164.453
164.599
164.744
164.891
165.037
165.185
165.332
165.48
165.628
165.776
165.924
166.073
166.222
166.372
166.521
166.671
166.82
166.97
167.121
167.271
167.421
167.572
167.722
167.873
168.023
168.174
168.325
168.476
168.626
168.777
168.928
169.078
169.228
169.379
169.529
169.678
169.828
169.977
170.125
170.274
170.421
170.568
170.715
170.86
171.005
171.149
171.291
171.433
171.573
171.712
171.849
171.985
172.118
172.25
172.38
172.508
172.633
172.756
172.876
172.994
173.109
173.221
173.33
173.437
173.541
173.642
173.74
173.835
173.928
174.018
174.106
174.192
174.275
174.357
174.436
174.515
174.592
174.668
174.743
174.817
174.892
174.966
175.04
175.115
175.19
175.266
175.343
175.421
175.5
175.58
175.662
175.745
175.83
175.917
176.005
176.095
176.186
176.28
176.374
176.471
176.569
176.669
176.77
176.874
176.978
177.084
177.192
177.301
177.411
177.523
177.636
177.75
177.865
177.982
178.1
178.219
178.34
178.461
178.584
178.707
178.832
178.958
179.084
179.212
179.341
179.47
179.601
179.732
179.865
179.998
180.132
180.267
180.403
180.539
180.677
180.815
180.954
181.094
181.234
181.375
181.517
181.66
181.804
181.948
182.093
182.238
182.385
182.533
182.681
182.832
183.113
)
;

boundaryField
{
    sides
    {
        type            calculated;
        value           nonuniform List<scalar> 2(183.113 18.0016);
    }
    empty
    {
        type            empty;
    }
}


// ************************************************************************* //
