/*--------------------------------*- C++ -*----------------------------------*\
| =========                 |                                                 |
| \\      /  F ield         | OpenFOAM: The Open Source CFD Toolbox           |
|  \\    /   O peration     | Version:  2406                                  |
|   \\  /    A nd           | Website:  www.openfoam.com                      |
|    \\/     M anipulation  |                                                 |
\*---------------------------------------------------------------------------*/
FoamFile
{
    version     2.0;
    format      ascii;
    arch        "LSB;label=32;scalar=64";
    class       volScalarField;
    location    "0.042";
    object      p;
}
// * * * * * * * * * * * * * * * * * * * * * * * * * * * * * * * * * * * * * //

dimensions      [1 -1 -2 0 0 0 0];

internalField   nonuniform List<scalar> 
1000
(
11305.7
11304.3
11302
11300.1
11298.3
11296.7
11295
11293.2
11291.5
11289.8
11288.1
11286.4
11284.7
11283
11281.3
11279.6
11277.9
11276.2
11274.6
11272.9
11271.2
11269.5
11267.9
11266.2
11264.6
11262.9
11261.3
11259.6
11258
11256.4
11254.7
11253.1
11251.5
11249.9
11248.3
11246.7
11245.1
11243.5
11241.9
11240.3
11238.7
11237.1
11235.5
11234
11232.4
11230.8
11229.3
11227.7
11226.2
11224.6
11223.1
11221.6
11220
11218.5
11217
11215.5
11214
11212.4
11210.9
11209.5
11208
11206.5
11205
11203.5
11202.1
11200.6
11199.1
11197.7
11196.2
11194.8
11193.4
11191.9
11190.5
11189.1
11187.7
11186.3
11184.9
11183.5
11182.1
11180.7
11179.3
11177.9
11176.6
11175.2
11173.9
11172.5
11171.2
11169.9
11168.5
11167.2
11165.9
11164.6
11163.3
11162
11160.8
11159.5
11158.2
11157
11155.7
11154.5
11153.3
11152
11150.8
11149.6
11148.4
11147.2
11146.1
11144.9
11143.7
11142.6
11141.4
11140.3
11139.2
11138.1
11137
11135.9
11134.8
11133.8
11132.7
11131.7
11130.6
11129.6
11128.6
11127.6
11126.6
11125.6
11124.7
11123.7
11122.8
11121.9
11120.9
11120.1
11119.2
11118.3
11117.4
11116.6
11115.8
11115
11114.2
11113.4
11112.6
11111.9
11111.2
11110.5
11109.8
11109.1
11108.4
11107.8
11107.2
11106.6
11106
11105.4
11104.9
11104.3
11103.8
11103.3
11102.9
11102.4
11102
11101.6
11101.2
11100.9
11100.5
11100.2
11099.9
11099.7
11099.4
11099.2
11099.1
11098.9
11098.8
11098.7
11098.6
11098.5
11098.5
11098.5
11098.6
11098.6
11098.7
11098.9
11099.1
11099.3
11099.5
11099.8
11100.2
11100.5
11101
11101.4
11101.9
11102.4
11103
11103.6
11104.2
11104.9
11105.6
11106.4
11107.2
11108.1
11109
11109.9
11110.9
11112
11113.1
11114.2
11115.4
11116.7
11118
11119.4
11120.8
11122.3
11123.8
11125.4
11127
11128.7
11130.5
11132.4
11134.3
11136.2
11138.2
11140.3
11142.5
11144.7
11147
11149.4
11151.8
11154.3
11156.9
11159.5
11162.2
11165
11167.9
11170.9
11173.9
11177
11180.2
11183.4
11186.8
11190.2
11193.7
11197.2
11200.9
11204.6
11208.5
11212.4
11216.3
11220.4
11224.5
11228.8
11233.1
11237.5
11242
11246.5
11251.2
11255.9
11260.7
11265.6
11270.6
11275.6
11280.7
11285.9
11291.2
11296.6
11302
11307.5
11313.1
11318.8
11324.5
11330.3
11336.2
11342.2
11348.2
11354.3
11360.4
11366.6
11372.9
11379.2
11385.6
11392.1
11398.6
11405.1
11411.8
11418.4
11425.2
11431.9
11438.7
11445.6
11452.5
11459.5
11466.5
11473.5
11480.6
11487.7
11494.8
11502
11509.2
11516.5
11523.8
11531.1
11538.4
11545.8
11553.1
11560.6
11568
11575.5
11582.9
11590.4
11598
11605.5
11613.1
11620.7
11628.3
11635.9
11643.5
11651.1
11658.8
11666.5
11674.2
11681.9
11689.6
11697.3
11705
11712.8
11720.5
11728.3
11736.1
11743.9
11751.7
11759.5
11767.3
11775.1
11783
11790.8
11798.7
11806.5
11814.4
11822.3
11830.2
11838.1
11846
11853.9
11861.8
11869.7
11877.6
11885.6
11893.5
11901.5
11909.4
11917.4
11925.4
11933.4
11941.4
11949.4
11957.4
11965.4
11973.4
11981.4
11989.4
11997.5
12005.5
12013.6
12021.6
12029.7
12037.8
12045.9
12054
12062.1
12070.2
12078.3
12086.4
12094.5
12102.6
12110.8
12118.9
12127.1
12135.2
12143.4
12151.6
12159.7
12167.9
12176.1
12184.3
12192.5
12200.7
12209
12217.2
12225.4
12233.7
12241.9
12250.2
12258.5
12266.7
12275
12283.3
12291.6
12299.9
12308.2
12316.5
12324.8
12333.1
12341.5
12349.8
12358.2
12366.5
12374.9
12383.3
12391.6
12400
12408.4
12416.8
12425.2
12433.6
12442.1
12450.5
12458.9
12467.4
12475.8
12484.3
12492.7
12501.2
12509.7
12518.2
12526.7
12535.2
12543.7
12552.2
12560.7
12569.2
12577.8
12586.3
12594.9
12603.4
12612
12620.6
12629.1
12637.7
12646.3
12654.9
12663.5
12672.1
12680.8
12689.4
12698
12706.7
12715.3
12724
12732.7
12741.3
12750
12758.7
12767.4
12776.1
12784.8
12793.5
12802.3
12811
12819.7
12828.5
12837.2
12846
12854.8
12863.5
12872.3
12881.1
12889.9
12898.7
12907.5
12916.4
12925.2
12934
12942.9
12951.7
12960.6
12969.5
12978.3
12987.2
12996.1
13005
13013.9
13022.8
13031.7
13040.7
13049.6
13058.5
13067.5
13076.4
13085.4
13094.4
13103.3
13112.3
13121.3
13130.3
13139.3
13148.4
13157.4
13166.4
13175.5
13184.5
13193.6
13202.6
13211.7
13220.8
13229.9
13238.9
13248.1
13257.2
13266.3
13275.4
13284.5
13293.7
13302.8
13312
13321.1
13330.3
13339.5
13348.7
13357.9
13367.1
13376.3
13385.5
13394.7
13403.9
13413.2
13422.4
13431.7
13440.9
13450.2
13459.5
13468.8
13478.1
13487.4
13496.7
13506
13515.3
13524.7
13534
13543.3
13552.7
13562.1
13571.4
13580.8
13590.2
13599.6
13609
13618.4
13627.8
13637.3
13646.7
13656.1
13665.6
13675.1
13684.5
13694
13703.5
13713
13722.5
13732
13741.5
13751
13760.5
13770.1
13779.6
13789.2
13798.7
13808.3
13817.9
13827.5
13837.1
13846.7
13856.3
13865.9
13875.5
13885.1
13894.8
13904.4
13914.1
13923.8
13933.4
13943.1
13952.8
13962.5
13972.2
13981.9
13991.7
14001.4
14011.1
14020.9
14030.6
14040.4
14050.2
14059.9
14069.7
14079.5
14089.3
14099.1
14109
14118.8
14128.6
14138.5
14148.3
14158.2
14168
14177.9
14187.8
14197.7
14207.6
14217.5
14227.4
14237.4
14247.3
14257.2
14267.2
14277.1
14287.1
14297.1
14307.1
14317.1
14327.1
14337.1
14347.1
14357.1
14367.1
14377.2
14387.2
14397.3
14407.4
14417.4
14427.5
14437.6
14447.7
14457.8
14467.9
14478.1
14488.2
14498.3
14508.5
14518.7
14528.8
14539
14549.2
14559.4
14569.6
14579.8
14590
14600.2
14610.5
14620.7
14631
14641.2
14651.5
14661.8
14672.1
14682.4
14692.7
14703
14713.3
14723.6
14734
14744.3
14754.7
14765
14775.4
14785.8
14796.2
14806.6
14817
14827.4
14837.8
14848.2
14858.7
14869.1
14879.6
14890.1
14900.5
14911
14921.5
14932
14942.5
14953
14963.6
14974.1
14984.6
14995.2
15005.8
15016.3
15026.9
15037.5
15048.1
15058.7
15069.3
15079.9
15090.6
15101.2
15111.9
15122.5
15133.2
15143.9
15154.5
15165.2
15175.9
15186.7
15197.4
15208.1
15218.8
15229.6
15240.4
15251.1
15261.9
15272.7
15283.5
15294.3
15305.1
15315.9
15326.8
15337.6
15348.5
15359.3
15370.2
15381.1
15392
15402.9
15413.8
15424.7
15435.7
15446.6
15457.6
15468.6
15479.6
15490.6
15501.6
15512.7
15523.7
15534.8
15545.9
15557
15568.1
15579.2
15590.4
15601.6
15612.8
15624
15635.3
15646.5
15657.8
15669.2
15680.5
15691.9
15703.3
15714.8
15726.3
15737.8
15749.3
15760.9
15772.6
15784.3
15796
15807.7
15819.6
15831.4
15843.3
15855.3
15867.3
15879.4
15891.5
15903.7
15916
15928.3
15940.7
15953.2
15965.7
15978.3
15990.9
16003.6
16016.4
16029.3
16042.3
16055.3
16068.4
16081.5
16094.8
16108.1
16121.5
16134.9
16148.5
16162.1
16175.7
16189.5
16203.3
16217.1
16231
16245
16259
16273.1
16287.2
16301.4
16315.6
16329.8
16344.1
16358.4
16372.7
16387.1
16401.4
16415.8
16430.1
16444.5
16458.9
16473.2
16487.6
16501.9
16516.2
16530.5
16544.8
16559
16573.2
16587.4
16601.5
16615.6
16629.6
16643.6
16657.5
16671.4
16685.3
16699
16712.8
16726.5
16740.1
16753.7
16767.2
16780.6
16794.1
16807.4
16820.7
16834
16847.2
16860.3
16873.4
16886.5
16899.5
16912.5
16925.4
16938.3
16951.2
16964
16976.7
16989.5
17002.2
17014.9
17027.5
17040.1
17052.7
17065.3
17077.8
17090.4
17102.9
17115.3
17127.8
17140.3
17152.7
17165.1
17177.6
17190
17202.4
17214.8
17227.1
17239.5
17251.9
17264.3
17276.7
17289
17301.4
17313.8
17326.2
17338.6
17351
17363.4
17375.8
17388.2
17400.7
17413.1
17425.6
17438.1
17450.6
17463.1
17475.6
17488.2
17500.9
17513.5
17526.2
17539
17551.7
17564.6
17577.5
17590.5
17603.6
17616.7
17630
17643.3
17656.8
17670.4
17684.1
17697.9
17712
17726.1
17740.5
17755
17769.8
17784.8
17799.9
17815.4
17831
17846.9
17863.1
17879.5
17896.1
17913.1
17930.3
17947.7
17965.5
17983.4
18001.6
18020.1
18038.8
18057.6
18076.7
18095.9
18115.3
18134.9
18154.5
18174.3
18194.1
18214
18233.9
18253.8
18273.8
18293.7
18313.6
18333.4
18353.1
18372.8
18392.4
18411.9
18431.3
18450.6
18469.8
18488.8
18507.7
18526.5
18545.2
18563.7
18582.1
18600.4
18618.6
18636.7
18654.6
18672.4
18690.1
18707.7
18725.2
18742.6
18759.9
18777.1
18794.2
18811.2
18828.1
18844.9
18861.7
18878.3
18894.9
18911.4
18927.8
18944.1
18960.4
18976.6
18992.7
19008.7
19024.7
19040.6
19056.5
19072.2
19088
19103.6
19119.2
19134.7
19150.2
19165.6
19181
19196.3
19211.6
19226.8
19241.9
19257
19272
19287
19302
19316.9
19331.7
19346.5
19361.3
19375.9
19390.6
19404.8
)
;

boundaryField
{
    sides
    {
        type            zeroGradient;
    }
    empty
    {
        type            empty;
    }
}


// ************************************************************************* //
