/*--------------------------------*- C++ -*----------------------------------*\
| =========                 |                                                 |
| \\      /  F ield         | OpenFOAM: The Open Source CFD Toolbox           |
|  \\    /   O peration     | Version:  2406                                  |
|   \\  /    A nd           | Website:  www.openfoam.com                      |
|    \\/     M anipulation  |                                                 |
\*---------------------------------------------------------------------------*/
FoamFile
{
    version     2.0;
    format      ascii;
    arch        "LSB;label=32;scalar=64";
    class       surfaceScalarField;
    location    "0.042";
    object      phi;
}
// * * * * * * * * * * * * * * * * * * * * * * * * * * * * * * * * * * * * * //

dimensions      [1 0 -1 0 0 0 0];

oriented        oriented;

internalField   nonuniform List<scalar> 
999
(
15.4972
15.7265
15.9557
16.1848
16.4138
16.6427
16.8714
17.1001
17.3286
17.5571
17.7854
18.0136
18.2416
18.4696
18.6976
18.9254
19.1531
19.3806
19.608
19.8352
20.0624
20.2896
20.5168
20.7439
20.9708
21.1974
21.4239
21.6502
21.8763
22.1024
22.3286
22.5548
22.781
23.0073
23.2334
23.4594
23.6851
23.9105
24.1356
24.3604
24.585
24.8095
25.0339
25.2583
25.4829
25.7077
25.9327
26.1581
26.3837
26.6096
26.8357
27.062
27.2884
27.5147
27.7411
27.9674
28.1937
28.4201
28.6467
28.8738
29.1007
29.3277
29.5547
29.7815
30.0084
30.2351
30.4618
30.6885
30.9151
31.1415
31.368
31.5943
31.8206
32.0468
32.2729
32.4989
32.7249
32.9508
33.1766
33.4024
33.6281
33.8536
34.0791
34.3045
34.5299
34.7551
34.9803
35.2053
35.4303
35.6552
35.88
36.1047
36.3294
36.5539
36.7783
37.0027
37.2269
37.4511
37.6751
37.8991
38.1229
38.3467
38.5703
38.7938
39.0173
39.2406
39.4638
39.6869
39.9099
40.1328
40.3556
40.5782
40.8008
41.0232
41.2454
41.4676
41.6897
41.9116
42.1334
42.355
42.5765
42.7979
43.0192
43.2403
43.4613
43.6821
43.9028
44.1234
44.3438
44.564
44.7841
45.0041
45.2239
45.4435
45.6629
45.8823
46.1014
46.3204
46.5392
46.7578
46.9762
47.1945
47.4126
47.6305
47.8482
48.0657
48.2831
48.5002
48.7171
48.9339
49.1504
49.3668
49.5829
49.7988
50.0145
50.23
50.4452
50.6603
50.8751
51.0896
51.304
51.5181
51.7319
51.9455
52.1589
52.372
52.5848
52.7974
53.0097
53.2217
53.4335
53.6449
53.8561
54.067
54.2775
54.488
54.6982
54.908
55.1173
55.3261
55.5346
55.7428
55.9506
56.158
56.3651
56.5718
56.7781
56.9841
57.1897
57.3949
57.5997
57.8042
58.0082
58.2118
58.415
58.6178
58.8201
59.022
59.2234
59.4244
59.6249
59.825
60.0245
60.2236
60.4222
60.6203
60.8178
61.0149
61.2114
61.4074
61.6029
61.7978
61.9921
62.1859
62.3791
62.5718
62.7638
62.9553
63.1462
63.3364
63.5261
63.7151
63.9035
64.0913
64.2784
64.4649
64.6507
64.8359
65.0204
65.2043
65.3874
65.5699
65.7517
65.9329
66.1133
66.293
66.4721
66.6504
66.8281
67.005
67.1813
67.3568
67.5316
67.7058
67.8792
68.0519
68.2239
68.3953
68.5659
68.7358
68.9051
69.0736
69.2415
69.4088
69.5753
69.7412
69.9065
70.0711
70.235
70.3984
70.5611
70.7233
70.8848
71.0458
71.2062
71.3661
71.5254
71.6842
71.8424
72.0002
72.1575
72.3144
72.4707
72.6267
72.7822
72.9373
73.0921
73.2464
73.4004
73.5541
73.7074
73.8605
74.0132
74.1657
74.318
74.47
74.6217
74.7733
74.9247
75.0759
75.2269
75.3778
75.5286
75.6793
75.8298
75.9803
76.1306
76.281
76.4312
76.5815
76.7317
76.8819
77.032
77.1822
77.3324
77.4826
77.6329
77.7832
77.9335
78.0839
78.2344
78.3849
78.5355
78.6862
78.837
78.9879
79.1389
79.29
79.4412
79.5925
79.7439
79.8955
80.0471
80.1989
80.3509
80.5029
80.6552
80.8075
80.96
81.1127
81.2654
81.4184
81.5715
81.7247
81.8781
82.0317
82.1854
82.3392
82.4932
82.6474
82.8018
82.9563
83.111
83.2658
83.4208
83.5759
83.7313
83.8868
84.0424
84.1982
84.3542
84.5104
84.6667
84.8232
84.9799
85.1367
85.2937
85.4509
85.6082
85.7658
85.9234
86.0813
86.2393
86.3975
86.5559
86.7144
86.8731
87.032
87.1911
87.3503
87.5097
87.6693
87.829
87.9889
88.149
88.3093
88.4697
88.6304
88.7911
88.9521
89.1132
89.2745
89.436
89.5977
89.7595
89.9215
90.0837
90.2461
90.4086
90.5713
90.7342
90.8972
91.0605
91.2239
91.3875
91.5512
91.7152
91.8793
92.0436
92.2081
92.3727
92.5375
92.7025
92.8677
93.0331
93.1986
93.3643
93.5302
93.6963
93.8625
94.029
94.1956
94.3624
94.5293
94.6965
94.8638
95.0313
95.199
95.3669
95.5349
95.7032
95.8716
96.0402
96.2089
96.3779
96.547
96.7163
96.8858
97.0555
97.2254
97.3954
97.5657
97.7361
97.9067
98.0774
98.2484
98.4195
98.5909
98.7624
98.9341
99.1059
99.278
99.4502
99.6227
99.7953
99.9681
100.141
100.314
100.488
100.661
100.835
101.009
101.183
101.357
101.532
101.706
101.881
102.056
102.231
102.407
102.582
102.758
102.934
103.11
103.287
103.463
103.64
103.817
103.994
104.171
104.349
104.526
104.704
104.882
105.06
105.239
105.417
105.596
105.775
105.954
106.134
106.313
106.493
106.673
106.853
107.033
107.214
107.394
107.575
107.756
107.938
108.119
108.301
108.483
108.665
108.847
109.029
109.212
109.395
109.578
109.761
109.944
110.128
110.312
110.496
110.68
110.864
111.049
111.234
111.419
111.604
111.789
111.975
112.16
112.346
112.532
112.719
112.905
113.092
113.279
113.466
113.653
113.841
114.028
114.216
114.404
114.593
114.781
114.97
115.159
115.348
115.537
115.727
115.916
116.106
116.296
116.487
116.677
116.868
117.059
117.25
117.441
117.633
117.824
118.016
118.208
118.4
118.593
118.786
118.979
119.172
119.365
119.558
119.752
119.946
120.14
120.335
120.529
120.724
120.919
121.114
121.309
121.505
121.7
121.896
122.093
122.289
122.485
122.682
122.879
123.076
123.274
123.471
123.669
123.867
124.065
124.264
124.462
124.661
124.86
125.059
125.259
125.459
125.658
125.858
126.059
126.259
126.46
126.661
126.862
127.063
127.265
127.467
127.668
127.871
128.073
128.276
128.478
128.681
128.885
129.088
129.292
129.495
129.7
129.904
130.108
130.313
130.518
130.723
130.928
131.134
131.34
131.546
131.752
131.958
132.165
132.372
132.579
132.786
132.993
133.201
133.409
133.617
133.825
134.034
134.243
134.452
134.661
134.87
135.08
135.29
135.5
135.71
135.92
136.131
136.342
136.553
136.765
136.976
137.188
137.4
137.612
137.825
138.037
138.25
138.463
138.677
138.89
139.104
139.318
139.532
139.746
139.961
140.176
140.391
140.606
140.822
141.038
141.254
141.47
141.686
141.903
142.12
142.337
142.554
142.772
142.99
143.207
143.426
143.644
143.863
144.082
144.301
144.52
144.74
144.959
145.179
145.4
145.62
145.841
146.062
146.283
146.504
146.726
146.947
147.169
147.392
147.614
147.837
148.06
148.283
148.506
148.73
148.954
149.178
149.402
149.627
149.852
150.077
150.302
150.527
150.753
150.979
151.205
151.431
151.658
151.885
152.112
152.339
152.566
152.794
153.022
153.25
153.478
153.707
153.936
154.165
154.394
154.624
154.853
155.083
155.313
155.544
155.774
156.005
156.236
156.467
156.699
156.93
157.162
157.394
157.626
157.858
158.091
158.323
158.556
158.789
159.022
159.256
159.489
159.723
159.956
160.19
160.424
160.658
160.893
161.127
161.361
161.595
161.83
162.064
162.299
162.534
162.768
163.003
163.238
163.472
163.707
163.941
164.176
164.41
164.645
164.879
165.114
165.348
165.582
165.816
166.05
166.284
166.517
166.751
166.984
167.218
167.451
167.684
167.917
168.149
168.382
168.614
168.847
169.079
169.311
169.543
169.775
170.007
170.239
170.47
170.702
170.934
171.165
171.397
171.629
171.861
172.093
172.325
172.557
172.79
173.022
173.255
173.488
173.722
173.955
174.19
174.424
174.659
174.894
175.13
175.366
175.603
175.84
176.078
176.316
176.555
176.795
177.035
177.276
177.517
177.759
178.002
178.245
178.489
178.734
178.979
179.225
179.472
179.719
179.968
180.216
180.466
180.716
180.967
181.218
181.47
181.723
181.976
182.23
182.484
182.74
182.995
183.252
183.508
183.766
184.024
184.282
184.541
184.801
185.061
185.321
185.582
185.844
186.105
186.368
186.631
186.894
187.157
187.421
187.686
187.951
188.216
188.481
188.747
189.013
189.28
189.547
189.814
190.082
190.35
190.618
190.887
191.156
191.425
191.695
191.965
192.235
192.505
192.775
193.046
193.317
193.589
193.86
194.132
194.404
194.676
194.948
195.22
195.493
195.765
196.038
196.31
196.583
196.855
197.127
197.4
197.672
197.943
198.215
198.486
198.757
199.027
199.297
199.566
199.835
200.102
200.369
200.636
200.901
201.166
201.429
201.692
201.954
202.214
202.473
202.732
202.989
203.245
203.501
203.755
204.008
204.261
204.512
204.763
205.014
205.263
205.513
205.762
206.01
206.259
206.508
206.757
207.006
207.255
207.505
207.755
208.006
208.258
208.51
208.764
209.018
209.273
209.529
209.787
210.045
210.305
210.565
210.827
211.09
211.354
211.619
211.885
212.152
212.421
212.69
212.96
213.232
213.504
213.778
214.052
214.328
214.604
214.882
215.16
215.439
215.719
216
216.282
216.564
216.848
217.132
217.417
217.703
217.99
218.277
218.565
218.854
219.144
219.434
219.725
220.017
220.31
220.603
220.897
221.192
221.487
221.783
222.08
222.378
222.676
222.974
223.274
223.574
223.875
224.176
224.478
224.78
225.084
225.387
225.692
225.997
226.302
)
;

boundaryField
{
    sides
    {
        type            calculated;
        value           nonuniform List<scalar> 2(226.608 -15.2678);
    }
    empty
    {
        type            empty;
    }
}


// ************************************************************************* //
