/*--------------------------------*- C++ -*----------------------------------*\
| =========                 |                                                 |
| \\      /  F ield         | OpenFOAM: The Open Source CFD Toolbox           |
|  \\    /   O peration     | Version:  2406                                  |
|   \\  /    A nd           | Website:  www.openfoam.com                      |
|    \\/     M anipulation  |                                                 |
\*---------------------------------------------------------------------------*/
FoamFile
{
    version     2.0;
    format      ascii;
    arch        "LSB;label=32;scalar=64";
    class       volScalarField;
    location    "0.042";
    object      T;
}
// * * * * * * * * * * * * * * * * * * * * * * * * * * * * * * * * * * * * * //

dimensions      [0 0 0 1 0 0 0];

internalField   nonuniform List<scalar> 
1000
(
185.3
185.312
185.331
185.351
185.372
185.392
185.413
185.434
185.454
185.475
185.495
185.516
185.538
185.559
185.579
185.599
185.619
185.639
185.661
185.682
185.704
185.724
185.743
185.762
185.781
185.801
185.822
185.844
185.866
185.888
185.909
185.928
185.946
185.963
185.979
185.996
186.013
186.032
186.053
186.074
186.097
186.121
186.144
186.166
186.187
186.206
186.222
186.235
186.245
186.253
186.258
186.261
186.263
186.265
186.265
186.266
186.266
186.265
186.263
186.258
186.251
186.246
186.238
186.231
186.225
186.217
186.21
186.203
186.196
186.189
186.182
186.175
186.168
186.161
186.154
186.148
186.141
186.134
186.127
186.121
186.114
186.107
186.101
186.094
186.088
186.081
186.075
186.068
186.062
186.056
186.049
186.043
186.037
186.031
186.024
186.018
186.012
186.006
186
185.994
185.988
185.982
185.976
185.97
185.965
185.959
185.953
185.948
185.942
185.936
185.931
185.925
185.92
185.914
185.909
185.904
185.899
185.893
185.888
185.883
185.878
185.873
185.868
185.863
185.859
185.854
185.849
185.845
185.84
185.836
185.831
185.827
185.822
185.818
185.814
185.81
185.806
185.802
185.798
185.794
185.791
185.787
185.783
185.78
185.776
185.773
185.77
185.767
185.764
185.761
185.758
185.755
185.752
185.75
185.747
185.745
185.743
185.74
185.738
185.736
185.734
185.733
185.731
185.729
185.728
185.727
185.725
185.724
185.723
185.722
185.722
185.721
185.721
185.721
185.72
185.72
185.72
185.721
185.721
185.722
185.723
185.724
185.725
185.726
185.728
185.729
185.731
185.733
185.735
185.738
185.74
185.743
185.746
185.75
185.753
185.757
185.76
185.764
185.769
185.773
185.778
185.783
185.788
185.794
185.799
185.805
185.811
185.818
185.825
185.832
185.839
185.847
185.854
185.862
185.871
185.88
185.889
185.898
185.908
185.918
185.928
185.938
185.949
185.96
185.972
185.984
185.996
186.009
186.022
186.035
186.049
186.063
186.077
186.092
186.107
186.122
186.138
186.154
186.171
186.188
186.205
186.223
186.241
186.26
186.279
186.298
186.318
186.338
186.358
186.379
186.4
186.422
186.444
186.466
186.489
186.512
186.535
186.559
186.584
186.608
186.633
186.659
186.684
186.71
186.737
186.763
186.79
186.818
186.846
186.874
186.902
186.931
186.959
186.989
187.018
187.048
187.078
187.108
187.139
187.17
187.201
187.232
187.264
187.295
187.327
187.359
187.392
187.424
187.457
187.49
187.523
187.556
187.589
187.623
187.657
187.69
187.724
187.758
187.792
187.827
187.861
187.896
187.93
187.965
188
188.034
188.069
188.104
188.139
188.174
188.21
188.245
188.28
188.315
188.351
188.386
188.422
188.457
188.493
188.529
188.564
188.6
188.636
188.671
188.707
188.743
188.779
188.815
188.851
188.887
188.922
188.958
188.994
189.03
189.066
189.103
189.139
189.175
189.211
189.247
189.283
189.319
189.355
189.392
189.428
189.464
189.5
189.537
189.573
189.609
189.646
189.682
189.718
189.755
189.791
189.827
189.864
189.9
189.937
189.973
190.009
190.046
190.082
190.119
190.155
190.192
190.229
190.265
190.302
190.338
190.375
190.411
190.448
190.485
190.521
190.558
190.595
190.631
190.668
190.705
190.742
190.778
190.815
190.852
190.889
190.926
190.962
190.999
191.036
191.073
191.11
191.147
191.184
191.221
191.258
191.295
191.332
191.369
191.406
191.443
191.48
191.517
191.554
191.591
191.628
191.665
191.702
191.739
191.776
191.814
191.851
191.888
191.925
191.962
192
192.037
192.074
192.111
192.149
192.186
192.223
192.261
192.298
192.335
192.373
192.41
192.447
192.485
192.522
192.56
192.597
192.635
192.672
192.71
192.747
192.785
192.822
192.86
192.897
192.935
192.972
193.01
193.048
193.085
193.123
193.161
193.198
193.236
193.274
193.311
193.349
193.387
193.425
193.462
193.5
193.538
193.576
193.614
193.651
193.689
193.727
193.765
193.803
193.841
193.879
193.917
193.955
193.993
194.031
194.069
194.107
194.145
194.183
194.221
194.259
194.297
194.335
194.373
194.411
194.449
194.487
194.526
194.564
194.602
194.64
194.678
194.717
194.755
194.793
194.831
194.87
194.908
194.946
194.985
195.023
195.061
195.1
195.138
195.176
195.215
195.253
195.292
195.33
195.369
195.407
195.446
195.484
195.523
195.561
195.6
195.638
195.677
195.715
195.754
195.793
195.831
195.87
195.909
195.947
195.986
196.025
196.063
196.102
196.141
196.18
196.218
196.257
196.296
196.335
196.374
196.412
196.451
196.49
196.529
196.568
196.607
196.646
196.685
196.724
196.763
196.802
196.841
196.88
196.919
196.958
196.997
197.036
197.075
197.114
197.153
197.192
197.231
197.27
197.31
197.349
197.388
197.427
197.466
197.506
197.545
197.584
197.623
197.663
197.702
197.741
197.781
197.82
197.859
197.899
197.938
197.977
198.017
198.056
198.096
198.135
198.175
198.214
198.254
198.293
198.333
198.372
198.412
198.451
198.491
198.53
198.57
198.61
198.649
198.689
198.729
198.768
198.808
198.848
198.887
198.927
198.967
199.007
199.046
199.086
199.126
199.166
199.206
199.245
199.285
199.325
199.365
199.405
199.445
199.485
199.525
199.565
199.605
199.645
199.685
199.725
199.765
199.805
199.845
199.885
199.925
199.965
200.005
200.045
200.085
200.125
200.166
200.206
200.246
200.286
200.326
200.367
200.407
200.447
200.487
200.528
200.568
200.608
200.649
200.689
200.729
200.77
200.81
200.85
200.891
200.931
200.972
201.012
201.053
201.093
201.134
201.174
201.215
201.255
201.296
201.336
201.377
201.417
201.458
201.499
201.539
201.58
201.62
201.661
201.702
201.743
201.783
201.824
201.865
201.905
201.946
201.987
202.028
202.069
202.109
202.15
202.191
202.232
202.273
202.314
202.355
202.396
202.436
202.477
202.518
202.559
202.6
202.641
202.682
202.723
202.764
202.805
202.847
202.888
202.929
202.97
203.011
203.052
203.093
203.134
203.176
203.217
203.258
203.299
203.341
203.382
203.423
203.464
203.506
203.547
203.588
203.63
203.671
203.712
203.754
203.795
203.837
203.878
203.92
203.961
204.003
204.044
204.086
204.127
204.169
204.211
204.253
204.294
204.336
204.377
204.42
204.461
204.504
204.545
204.588
204.629
204.672
204.713
204.757
204.797
204.842
204.881
204.927
204.966
205.013
205.051
205.099
205.136
205.185
205.222
205.272
205.308
205.359
205.394
205.447
205.481
205.535
205.569
205.625
205.657
205.714
205.746
205.805
205.836
205.896
205.927
205.988
206.019
206.08
206.111
206.174
206.205
206.268
206.299
206.363
206.395
206.459
206.492
206.556
206.589
206.655
206.688
206.754
206.787
206.854
206.887
206.955
206.988
207.056
207.09
207.159
207.193
207.262
207.296
207.365
207.4
207.469
207.504
207.574
207.608
207.678
207.713
207.783
207.818
207.887
207.922
207.992
208.026
208.096
208.13
208.199
208.233
208.302
208.336
208.405
208.438
208.506
208.54
208.607
208.641
208.707
208.74
208.807
208.839
208.905
208.938
209.003
209.035
209.099
209.131
209.195
209.227
209.29
209.321
209.384
209.415
209.477
209.508
209.57
209.601
209.662
209.692
209.753
209.783
209.844
209.874
209.934
209.964
210.024
210.053
210.113
210.142
210.201
210.231
210.29
210.319
210.378
210.407
210.466
210.495
210.553
210.582
210.64
210.669
210.728
210.757
210.815
210.844
210.902
210.93
210.988
211.017
211.075
211.104
211.162
211.191
211.249
211.278
211.336
211.365
211.423
211.452
211.51
211.54
211.598
211.627
211.686
211.715
211.774
211.804
211.864
211.894
211.954
211.984
212.044
212.075
212.137
212.168
212.23
212.262
212.326
212.358
212.423
212.457
212.523
212.557
212.626
212.661
212.731
212.767
212.84
212.877
212.952
212.99
213.067
213.107
213.186
213.227
213.308
213.35
213.434
213.476
213.561
213.605
213.692
213.736
213.824
213.868
213.957
214.002
214.091
214.136
214.225
214.271
214.359
214.404
214.492
214.537
214.624
214.669
214.755
214.799
214.884
214.927
215.011
215.053
215.136
215.178
215.26
215.301
215.381
215.422
215.501
215.541
215.619
215.659
215.736
215.774
215.851
215.889
215.964
216.002
216.076
216.113
216.187
216.224
216.297
216.333
216.405
216.441
216.512
216.547
216.618
216.653
216.723
216.758
216.827
216.861
216.93
216.964
217.032
217.066
217.133
217.166
217.233
217.266
217.333
217.365
217.431
217.464
217.529
217.561
217.626
217.658
217.722
217.754
217.818
217.849
217.919
217.936
218.033
)
;

boundaryField
{
    sides
    {
        type            zeroGradient;
    }
    empty
    {
        type            empty;
    }
}


// ************************************************************************* //
