/*--------------------------------*- C++ -*----------------------------------*\
| =========                 |                                                 |
| \\      /  F ield         | OpenFOAM: The Open Source CFD Toolbox           |
|  \\    /   O peration     | Version:  2406                                  |
|   \\  /    A nd           | Website:  www.openfoam.com                      |
|    \\/     M anipulation  |                                                 |
\*---------------------------------------------------------------------------*/
FoamFile
{
    version     2.0;
    format      ascii;
    arch        "LSB;label=32;scalar=64";
    class       volVectorField;
    location    "0.042";
    object      U;
}
// * * * * * * * * * * * * * * * * * * * * * * * * * * * * * * * * * * * * * //

dimensions      [0 1 -1 0 0 0 0];

internalField   nonuniform List<vector> 
1000
(
(18.0016 0 0)
(18.2981 0 0)
(18.6689 0 0)
(18.9739 0 0)
(19.2422 0 0)
(19.5089 0 0)
(19.7822 0 0)
(20.0584 0 0)
(20.3345 0 0)
(20.61 0 0)
(20.8853 0 0)
(21.1606 0 0)
(21.4359 0 0)
(21.7113 0 0)
(21.9867 0 0)
(22.2621 0 0)
(22.5375 0 0)
(22.8128 0 0)
(23.0882 0 0)
(23.3636 0 0)
(23.639 0 0)
(23.9144 0 0)
(24.1898 0 0)
(24.4652 0 0)
(24.7406 0 0)
(25.016 0 0)
(25.2913 0 0)
(25.5667 0 0)
(25.8421 0 0)
(26.1175 0 0)
(26.3928 0 0)
(26.6682 0 0)
(26.9435 0 0)
(27.2189 0 0)
(27.4942 0 0)
(27.7695 0 0)
(28.0447 0 0)
(28.32 0 0)
(28.5953 0 0)
(28.8705 0 0)
(29.1457 0 0)
(29.421 0 0)
(29.6962 0 0)
(29.9714 0 0)
(30.2466 0 0)
(30.5218 0 0)
(30.7969 0 0)
(31.0721 0 0)
(31.3472 0 0)
(31.6223 0 0)
(31.8973 0 0)
(32.1723 0 0)
(32.4473 0 0)
(32.7223 0 0)
(32.9972 0 0)
(33.2721 0 0)
(33.547 0 0)
(33.8218 0 0)
(34.0965 0 0)
(34.3713 0 0)
(34.6461 0 0)
(34.9208 0 0)
(35.1955 0 0)
(35.4701 0 0)
(35.7446 0 0)
(36.0191 0 0)
(36.2936 0 0)
(36.5681 0 0)
(36.8425 0 0)
(37.1168 0 0)
(37.3911 0 0)
(37.6653 0 0)
(37.9395 0 0)
(38.2137 0 0)
(38.4878 0 0)
(38.7618 0 0)
(39.0358 0 0)
(39.3097 0 0)
(39.5836 0 0)
(39.8574 0 0)
(40.1311 0 0)
(40.4048 0 0)
(40.6784 0 0)
(40.9519 0 0)
(41.2254 0 0)
(41.4988 0 0)
(41.7721 0 0)
(42.0453 0 0)
(42.3185 0 0)
(42.5916 0 0)
(42.8646 0 0)
(43.1375 0 0)
(43.4104 0 0)
(43.6831 0 0)
(43.9558 0 0)
(44.2284 0 0)
(44.5009 0 0)
(44.7733 0 0)
(45.0456 0 0)
(45.3177 0 0)
(45.5898 0 0)
(45.8618 0 0)
(46.1337 0 0)
(46.4055 0 0)
(46.6771 0 0)
(46.9487 0 0)
(47.2201 0 0)
(47.4914 0 0)
(47.7626 0 0)
(48.0337 0 0)
(48.3046 0 0)
(48.5754 0 0)
(48.8461 0 0)
(49.1167 0 0)
(49.3871 0 0)
(49.6573 0 0)
(49.9274 0 0)
(50.1974 0 0)
(50.4672 0 0)
(50.7369 0 0)
(51.0064 0 0)
(51.2757 0 0)
(51.5449 0 0)
(51.8139 0 0)
(52.0827 0 0)
(52.3514 0 0)
(52.6199 0 0)
(52.8882 0 0)
(53.1563 0 0)
(53.4242 0 0)
(53.6919 0 0)
(53.9594 0 0)
(54.2267 0 0)
(54.4938 0 0)
(54.7607 0 0)
(55.0274 0 0)
(55.2938 0 0)
(55.56 0 0)
(55.826 0 0)
(56.0918 0 0)
(56.3573 0 0)
(56.6225 0 0)
(56.8876 0 0)
(57.1523 0 0)
(57.4168 0 0)
(57.681 0 0)
(57.945 0 0)
(58.2087 0 0)
(58.4721 0 0)
(58.7352 0 0)
(58.998 0 0)
(59.2605 0 0)
(59.5227 0 0)
(59.7846 0 0)
(60.0462 0 0)
(60.3074 0 0)
(60.5683 0 0)
(60.8289 0 0)
(61.0892 0 0)
(61.3491 0 0)
(61.6086 0 0)
(61.8678 0 0)
(62.1266 0 0)
(62.385 0 0)
(62.643 0 0)
(62.9007 0 0)
(63.1579 0 0)
(63.4147 0 0)
(63.6711 0 0)
(63.9271 0 0)
(64.1826 0 0)
(64.4377 0 0)
(64.6923 0 0)
(64.9464 0 0)
(65.2001 0 0)
(65.4535 0 0)
(65.7066 0 0)
(65.959 0 0)
(66.2107 0 0)
(66.4617 0 0)
(66.712 0 0)
(66.9617 0 0)
(67.2109 0 0)
(67.4594 0 0)
(67.7073 0 0)
(67.9546 0 0)
(68.2014 0 0)
(68.4475 0 0)
(68.693 0 0)
(68.9378 0 0)
(69.182 0 0)
(69.4255 0 0)
(69.6684 0 0)
(69.9105 0 0)
(70.1519 0 0)
(70.3926 0 0)
(70.6325 0 0)
(70.8717 0 0)
(71.1101 0 0)
(71.3477 0 0)
(71.5845 0 0)
(71.8205 0 0)
(72.0556 0 0)
(72.2899 0 0)
(72.5234 0 0)
(72.7559 0 0)
(72.9876 0 0)
(73.2183 0 0)
(73.4481 0 0)
(73.677 0 0)
(73.9049 0 0)
(74.1319 0 0)
(74.3578 0 0)
(74.5828 0 0)
(74.8067 0 0)
(75.0296 0 0)
(75.2514 0 0)
(75.4721 0 0)
(75.6918 0 0)
(75.9104 0 0)
(76.1279 0 0)
(76.3442 0 0)
(76.5594 0 0)
(76.7734 0 0)
(76.9863 0 0)
(77.198 0 0)
(77.4085 0 0)
(77.6177 0 0)
(77.8258 0 0)
(78.0326 0 0)
(78.2381 0 0)
(78.4424 0 0)
(78.6454 0 0)
(78.8471 0 0)
(79.0476 0 0)
(79.2467 0 0)
(79.4445 0 0)
(79.641 0 0)
(79.8362 0 0)
(80.03 0 0)
(80.2225 0 0)
(80.4136 0 0)
(80.6034 0 0)
(80.7919 0 0)
(80.9789 0 0)
(81.1647 0 0)
(81.349 0 0)
(81.532 0 0)
(81.7137 0 0)
(81.894 0 0)
(82.0729 0 0)
(82.2505 0 0)
(82.4268 0 0)
(82.6017 0 0)
(82.7753 0 0)
(82.9476 0 0)
(83.1186 0 0)
(83.2883 0 0)
(83.4567 0 0)
(83.6238 0 0)
(83.7897 0 0)
(83.9544 0 0)
(84.1178 0 0)
(84.28 0 0)
(84.441 0 0)
(84.6009 0 0)
(84.7596 0 0)
(84.9172 0 0)
(85.0737 0 0)
(85.2291 0 0)
(85.3835 0 0)
(85.5368 0 0)
(85.6891 0 0)
(85.8404 0 0)
(85.9908 0 0)
(86.1403 0 0)
(86.2888 0 0)
(86.4365 0 0)
(86.5833 0 0)
(86.7293 0 0)
(86.8745 0 0)
(87.0189 0 0)
(87.1626 0 0)
(87.3056 0 0)
(87.4479 0 0)
(87.5895 0 0)
(87.7305 0 0)
(87.8709 0 0)
(88.0108 0 0)
(88.15 0 0)
(88.2888 0 0)
(88.427 0 0)
(88.5648 0 0)
(88.7022 0 0)
(88.8391 0 0)
(88.9756 0 0)
(89.1117 0 0)
(89.2474 0 0)
(89.3829 0 0)
(89.518 0 0)
(89.6527 0 0)
(89.7873 0 0)
(89.9215 0 0)
(90.0555 0 0)
(90.1893 0 0)
(90.3229 0 0)
(90.4563 0 0)
(90.5895 0 0)
(90.7225 0 0)
(90.8554 0 0)
(90.9881 0 0)
(91.1207 0 0)
(91.2532 0 0)
(91.3856 0 0)
(91.5179 0 0)
(91.6501 0 0)
(91.7822 0 0)
(91.9142 0 0)
(92.0462 0 0)
(92.1781 0 0)
(92.31 0 0)
(92.4419 0 0)
(92.5737 0 0)
(92.7055 0 0)
(92.8372 0 0)
(92.969 0 0)
(93.1007 0 0)
(93.2324 0 0)
(93.3641 0 0)
(93.4958 0 0)
(93.6276 0 0)
(93.7593 0 0)
(93.891 0 0)
(94.0227 0 0)
(94.1545 0 0)
(94.2863 0 0)
(94.4181 0 0)
(94.5499 0 0)
(94.6817 0 0)
(94.8135 0 0)
(94.9454 0 0)
(95.0773 0 0)
(95.2092 0 0)
(95.3412 0 0)
(95.4731 0 0)
(95.6051 0 0)
(95.7372 0 0)
(95.8692 0 0)
(96.0013 0 0)
(96.1335 0 0)
(96.2656 0 0)
(96.3978 0 0)
(96.5301 0 0)
(96.6623 0 0)
(96.7946 0 0)
(96.927 0 0)
(97.0593 0 0)
(97.1917 0 0)
(97.3242 0 0)
(97.4566 0 0)
(97.5891 0 0)
(97.7217 0 0)
(97.8543 0 0)
(97.9869 0 0)
(98.1195 0 0)
(98.2522 0 0)
(98.3849 0 0)
(98.5177 0 0)
(98.6505 0 0)
(98.7833 0 0)
(98.9162 0 0)
(99.0491 0 0)
(99.182 0 0)
(99.315 0 0)
(99.448 0 0)
(99.5811 0 0)
(99.7141 0 0)
(99.8473 0 0)
(99.9804 0 0)
(100.114 0 0)
(100.247 0 0)
(100.38 0 0)
(100.513 0 0)
(100.647 0 0)
(100.78 0 0)
(100.914 0 0)
(101.047 0 0)
(101.18 0 0)
(101.314 0 0)
(101.448 0 0)
(101.581 0 0)
(101.715 0 0)
(101.848 0 0)
(101.982 0 0)
(102.116 0 0)
(102.25 0 0)
(102.383 0 0)
(102.517 0 0)
(102.651 0 0)
(102.785 0 0)
(102.919 0 0)
(103.053 0 0)
(103.187 0 0)
(103.321 0 0)
(103.455 0 0)
(103.589 0 0)
(103.723 0 0)
(103.858 0 0)
(103.992 0 0)
(104.126 0 0)
(104.26 0 0)
(104.395 0 0)
(104.529 0 0)
(104.664 0 0)
(104.798 0 0)
(104.932 0 0)
(105.067 0 0)
(105.202 0 0)
(105.336 0 0)
(105.471 0 0)
(105.605 0 0)
(105.74 0 0)
(105.875 0 0)
(106.01 0 0)
(106.145 0 0)
(106.279 0 0)
(106.414 0 0)
(106.549 0 0)
(106.684 0 0)
(106.819 0 0)
(106.954 0 0)
(107.089 0 0)
(107.224 0 0)
(107.359 0 0)
(107.495 0 0)
(107.63 0 0)
(107.765 0 0)
(107.9 0 0)
(108.036 0 0)
(108.171 0 0)
(108.306 0 0)
(108.442 0 0)
(108.577 0 0)
(108.713 0 0)
(108.848 0 0)
(108.984 0 0)
(109.119 0 0)
(109.255 0 0)
(109.391 0 0)
(109.526 0 0)
(109.662 0 0)
(109.798 0 0)
(109.934 0 0)
(110.07 0 0)
(110.206 0 0)
(110.341 0 0)
(110.477 0 0)
(110.613 0 0)
(110.749 0 0)
(110.885 0 0)
(111.022 0 0)
(111.158 0 0)
(111.294 0 0)
(111.43 0 0)
(111.566 0 0)
(111.703 0 0)
(111.839 0 0)
(111.975 0 0)
(112.112 0 0)
(112.248 0 0)
(112.384 0 0)
(112.521 0 0)
(112.657 0 0)
(112.794 0 0)
(112.931 0 0)
(113.067 0 0)
(113.204 0 0)
(113.341 0 0)
(113.477 0 0)
(113.614 0 0)
(113.751 0 0)
(113.888 0 0)
(114.025 0 0)
(114.161 0 0)
(114.298 0 0)
(114.435 0 0)
(114.572 0 0)
(114.709 0 0)
(114.847 0 0)
(114.984 0 0)
(115.121 0 0)
(115.258 0 0)
(115.395 0 0)
(115.532 0 0)
(115.67 0 0)
(115.807 0 0)
(115.944 0 0)
(116.082 0 0)
(116.219 0 0)
(116.357 0 0)
(116.494 0 0)
(116.632 0 0)
(116.769 0 0)
(116.907 0 0)
(117.044 0 0)
(117.182 0 0)
(117.32 0 0)
(117.458 0 0)
(117.595 0 0)
(117.733 0 0)
(117.871 0 0)
(118.009 0 0)
(118.147 0 0)
(118.285 0 0)
(118.423 0 0)
(118.561 0 0)
(118.699 0 0)
(118.837 0 0)
(118.975 0 0)
(119.113 0 0)
(119.251 0 0)
(119.389 0 0)
(119.528 0 0)
(119.666 0 0)
(119.804 0 0)
(119.943 0 0)
(120.081 0 0)
(120.219 0 0)
(120.358 0 0)
(120.496 0 0)
(120.635 0 0)
(120.773 0 0)
(120.912 0 0)
(121.051 0 0)
(121.189 0 0)
(121.328 0 0)
(121.467 0 0)
(121.605 0 0)
(121.744 0 0)
(121.883 0 0)
(122.022 0 0)
(122.161 0 0)
(122.3 0 0)
(122.439 0 0)
(122.578 0 0)
(122.717 0 0)
(122.856 0 0)
(122.995 0 0)
(123.134 0 0)
(123.273 0 0)
(123.412 0 0)
(123.551 0 0)
(123.691 0 0)
(123.83 0 0)
(123.969 0 0)
(124.109 0 0)
(124.248 0 0)
(124.388 0 0)
(124.527 0 0)
(124.666 0 0)
(124.806 0 0)
(124.946 0 0)
(125.085 0 0)
(125.225 0 0)
(125.364 0 0)
(125.504 0 0)
(125.644 0 0)
(125.784 0 0)
(125.923 0 0)
(126.063 0 0)
(126.203 0 0)
(126.343 0 0)
(126.483 0 0)
(126.623 0 0)
(126.763 0 0)
(126.903 0 0)
(127.043 0 0)
(127.183 0 0)
(127.323 0 0)
(127.463 0 0)
(127.604 0 0)
(127.744 0 0)
(127.884 0 0)
(128.024 0 0)
(128.165 0 0)
(128.305 0 0)
(128.445 0 0)
(128.586 0 0)
(128.726 0 0)
(128.867 0 0)
(129.007 0 0)
(129.148 0 0)
(129.288 0 0)
(129.429 0 0)
(129.57 0 0)
(129.71 0 0)
(129.851 0 0)
(129.992 0 0)
(130.133 0 0)
(130.273 0 0)
(130.414 0 0)
(130.555 0 0)
(130.696 0 0)
(130.837 0 0)
(130.978 0 0)
(131.119 0 0)
(131.26 0 0)
(131.401 0 0)
(131.542 0 0)
(131.683 0 0)
(131.825 0 0)
(131.966 0 0)
(132.107 0 0)
(132.248 0 0)
(132.39 0 0)
(132.531 0 0)
(132.672 0 0)
(132.814 0 0)
(132.955 0 0)
(133.097 0 0)
(133.238 0 0)
(133.38 0 0)
(133.521 0 0)
(133.663 0 0)
(133.805 0 0)
(133.946 0 0)
(134.088 0 0)
(134.23 0 0)
(134.371 0 0)
(134.513 0 0)
(134.655 0 0)
(134.797 0 0)
(134.939 0 0)
(135.081 0 0)
(135.223 0 0)
(135.365 0 0)
(135.507 0 0)
(135.649 0 0)
(135.791 0 0)
(135.933 0 0)
(136.075 0 0)
(136.217 0 0)
(136.36 0 0)
(136.502 0 0)
(136.644 0 0)
(136.786 0 0)
(136.929 0 0)
(137.071 0 0)
(137.214 0 0)
(137.356 0 0)
(137.499 0 0)
(137.641 0 0)
(137.784 0 0)
(137.926 0 0)
(138.069 0 0)
(138.211 0 0)
(138.354 0 0)
(138.497 0 0)
(138.64 0 0)
(138.782 0 0)
(138.925 0 0)
(139.068 0 0)
(139.211 0 0)
(139.354 0 0)
(139.497 0 0)
(139.64 0 0)
(139.783 0 0)
(139.926 0 0)
(140.069 0 0)
(140.212 0 0)
(140.355 0 0)
(140.498 0 0)
(140.641 0 0)
(140.784 0 0)
(140.928 0 0)
(141.071 0 0)
(141.214 0 0)
(141.358 0 0)
(141.501 0 0)
(141.644 0 0)
(141.788 0 0)
(141.931 0 0)
(142.075 0 0)
(142.218 0 0)
(142.362 0 0)
(142.505 0 0)
(142.649 0 0)
(142.793 0 0)
(142.936 0 0)
(143.08 0 0)
(143.224 0 0)
(143.368 0 0)
(143.511 0 0)
(143.655 0 0)
(143.799 0 0)
(143.943 0 0)
(144.087 0 0)
(144.231 0 0)
(144.375 0 0)
(144.519 0 0)
(144.663 0 0)
(144.807 0 0)
(144.951 0 0)
(145.095 0 0)
(145.239 0 0)
(145.384 0 0)
(145.528 0 0)
(145.672 0 0)
(145.816 0 0)
(145.961 0 0)
(146.105 0 0)
(146.249 0 0)
(146.393 0 0)
(146.538 0 0)
(146.682 0 0)
(146.826 0 0)
(146.971 0 0)
(147.115 0 0)
(147.26 0 0)
(147.404 0 0)
(147.548 0 0)
(147.693 0 0)
(147.837 0 0)
(147.981 0 0)
(148.126 0 0)
(148.27 0 0)
(148.414 0 0)
(148.559 0 0)
(148.703 0 0)
(148.847 0 0)
(148.991 0 0)
(149.135 0 0)
(149.279 0 0)
(149.423 0 0)
(149.567 0 0)
(149.71 0 0)
(149.854 0 0)
(149.998 0 0)
(150.141 0 0)
(150.284 0 0)
(150.427 0 0)
(150.57 0 0)
(150.713 0 0)
(150.855 0 0)
(150.997 0 0)
(151.139 0 0)
(151.281 0 0)
(151.423 0 0)
(151.564 0 0)
(151.705 0 0)
(151.845 0 0)
(151.986 0 0)
(152.125 0 0)
(152.265 0 0)
(152.404 0 0)
(152.542 0 0)
(152.681 0 0)
(152.818 0 0)
(152.956 0 0)
(153.092 0 0)
(153.228 0 0)
(153.364 0 0)
(153.499 0 0)
(153.633 0 0)
(153.767 0 0)
(153.9 0 0)
(154.032 0 0)
(154.164 0 0)
(154.295 0 0)
(154.425 0 0)
(154.555 0 0)
(154.684 0 0)
(154.812 0 0)
(154.939 0 0)
(155.066 0 0)
(155.192 0 0)
(155.317 0 0)
(155.441 0 0)
(155.565 0 0)
(155.688 0 0)
(155.81 0 0)
(155.931 0 0)
(156.052 0 0)
(156.172 0 0)
(156.291 0 0)
(156.41 0 0)
(156.528 0 0)
(156.645 0 0)
(156.762 0 0)
(156.879 0 0)
(156.995 0 0)
(157.11 0 0)
(157.225 0 0)
(157.34 0 0)
(157.455 0 0)
(157.569 0 0)
(157.683 0 0)
(157.797 0 0)
(157.911 0 0)
(158.025 0 0)
(158.139 0 0)
(158.253 0 0)
(158.367 0 0)
(158.482 0 0)
(158.597 0 0)
(158.712 0 0)
(158.827 0 0)
(158.943 0 0)
(159.059 0 0)
(159.175 0 0)
(159.293 0 0)
(159.411 0 0)
(159.529 0 0)
(159.648 0 0)
(159.768 0 0)
(159.888 0 0)
(160.01 0 0)
(160.132 0 0)
(160.255 0 0)
(160.378 0 0)
(160.503 0 0)
(160.628 0 0)
(160.754 0 0)
(160.881 0 0)
(161.009 0 0)
(161.138 0 0)
(161.267 0 0)
(161.398 0 0)
(161.529 0 0)
(161.661 0 0)
(161.794 0 0)
(161.928 0 0)
(162.062 0 0)
(162.198 0 0)
(162.334 0 0)
(162.471 0 0)
(162.608 0 0)
(162.746 0 0)
(162.885 0 0)
(163.025 0 0)
(163.165 0 0)
(163.306 0 0)
(163.448 0 0)
(163.59 0 0)
(163.732 0 0)
(163.875 0 0)
(164.019 0 0)
(164.163 0 0)
(164.308 0 0)
(164.453 0 0)
(164.599 0 0)
(164.744 0 0)
(164.891 0 0)
(165.037 0 0)
(165.185 0 0)
(165.332 0 0)
(165.48 0 0)
(165.628 0 0)
(165.776 0 0)
(165.924 0 0)
(166.073 0 0)
(166.222 0 0)
(166.372 0 0)
(166.521 0 0)
(166.671 0 0)
(166.82 0 0)
(166.97 0 0)
(167.121 0 0)
(167.271 0 0)
(167.421 0 0)
(167.572 0 0)
(167.722 0 0)
(167.873 0 0)
(168.023 0 0)
(168.174 0 0)
(168.325 0 0)
(168.476 0 0)
(168.626 0 0)
(168.777 0 0)
(168.928 0 0)
(169.078 0 0)
(169.228 0 0)
(169.379 0 0)
(169.529 0 0)
(169.678 0 0)
(169.828 0 0)
(169.977 0 0)
(170.125 0 0)
(170.274 0 0)
(170.421 0 0)
(170.568 0 0)
(170.715 0 0)
(170.86 0 0)
(171.005 0 0)
(171.149 0 0)
(171.291 0 0)
(171.433 0 0)
(171.573 0 0)
(171.712 0 0)
(171.849 0 0)
(171.985 0 0)
(172.118 0 0)
(172.25 0 0)
(172.38 0 0)
(172.508 0 0)
(172.633 0 0)
(172.756 0 0)
(172.876 0 0)
(172.994 0 0)
(173.109 0 0)
(173.221 0 0)
(173.33 0 0)
(173.437 0 0)
(173.541 0 0)
(173.642 0 0)
(173.74 0 0)
(173.835 0 0)
(173.928 0 0)
(174.018 0 0)
(174.106 0 0)
(174.192 0 0)
(174.275 0 0)
(174.357 0 0)
(174.436 0 0)
(174.515 0 0)
(174.592 0 0)
(174.668 0 0)
(174.743 0 0)
(174.817 0 0)
(174.892 0 0)
(174.966 0 0)
(175.04 0 0)
(175.115 0 0)
(175.19 0 0)
(175.266 0 0)
(175.343 0 0)
(175.421 0 0)
(175.5 0 0)
(175.58 0 0)
(175.662 0 0)
(175.745 0 0)
(175.83 0 0)
(175.917 0 0)
(176.005 0 0)
(176.095 0 0)
(176.186 0 0)
(176.28 0 0)
(176.374 0 0)
(176.471 0 0)
(176.569 0 0)
(176.669 0 0)
(176.77 0 0)
(176.874 0 0)
(176.978 0 0)
(177.084 0 0)
(177.192 0 0)
(177.301 0 0)
(177.411 0 0)
(177.523 0 0)
(177.636 0 0)
(177.75 0 0)
(177.865 0 0)
(177.982 0 0)
(178.1 0 0)
(178.219 0 0)
(178.34 0 0)
(178.461 0 0)
(178.584 0 0)
(178.707 0 0)
(178.832 0 0)
(178.958 0 0)
(179.084 0 0)
(179.212 0 0)
(179.341 0 0)
(179.47 0 0)
(179.601 0 0)
(179.732 0 0)
(179.865 0 0)
(179.998 0 0)
(180.132 0 0)
(180.267 0 0)
(180.403 0 0)
(180.539 0 0)
(180.677 0 0)
(180.815 0 0)
(180.954 0 0)
(181.094 0 0)
(181.234 0 0)
(181.375 0 0)
(181.517 0 0)
(181.66 0 0)
(181.804 0 0)
(181.948 0 0)
(182.093 0 0)
(182.238 0 0)
(182.385 0 0)
(182.533 0 0)
(182.681 0 0)
(182.832 0 0)
(183.113 0 0)
)
;

boundaryField
{
    sides
    {
        type            zeroGradient;
    }
    empty
    {
        type            empty;
    }
}


// ************************************************************************* //
